-0.0187	-10.5459	-1.3963	0.0000	0.0000	0.0000	0.1597	-0.8985	-0.3605	-0.1930	0.0000	0.0000	0.0000	
-0.1004	-10.7106	-0.8210	-0.0081	-0.0163	0.0570	0.2804	-0.8986	-0.3397	-0.1316	0.0058	0.0408	0.0361	
-0.0291	-10.9572	-0.6855	0.0078	-0.0799	0.0882	0.2481	-0.8705	-0.4100	-0.1721	0.1026	-0.1063	-0.0030	
-0.0578	-11.0399	-0.4831	-0.0107	-0.1140	0.1758	0.3181	-0.8316	-0.4086	-0.2392	0.0570	-0.0830	0.1081	
-0.1351	-11.0746	-0.3797	-0.0640	-0.1304	0.2365	0.3240	-0.8071	-0.4303	-0.2580	0.0523	-0.0691	0.0743	
-0.1855	-11.2307	-0.2671	-0.1000	-0.2409	0.3111	0.4067	-0.7300	-0.4676	-0.2875	0.0872	-0.0626	0.1130	
-0.2016	-11.3223	-0.1685	-0.1128	-0.3064	0.3799	0.4213	-0.6982	-0.4961	-0.3088	0.0822	-0.0601	0.0953	
-0.2835	-11.4076	-0.0439	-0.1893	-0.3629	0.4735	0.4605	-0.6447	-0.5276	-0.3083	0.0915	-0.0503	0.0923	
-0.3064	-11.4401	-0.0554	-0.1895	-0.3537	0.4163	0.5003	-0.5885	-0.5626	-0.2961	0.1015	-0.0418	0.0893	
-0.3410	-11.5492	-0.0311	-0.2096	-0.4308	0.4012	0.5410	-0.5411	-0.5703	-0.3023	0.0968	-0.0356	0.0924	
-0.3959	-11.6242	0.0919	-0.2512	-0.4708	0.4900	0.5613	-0.4947	-0.5907	-0.3063	0.0949	-0.0338	0.0874	
-0.4467	-11.7084	0.1189	-0.2752	-0.5077	0.4711	0.5771	-0.4321	-0.6204	-0.3089	0.0984	-0.0359	0.0842	
-0.4547	-11.7315	0.1060	-0.2575	-0.4798	0.4226	0.5905	-0.3861	-0.6519	-0.2843	0.1024	-0.0320	0.0759	
-0.4652	-11.7939	0.1517	-0.2405	-0.4923	0.4310	0.5843	-0.3193	-0.6916	-0.2815	0.1069	-0.0373	0.0699	
-0.4819	-11.8582	0.2735	-0.2320	-0.5016	0.4998	0.5975	-0.2421	-0.7145	-0.2687	0.1117	-0.0370	0.0693	
-0.4497	-11.9366	0.3265	-0.1871	-0.5285	0.5081	0.5968	-0.1880	-0.7378	-0.2574	0.1121	-0.0372	0.0650	
-0.4508	-12.0750	0.2703	-0.1750	-0.6014	0.4309	0.5888	-0.1381	-0.7650	-0.2282	0.1142	-0.0364	0.0584	
-0.4902	-12.1293	0.2953	-0.1918	-0.5973	0.4251	0.5685	-0.0756	-0.7943	-0.2034	0.1174	-0.0387	0.0526	
-0.4868	-12.1853	0.3574	-0.1762	-0.5969	0.4429	0.5598	-0.0166	-0.8068	-0.1909	0.1173	-0.0391	0.0508	
-0.5817	-12.3282	0.4048	-0.2310	-0.6601	0.4484	0.5414	0.0475	-0.8217	-0.1725	0.1185	-0.0404	0.0480	
-0.7320	-12.3739	0.4521	-0.3170	-0.6453	0.4525	0.5214	0.1190	-0.8305	-0.1531	0.1204	-0.0416	0.0465	
-0.7818	-12.4525	0.4920	-0.3316	-0.6566	0.4520	0.5062	0.1749	-0.8365	-0.1214	0.1215	-0.0404	0.0435	
-0.8445	-12.5272	0.4968	-0.3518	-0.6652	0.4321	0.4778	0.2304	-0.8431	-0.0946	0.1223	-0.0413	0.0403	
-0.8509	-12.6377	0.5088	-0.3351	-0.6975	0.4199	0.4429	0.2816	-0.8489	-0.0766	0.1219	-0.0436	0.0375	
-0.9895	-12.7193	0.5233	-0.3979	-0.7073	0.4087	0.4056	0.3364	-0.8488	-0.0516	0.1225	-0.0453	0.0348	
-1.0187	-12.7999	0.5959	-0.3921	-0.7179	0.4334	0.3642	0.3870	-0.8471	-0.0404	0.1215	-0.0483	0.0332	
-1.0968	-12.9195	0.5417	-0.4153	-0.7492	0.3856	0.3209	0.4313	-0.8442	-0.0122	0.1216	-0.0499	0.0299	
-1.1353	-13.0779	0.5573	-0.4144	-0.8003	0.3798	0.2724	0.4720	-0.8397	0.0073	0.1208	-0.0526	0.0273	
-1.2448	-13.1444	0.5579	-0.4510	-0.7979	0.3663	0.2244	0.5129	-0.8291	0.0269	0.1203	-0.0548	0.0253	
-1.2885	-13.2040	0.5494	-0.4504	-0.7932	0.3509	0.1755	0.5524	-0.8151	0.0365	0.1191	-0.0574	0.0245	
-1.3139	-13.3097	0.5410	-0.4419	-0.8093	0.3341	0.1269	0.5918	-0.7948	0.0534	0.1187	-0.0592	0.0233	
-1.4195	-13.4808	0.5679	-0.4703	-0.8567	0.3340	0.0798	0.6262	-0.7736	0.0676	0.1177	-0.0610	0.0223	
-1.4656	-13.5798	0.5812	-0.4695	-0.8676	0.3309	0.0267	0.6585	-0.7492	0.0745	0.1165	-0.0635	0.0221	
-1.5445	-13.8153	0.6753	-0.4799	-0.9246	0.3506	0.0258	-0.6754	0.7345	-0.0870	0.1183	-0.0609	0.0254	
-1.6406	-13.9682	0.7263	-0.4980	-0.9450	0.3532	0.0735	-0.6979	0.7077	-0.0949	0.1194	-0.0592	0.0281	
-1.6951	-14.1712	0.7750	-0.4968	-0.9838	0.3543	0.1205	-0.7172	0.6815	-0.0973	0.1207	-0.0578	0.0310	
-1.7141	-14.3037	0.7699	-0.4825	-0.9938	0.3358	0.1628	-0.7414	0.6452	-0.0954	0.1216	-0.0568	0.0330	
-1.7725	-14.4180	0.7948	-0.4842	-0.9959	0.3296	0.2097	-0.7601	0.6095	-0.0935	0.1221	-0.0561	0.0358	
-1.8255	-14.5272	0.7741	-0.4838	-0.9967	0.3067	0.2543	-0.7766	0.5711	-0.0904	0.1225	-0.0560	0.0384	
-1.8916	-14.6540	0.7948	-0.4883	-1.0044	0.3008	0.2992	-0.7900	0.5303	-0.0845	0.1228	-0.0560	0.0410	
-1.9355	-14.7782	0.8025	-0.4843	-1.0110	0.2904	0.3465	-0.7990	0.4876	-0.0751	0.1229	-0.0560	0.0438	
-1.9752	-14.8407	0.7894	-0.4792	-0.9951	0.2737	0.3950	-0.8035	0.4430	-0.0606	0.1230	-0.0559	0.0468	
-2.0008	-14.9377	0.7541	-0.4691	-0.9929	0.2500	0.4415	-0.8042	0.3975	-0.0460	0.1229	-0.0561	0.0495	
-2.0053	-14.9897	0.7295	-0.4526	-0.9761	0.2310	0.4919	-0.7970	0.3520	-0.0322	0.1224	-0.0569	0.0525	
-1.9925	-15.0281	0.7334	-0.4306	-0.9556	0.2234	0.5404	-0.7849	0.3061	-0.0105	0.1219	-0.0570	0.0557	
-2.0179	-15.0935	0.7326	-0.4231	-0.9460	0.2142	0.5840	-0.7714	0.2561	0.0066	0.1212	-0.0576	0.0578	
-2.0049	-15.1207	0.6813	-0.4035	-0.9246	0.1899	0.6276	-0.7509	0.2066	0.0319	0.1206	-0.0577	0.0605	
-2.0292	-15.1576	0.6488	-0.3974	-0.9086	0.1714	0.6690	-0.7266	0.1565	0.0460	0.1192	-0.0588	0.0622	
-2.0812	-15.1822	0.6253	-0.3993	-0.8893	0.1574	0.7051	-0.6987	0.1083	0.0687	0.1180	-0.0590	0.0640	
-2.0913	-15.2153	0.6306	-0.3885	-0.8734	0.1537	0.7397	-0.6641	0.0603	0.0976	0.1169	-0.0590	0.0665	
-2.1315	-15.2372	0.5976	-0.3867	-0.8557	0.1382	0.7683	-0.6295	0.0151	0.1233	0.1154	-0.0587	0.0681	
-2.1516	-15.2610	0.6017	-0.3789	-0.8392	0.1351	0.7909	-0.5928	-0.0295	0.1545	0.1141	-0.0579	0.0698	
-2.1950	-15.2792	0.6243	-0.3777	-0.8225	0.1370	0.8082	-0.5577	-0.0696	0.1829	0.1121	-0.0568	0.0707	
-2.2551	-15.3213	0.6172	-0.3814	-0.8131	0.1306	0.8208	-0.5222	-0.1088	0.2105	0.1102	-0.0556	0.0715	
-2.3262	-15.3618	0.6348	-0.3881	-0.8035	0.1317	0.8277	-0.4866	-0.1483	0.2414	0.1087	-0.0541	0.0723	
-2.3841	-15.4033	0.6653	-0.3912	-0.7947	0.1366	0.8330	-0.4466	-0.1862	0.2718	0.1072	-0.0527	0.0734	
-2.4492	-15.4765	0.6723	-0.3966	-0.7943	0.1345	0.8320	-0.4134	-0.2266	0.2962	0.1059	-0.0513	0.0734	
-2.5065	-15.5392	0.6639	-0.3991	-0.7919	0.1287	0.8295	-0.3808	-0.2590	0.3210	0.1039	-0.0495	0.0735	
-2.5484	-15.5740	0.6612	-0.3987	-0.7820	0.1244	0.8241	-0.3460	-0.2955	0.3408	0.1025	-0.0483	0.0733	
-2.5721	-15.6275	0.6736	-0.3933	-0.7775	0.1243	0.8164	-0.3148	-0.3276	0.3606	0.1008	-0.0467	0.0729	
-2.6041	-15.6849	0.6748	-0.3906	-0.7742	0.1212	0.8083	-0.2835	-0.3575	0.3764	0.0990	-0.0453	0.0724	
-2.6495	-15.7500	0.6915	-0.3910	-0.7728	0.1224	0.7978	-0.2513	-0.3850	0.3939	0.0973	-0.0436	0.0721	
-2.7023	-15.8207	0.6976	-0.3937	-0.7723	0.1206	0.7828	-0.2216	-0.4168	0.4084	0.0961	-0.0424	0.0714	
-2.7721	-15.8854	0.7136	-0.4002	-0.7705	0.1212	0.7666	-0.1949	-0.4458	0.4224	0.0949	-0.0411	0.0704	
-2.7854	-15.9697	0.7246	-0.3939	-0.7736	0.1202	0.7539	-0.1715	-0.4726	0.4276	0.0931	-0.0403	0.0690	
-2.8469	-16.0574	0.7458	-0.3988	-0.7767	0.1217	0.7333	-0.1433	-0.5034	0.4364	0.0923	-0.0396	0.0680	
-2.8887	-16.1085	0.7565	-0.3992	-0.7715	0.1205	0.7133	-0.1193	-0.5325	0.4429	0.0913	-0.0391	0.0667	
-2.9197	-16.1828	0.7699	-0.3974	-0.7715	0.1198	0.6909	-0.0944	-0.5634	0.4458	0.0906	-0.0391	0.0653	
-2.9998	-16.2687	0.7744	-0.4061	-0.7742	0.1171	0.6683	-0.0735	-0.5913	0.4487	0.0895	-0.0388	0.0638	
-3.0383	-16.3241	0.8092	-0.4059	-0.7703	0.1209	0.6460	-0.0509	-0.6185	0.4475	0.0884	-0.0391	0.0625	
-3.0659	-16.4131	0.8248	-0.4036	-0.7735	0.1203	0.6222	-0.0261	-0.6469	0.4427	0.0875	-0.0397	0.0613	
-3.1299	-16.4823	0.8318	-0.4089	-0.7721	0.1176	0.5923	-0.0032	-0.6785	0.4366	0.0869	-0.0409	0.0600	
-3.1728	-16.5548	0.8368	-0.4095	-0.7718	0.1147	0.5654	0.0165	-0.7054	0.4301	0.0858	-0.0418	0.0587	
-3.2280	-16.6303	0.8462	-0.4126	-0.7722	0.1129	0.5387	0.0373	-0.7308	0.4205	0.0846	-0.0428	0.0576	
-3.3051	-16.7244	0.8500	-0.4200	-0.7760	0.1095	0.5071	0.0571	-0.7588	0.4073	0.0835	-0.0444	0.0567	
-3.3721	-16.8324	0.8591	-0.4249	-0.7828	0.1072	0.4754	0.0717	-0.7865	0.3912	0.0821	-0.0463	0.0555	
-3.4501	-16.9439	0.8364	-0.4317	-0.7898	0.0990	0.4410	0.0899	-0.8114	0.3757	0.0810	-0.0478	0.0547	
-3.5297	-17.0350	0.8226	-0.4386	-0.7925	0.0925	0.4037	0.1103	-0.8375	0.3536	0.0798	-0.0499	0.0544	
-3.6089	-17.1272	0.7872	-0.4451	-0.7955	0.0824	0.3681	0.1294	-0.8597	0.3323	0.0785	-0.0515	0.0541	
-3.6962	-17.2072	0.7536	-0.4529	-0.7958	0.0729	0.3283	0.1532	-0.8809	0.3061	0.0774	-0.0534	0.0544	
-3.7718	-17.3205	0.7085	-0.4580	-0.8025	0.0617	0.2906	0.1762	-0.8991	0.2780	0.0759	-0.0550	0.0549	
-3.8418	-17.4093	0.6757	-0.4621	-0.8041	0.0530	0.2438	0.2053	-0.9157	0.2449	0.0751	-0.0571	0.0559	
-3.9299	-17.5162	0.6097	-0.4690	-0.8091	0.0386	0.1996	0.2289	-0.9295	0.2110	0.0740	-0.0588	0.0568	
-4.0018	-17.6136	0.5503	-0.4727	-0.8122	0.0258	0.1528	0.2566	-0.9389	0.1714	0.0729	-0.0607	0.0583	
-4.0851	-17.6842	0.4722	-0.4784	-0.8104	0.0103	0.1064	0.2854	-0.9434	0.1312	0.0720	-0.0621	0.0599	
-4.1598	-17.7885	0.4181	-0.4821	-0.8144	-0.0004	0.0578	0.3180	-0.9420	0.0868	0.0712	-0.0634	0.0621	
-4.2053	-17.9484	0.3557	-0.4823	-0.8274	-0.0103	0.0204	0.3433	-0.9384	0.0445	0.0737	-0.0614	0.0607	
-4.2520	-18.0284	0.2835	-0.4810	-0.8269	-0.0232	0.0239	-0.3767	0.9257	0.0010	0.0731	-0.0621	0.0631	
-4.2827	-18.0857	0.1992	-0.4771	-0.8226	-0.0377	0.0656	-0.4090	0.9088	0.0454	0.0726	-0.0624	0.0653	
-4.3155	-18.1475	0.1053	-0.4734	-0.8191	-0.0535	0.1107	-0.4425	0.8841	0.0965	0.0722	-0.0629	0.0682	
-4.3716	-18.2072	0.0378	-0.4736	-0.8153	-0.0642	0.1511	-0.4748	0.8540	0.1469	0.0719	-0.0629	0.0712	
-4.4127	-18.2386	-0.0213	-0.4714	-0.8071	-0.0731	0.1855	-0.5037	0.8208	0.1939	0.0715	-0.0623	0.0738	
-4.4400	-18.2716	-0.1015	-0.4670	-0.7992	-0.0851	0.2207	-0.5338	0.7790	0.2416	0.0716	-0.0616	0.0766	
-4.4729	-18.2952	-0.1653	-0.4634	-0.7900	-0.0940	0.2519	-0.5638	0.7296	0.2916	0.0719	-0.0605	0.0798	
-4.4976	-18.3118	-0.2011	-0.4587	-0.7799	-0.0981	0.2803	-0.5914	0.6745	0.3398	0.0723	-0.0592	0.0830	
-4.5318	-18.3130	-0.2489	-0.4557	-0.7677	-0.1041	0.3058	-0.6112	0.6193	0.3853	0.0725	-0.0579	0.0856	
-4.5710	-18.3103	-0.2858	-0.4534	-0.7552	-0.1081	0.3278	-0.6304	0.5552	0.4308	0.0731	-0.0563	0.0887	
-4.6095	-18.3098	-0.3054	-0.4512	-0.7434	-0.1092	0.3471	-0.6469	0.4876	0.4711	0.0739	-0.0545	0.0913	
-4.6503	-18.3203	-0.3190	-0.4495	-0.7335	-0.1094	0.3632	-0.6594	0.4162	0.5086	0.0748	-0.0526	0.0939	
-4.6985	-18.3240	-0.3381	-0.4488	-0.7228	-0.1102	0.3734	-0.6676	0.3430	0.5441	0.0757	-0.0503	0.0963	
-4.7718	-18.3268	-0.3391	-0.4519	-0.7122	-0.1084	0.3803	-0.6706	0.2686	0.5766	0.0765	-0.0480	0.0987	
-4.8105	-18.3313	-0.3496	-0.4499	-0.7022	-0.1079	0.3841	-0.6708	0.1919	0.6039	0.0777	-0.0456	0.1006	
-4.8738	-18.3330	-0.3568	-0.4515	-0.6919	-0.1069	0.3822	-0.6688	0.1151	0.6265	0.0791	-0.0429	0.1022	
-4.9344	-18.3639	-0.3441	-0.4528	-0.6862	-0.1030	0.3778	-0.6632	0.0422	0.6445	0.0802	-0.0402	0.1034	
-4.9846	-18.3774	-0.3455	-0.4526	-0.6781	-0.1012	0.3711	-0.6525	-0.0285	0.6601	0.0812	-0.0375	0.1044	
-5.0354	-18.3913	-0.3209	-0.4527	-0.6704	-0.0958	0.3634	-0.6410	-0.0961	0.6695	0.0821	-0.0352	0.1049	
-5.0944	-18.4186	-0.3052	-0.4539	-0.6647	-0.0918	0.3524	-0.6254	-0.1683	0.6754	0.0835	-0.0328	0.1054	
-5.1622	-18.4436	-0.2847	-0.4565	-0.6589	-0.0872	0.3419	-0.6098	-0.2346	0.6758	0.0845	-0.0309	0.1054	
-5.2107	-18.4782	-0.2570	-0.4565	-0.6546	-0.0817	0.3290	-0.5906	-0.3021	0.6721	0.0858	-0.0291	0.1054	
-5.2760	-18.5012	-0.2385	-0.4588	-0.6488	-0.0777	0.3138	-0.5707	-0.3662	0.6650	0.0871	-0.0275	0.1050	
-5.3303	-18.5204	-0.2129	-0.4596	-0.6427	-0.0728	0.2973	-0.5466	-0.4307	0.6539	0.0886	-0.0261	0.1047	
-5.3912	-18.5571	-0.1811	-0.4613	-0.6391	-0.0671	0.2801	-0.5230	-0.4908	0.6385	0.0898	-0.0249	0.1040	
-5.4411	-18.5847	-0.1482	-0.4616	-0.6344	-0.0616	0.2634	-0.5003	-0.5436	0.6215	0.0907	-0.0240	0.1030	
-5.5021	-18.6171	-0.1154	-0.4634	-0.6305	-0.0561	0.2455	-0.4770	-0.5920	0.6030	0.0914	-0.0231	0.1018	
-5.5587	-18.6629	-0.0919	-0.4647	-0.6285	-0.0521	0.2280	-0.4516	-0.6426	0.5764	0.0923	-0.0230	0.1008	
-5.6106	-18.7068	-0.0586	-0.4652	-0.6263	-0.0469	0.2090	-0.4233	-0.6895	0.5504	0.0932	-0.0225	0.0998	
-5.6759	-18.7351	-0.0334	-0.4676	-0.6222	-0.0429	0.1876	-0.3943	-0.7348	0.5201	0.0942	-0.0224	0.0988	
-5.7397	-18.7843	-0.0089	-0.4698	-0.6208	-0.0391	0.1683	-0.3658	-0.7762	0.4864	0.0949	-0.0227	0.0977	
-5.8027	-18.8254	0.0214	-0.4718	-0.6185	-0.0347	0.1491	-0.3352	-0.8141	0.4516	0.0955	-0.0228	0.0968	
-5.8607	-18.8619	0.0399	-0.4733	-0.6157	-0.0319	0.1265	-0.3026	-0.8508	0.4115	0.0965	-0.0234	0.0958	
-5.9230	-18.9053	0.0688	-0.4752	-0.6137	-0.0279	0.1059	-0.2679	-0.8829	0.3720	0.0971	-0.0236	0.0951	
-5.9956	-18.9479	0.0806	-0.4783	-0.6118	-0.0261	0.0832	-0.2385	-0.9101	0.3312	0.0978	-0.0243	0.0938	
-6.0524	-18.9914	0.0908	-0.4796	-0.6100	-0.0245	0.0602	-0.2033	-0.9354	0.2841	0.0986	-0.0252	0.0930	
-6.1133	-19.0311	0.1056	-0.4812	-0.6078	-0.0224	0.0383	-0.1700	-0.9559	0.2391	0.0991	-0.0260	0.0921	
-6.1671	-19.0582	0.1185	-0.4821	-0.6041	-0.0207	0.0161	-0.1324	-0.9730	0.1898	0.0997	-0.0268	0.0915	
-6.2601	-19.1111	0.1335	-0.4873	-0.6029	-0.0187	-0.0071	-0.0978	-0.9855	0.1431	0.0996	-0.0243	0.0929	
-6.3255	-19.1542	0.1602	-0.4894	-0.6012	-0.0153	0.0272	0.0630	0.9937	-0.0965	0.0999	-0.0249	0.0919	
-6.3961	-19.2085	0.1776	-0.4921	-0.6007	-0.0132	0.0459	0.0269	0.9980	-0.0471	0.1002	-0.0256	0.0913	
-6.4627	-19.2676	0.2019	-0.4942	-0.6009	-0.0103	0.0652	-0.0070	0.9985	0.0026	0.1004	-0.0265	0.0906	
-6.5371	-19.3102	0.2114	-0.4973	-0.5992	-0.0092	0.0851	-0.0440	0.9943	0.0545	0.1009	-0.0274	0.0900	
-6.6028	-19.3485	0.2344	-0.4994	-0.5971	-0.0065	0.1040	-0.0750	0.9873	0.1032	0.1009	-0.0286	0.0892	
-6.6725	-19.3971	0.2463	-0.5018	-0.5962	-0.0053	0.1223	-0.1086	0.9747	0.1555	0.1010	-0.0299	0.0888	
-6.7444	-19.4479	0.2572	-0.5044	-0.5954	-0.0041	0.1401	-0.1401	0.9605	0.2002	0.1011	-0.0308	0.0878	
-6.8162	-19.5055	0.2705	-0.5070	-0.5955	-0.0027	0.1561	-0.1696	0.9413	0.2497	0.1008	-0.0320	0.0875	
-6.8898	-19.5715	0.2809	-0.5097	-0.5964	-0.0017	0.1708	-0.1995	0.9192	0.2963	0.1005	-0.0329	0.0870	
-6.9651	-19.6281	0.3098	-0.5124	-0.5963	0.0013	0.1828	-0.2271	0.8937	0.3434	0.1000	-0.0339	0.0870	
-7.0337	-19.6852	0.3165	-0.5144	-0.5963	0.0018	0.1931	-0.2536	0.8640	0.3915	0.0993	-0.0349	0.0872	
-7.1132	-19.7449	0.3375	-0.5174	-0.5965	0.0039	0.2012	-0.2772	0.8336	0.4355	0.0984	-0.0356	0.0874	
-7.2006	-19.8105	0.3561	-0.5213	-0.5973	0.0056	0.2070	-0.3000	0.7997	0.4790	0.0973	-0.0362	0.0878	
-7.2733	-19.8770	0.3787	-0.5234	-0.5982	0.0078	0.2098	-0.3230	0.7621	0.5218	0.0963	-0.0363	0.0884	
-7.3527	-19.9513	0.3944	-0.5261	-0.5998	0.0092	0.2101	-0.3431	0.7263	0.5593	0.0950	-0.0362	0.0888	
-7.4237	-20.0386	0.4109	-0.5279	-0.6027	0.0107	0.2072	-0.3635	0.6846	0.5980	0.0939	-0.0356	0.0896	
-7.5039	-20.1227	0.4335	-0.5306	-0.6052	0.0128	0.2050	-0.3779	0.6480	0.6310	0.0921	-0.0352	0.0900	
-7.5737	-20.2119	0.4466	-0.5321	-0.6081	0.0138	0.1976	-0.3934	0.6044	0.6653	0.0907	-0.0342	0.0909	
-7.6368	-20.3193	0.4633	-0.5329	-0.6128	0.0154	0.1890	-0.4070	0.5674	0.6927	0.0890	-0.0328	0.0912	
-7.6873	-20.4293	0.4751	-0.5323	-0.6176	0.0164	0.1782	-0.4212	0.5261	0.7186	0.0877	-0.0311	0.0915	
-7.7344	-20.5324	0.4979	-0.5315	-0.6217	0.0186	0.1690	-0.4342	0.4828	0.7430	0.0865	-0.0298	0.0918	
-7.7850	-20.6450	0.5235	-0.5310	-0.6266	0.0211	0.1575	-0.4467	0.4434	0.7629	0.0852	-0.0280	0.0916	
-7.8204	-20.7505	0.5299	-0.5290	-0.6307	0.0216	0.1443	-0.4588	0.4055	0.7793	0.0840	-0.0260	0.0912	
-7.8614	-20.8635	0.5439	-0.5276	-0.6355	0.0229	0.1315	-0.4703	0.3657	0.7941	0.0830	-0.0242	0.0907	
-7.8923	-20.9554	0.5544	-0.5253	-0.6381	0.0239	0.1188	-0.4833	0.3303	0.8042	0.0821	-0.0224	0.0895	
-7.9287	-21.0657	0.5744	-0.5235	-0.6425	0.0259	0.1048	-0.4950	0.2984	0.8117	0.0811	-0.0205	0.0882	
-7.9570	-21.1747	0.5873	-0.5210	-0.6467	0.0271	0.0920	-0.5091	0.2664	0.8156	0.0804	-0.0189	0.0864	
-7.9714	-21.2742	0.5992	-0.5172	-0.6500	0.0283	0.0808	-0.5248	0.2344	0.8166	0.0801	-0.0178	0.0843	
-7.9846	-21.3710	0.6250	-0.5134	-0.6530	0.0308	0.0728	-0.5405	0.2044	0.8154	0.0796	-0.0173	0.0821	
-7.9942	-21.4642	0.6529	-0.5094	-0.6557	0.0335	0.0677	-0.5570	0.1763	0.8114	0.0790	-0.0173	0.0797	
-8.0048	-21.5461	0.6668	-0.5056	-0.6574	0.0348	0.0625	-0.5771	0.1480	0.8033	0.0789	-0.0176	0.0769	
-8.0112	-21.6370	0.6953	-0.5014	-0.6599	0.0374	0.0592	-0.5952	0.1191	0.7949	0.0785	-0.0182	0.0744	
-8.0206	-21.7206	0.7227	-0.4976	-0.6617	0.0399	0.0607	-0.6172	0.0928	0.7817	0.0782	-0.0197	0.0716	
-8.0421	-21.8084	0.7531	-0.4950	-0.6639	0.0425	0.0611	-0.6374	0.0656	0.7678	0.0778	-0.0211	0.0691	
-8.0663	-21.8903	0.7771	-0.4927	-0.6657	0.0445	0.0684	-0.6598	0.0352	0.7499	0.0774	-0.0234	0.0667	
-8.0843	-21.9728	0.8036	-0.4898	-0.6674	0.0467	0.0758	-0.6817	0.0057	0.7301	0.0769	-0.0259	0.0645	
-8.1159	-22.0576	0.8315	-0.4883	-0.6694	0.0489	0.0841	-0.7024	-0.0291	0.7080	0.0766	-0.0285	0.0627	
-8.1392	-22.1345	0.8574	-0.4860	-0.6706	0.0510	0.0917	-0.7215	-0.0625	0.6853	0.0762	-0.0308	0.0610	
-8.1702	-22.2155	0.8845	-0.4844	-0.6722	0.0530	0.1033	-0.7398	-0.0978	0.6593	0.0757	-0.0336	0.0596	
-8.2044	-22.3018	0.9178	-0.4831	-0.6743	0.0555	0.1172	-0.7567	-0.1388	0.6293	0.0753	-0.0368	0.0588	
-8.2371	-22.3763	0.9509	-0.4817	-0.6752	0.0580	0.1297	-0.7719	-0.1709	0.6005	0.0743	-0.0394	0.0576	
-8.2824	-22.4515	0.9636	-0.4815	-0.6762	0.0586	0.1454	-0.7830	-0.2089	0.5690	0.0735	-0.0421	0.0570	
-8.3215	-22.5290	0.9921	-0.4806	-0.6774	0.0605	0.1661	-0.7904	-0.2465	0.5372	0.0721	-0.0449	0.0570	
-8.3566	-22.6031	1.0124	-0.4794	-0.6783	0.0617	0.1834	-0.7951	-0.2839	0.5049	0.0709	-0.0473	0.0569	
-8.3943	-22.6909	1.0335	-0.4784	-0.6803	0.0629	0.2040	-0.7966	-0.3259	0.4674	0.0698	-0.0500	0.0574	
-8.4433	-22.7722	1.0450	-0.4785	-0.6818	0.0633	0.2239	-0.7952	-0.3679	0.4275	0.0689	-0.0526	0.0578	
-8.4811	-22.8514	1.0618	-0.4776	-0.6831	0.0641	0.2453	-0.7899	-0.4100	0.3852	0.0678	-0.0553	0.0586	
-8.5247	-22.9281	1.0783	-0.4771	-0.6841	0.0648	0.2688	-0.7797	-0.4494	0.3443	0.0664	-0.0576	0.0597	
-8.5619	-23.0084	1.0958	-0.4760	-0.6853	0.0656	0.2906	-0.7641	-0.4898	0.3035	0.0652	-0.0594	0.0610	
-8.6114	-23.0834	1.1063	-0.4761	-0.6861	0.0658	0.3122	-0.7456	-0.5289	0.2590	0.0640	-0.0615	0.0623	
-8.6518	-23.1625	1.1076	-0.4754	-0.6872	0.0652	0.3327	-0.7244	-0.5641	0.2164	0.0627	-0.0630	0.0636	
-8.6830	-23.2411	1.1218	-0.4739	-0.6883	0.0657	0.3529	-0.6962	-0.6001	0.1751	0.0615	-0.0641	0.0653	
-8.7206	-23.3106	1.1249	-0.4729	-0.6885	0.0653	0.3705	-0.6662	-0.6337	0.1315	0.0606	-0.0653	0.0667	
-8.7498	-23.3724	1.1368	-0.4713	-0.6881	0.0657	0.3871	-0.6319	-0.6655	0.0892	0.0596	-0.0662	0.0683	
-8.7757	-23.4347	1.1491	-0.4694	-0.6877	0.0660	0.4045	-0.5960	-0.6922	0.0484	0.0585	-0.0668	0.0700	
-8.8054	-23.5006	1.1650	-0.4678	-0.6875	0.0667	0.4208	-0.5598	-0.7143	0.0139	0.0572	-0.0667	0.0715	
-8.8389	-23.5658	1.1808	-0.4666	-0.6873	0.0673	0.4329	-0.5200	-0.7363	-0.0227	0.0563	-0.0667	0.0729	
-8.8734	-23.6302	1.1981	-0.4655	-0.6871	0.0681	0.4428	-0.4764	-0.7576	-0.0567	0.0557	-0.0663	0.0743	
-8.9008	-23.6936	1.2232	-0.4638	-0.6867	0.0695	0.4545	-0.4283	-0.7755	-0.0924	0.0550	-0.0660	0.0762	
-8.9331	-23.7666	1.2470	-0.4625	-0.6871	0.0708	0.4650	-0.3832	-0.7893	-0.1213	0.0543	-0.0650	0.0777	
-8.9704	-23.8319	1.2736	-0.4616	-0.6868	0.0724	0.4748	-0.3349	-0.8009	-0.1476	0.0537	-0.0637	0.0793	
-8.9992	-23.8937	1.2951	-0.4601	-0.6862	0.0734	0.4837	-0.2845	-0.8089	-0.1770	0.0531	-0.0627	0.0809	
-9.0336	-23.9629	1.3214	-0.4590	-0.6863	0.0749	0.4910	-0.2334	-0.8158	-0.1995	0.0528	-0.0610	0.0824	
-9.0692	-24.0336	1.3517	-0.4580	-0.6864	0.0767	0.4965	-0.1806	-0.8201	-0.2213	0.0527	-0.0593	0.0839	
-9.0965	-24.1155	1.3770	-0.4564	-0.6873	0.0781	0.5015	-0.1367	-0.8218	-0.2377	0.0524	-0.0572	0.0846	
-9.1277	-24.2045	1.4021	-0.4552	-0.6888	0.0795	0.5061	-0.0908	-0.8206	-0.2532	0.0521	-0.0551	0.0855	
-9.1661	-24.2865	1.4427	-0.4545	-0.6897	0.0821	0.5089	-0.0454	-0.8190	-0.2647	0.0522	-0.0528	0.0861	
-9.1991	-24.3666	1.4699	-0.4534	-0.6905	0.0836	0.5124	0.0046	-0.8147	-0.2743	0.0526	-0.0502	0.0869	
-9.2319	-24.4451	1.4966	-0.4523	-0.6911	0.0850	0.5164	0.0551	-0.8079	-0.2815	0.0531	-0.0473	0.0877	
-9.2583	-24.5259	1.5249	-0.4507	-0.6919	0.0866	0.5167	0.1016	-0.8013	-0.2873	0.0536	-0.0449	0.0879	
-9.2895	-24.6020	1.5591	-0.4496	-0.6923	0.0887	0.5207	0.1462	-0.7908	-0.2906	0.0540	-0.0420	0.0882	
-9.3250	-24.6785	1.5952	-0.4488	-0.6928	0.0908	0.5183	0.1895	-0.7818	-0.2936	0.0545	-0.0397	0.0880	
-9.3558	-24.7652	1.6340	-0.4476	-0.6940	0.0932	0.5154	0.2330	-0.7710	-0.2958	0.0551	-0.0375	0.0878	
-9.3793	-24.8401	1.6653	-0.4460	-0.6944	0.0950	0.5078	0.2754	-0.7617	-0.2965	0.0560	-0.0358	0.0871	
-9.3985	-24.9236	1.7002	-0.4440	-0.6954	0.0970	0.5011	0.3148	-0.7518	-0.2948	0.0568	-0.0339	0.0862	
-9.4287	-25.0044	1.7372	-0.4429	-0.6962	0.0992	0.4903	0.3506	-0.7446	-0.2914	0.0576	-0.0327	0.0847	
-9.4627	-25.0795	1.7710	-0.4421	-0.6965	0.1011	0.4812	0.3866	-0.7342	-0.2869	0.0583	-0.0312	0.0835	
-9.4893	-25.1623	1.7997	-0.4408	-0.6974	0.1026	0.4722	0.4192	-0.7250	-0.2804	0.0591	-0.0297	0.0819	
-9.5149	-25.2410	1.8300	-0.4394	-0.6981	0.1042	0.4603	0.4507	-0.7156	-0.2750	0.0596	-0.0287	0.0804	
-9.5519	-25.3205	1.8617	-0.4389	-0.6988	0.1058	0.4419	0.4855	-0.7067	-0.2675	0.0606	-0.0284	0.0786	
-9.5905	-25.4012	1.8940	-0.4385	-0.6996	0.1075	0.4233	0.5178	-0.6977	-0.2608	0.0614	-0.0282	0.0770	
-9.6354	-25.4759	1.9373	-0.4386	-0.7000	0.1100	0.4017	0.5493	-0.6890	-0.2535	0.0620	-0.0284	0.0752	
-9.6721	-25.5542	1.9742	-0.4381	-0.7006	0.1120	0.3804	0.5771	-0.6817	-0.2449	0.0625	-0.0286	0.0733	
-9.7101	-25.6315	2.0051	-0.4377	-0.7012	0.1135	0.3582	0.6015	-0.6765	-0.2348	0.0629	-0.0291	0.0712	
-9.7492	-25.7103	2.0345	-0.4373	-0.7019	0.1149	0.3320	0.6275	-0.6687	-0.2260	0.0633	-0.0298	0.0694	
-9.7841	-25.7939	2.0621	-0.4367	-0.7030	0.1161	0.3013	0.6513	-0.6633	-0.2177	0.0634	-0.0312	0.0675	
-9.8259	-25.8684	2.0887	-0.4365	-0.7033	0.1172	0.2721	0.6716	-0.6577	-0.2119	0.0631	-0.0324	0.0658	
-9.8631	-25.9448	2.1180	-0.4361	-0.7038	0.1185	0.2451	0.6872	-0.6551	-0.2043	0.0626	-0.0335	0.0639	
-9.9074	-26.0271	2.1479	-0.4361	-0.7048	0.1198	0.2114	0.7048	-0.6499	-0.1962	0.0623	-0.0351	0.0622	
-9.9543	-26.1068	2.1723	-0.4363	-0.7055	0.1207	0.1746	0.7182	-0.6476	-0.1923	0.0613	-0.0371	0.0608	
-10.0038	-26.1925	2.1948	-0.4367	-0.7067	0.1215	0.1363	0.7327	-0.6402	-0.1912	0.0604	-0.0389	0.0599	
-10.0450	-26.2772	2.2181	-0.4364	-0.7078	0.1222	0.0976	0.7444	-0.6346	-0.1889	0.0593	-0.0407	0.0589	
-10.0910	-26.3564	2.2404	-0.4365	-0.7085	0.1229	0.0577	0.7553	-0.6259	-0.1904	0.0581	-0.0425	0.0584	
-10.1240	-26.4854	2.2700	-0.4358	-0.7123	0.1241	0.0157	0.7616	-0.6204	-0.1926	0.0600	-0.0398	0.0593	
-10.1650	-26.5659	2.2875	-0.4356	-0.7130	0.1244	0.0216	-0.7691	0.6087	0.1987	0.0585	-0.0411	0.0590	
-10.2100	-26.6388	2.2961	-0.4356	-0.7132	0.1241	0.0607	-0.7761	0.5944	0.2052	0.0572	-0.0424	0.0589	
-10.2507	-26.7216	2.3082	-0.4354	-0.7140	0.1241	0.0971	-0.7818	0.5774	0.2177	0.0555	-0.0431	0.0594	
-10.2864	-26.8036	2.3128	-0.4348	-0.7148	0.1235	0.1322	-0.7853	0.5596	0.2326	0.0538	-0.0435	0.0600	
-10.3252	-26.8827	2.3189	-0.4344	-0.7153	0.1231	0.1646	-0.7887	0.5377	0.2507	0.0521	-0.0434	0.0609	
-10.3569	-26.9612	2.3276	-0.4335	-0.7158	0.1228	0.1972	-0.7902	0.5150	0.2695	0.0505	-0.0433	0.0619	
-10.3904	-27.0312	2.3396	-0.4328	-0.7157	0.1227	0.2266	-0.7921	0.4869	0.2915	0.0491	-0.0426	0.0632	
-10.4190	-27.1063	2.3462	-0.4317	-0.7159	0.1224	0.2522	-0.7927	0.4590	0.3137	0.0478	-0.0415	0.0644	
-10.4532	-27.1846	2.3580	-0.4311	-0.7163	0.1223	0.2789	-0.7926	0.4274	0.3345	0.0467	-0.0405	0.0656	
-10.4821	-27.2557	2.3728	-0.4301	-0.7163	0.1225	0.2999	-0.7927	0.3944	0.3563	0.0459	-0.0390	0.0667	
-10.5153	-27.3315	2.3803	-0.4294	-0.7165	0.1221	0.3209	-0.7934	0.3547	0.3768	0.0457	-0.0374	0.0680	
-10.5511	-27.3971	2.3944	-0.4288	-0.7161	0.1223	0.3362	-0.7930	0.3165	0.3982	0.0454	-0.0354	0.0690	
-10.5909	-27.4621	2.4086	-0.4286	-0.7156	0.1224	0.3480	-0.7934	0.2724	0.4189	0.0458	-0.0331	0.0699	
-10.6241	-27.5292	2.4168	-0.4279	-0.7153	0.1222	0.3592	-0.7902	0.2318	0.4397	0.0458	-0.0309	0.0708	
-10.6682	-27.5904	2.4276	-0.4280	-0.7146	0.1221	0.3668	-0.7875	0.1890	0.4584	0.0463	-0.0286	0.0713	
-10.7058	-27.6528	2.4450	-0.4276	-0.7140	0.1225	0.3717	-0.7851	0.1449	0.4743	0.0470	-0.0264	0.0716	
-10.7441	-27.7162	2.4603	-0.4273	-0.7134	0.1227	0.3753	-0.7825	0.1010	0.4871	0.0479	-0.0243	0.0716	
-10.7834	-27.7807	2.4699	-0.4271	-0.7130	0.1226	0.3734	-0.7825	0.0581	0.4959	0.0491	-0.0222	0.0710	
-10.8302	-27.8486	2.4867	-0.4273	-0.7127	0.1229	0.3673	-0.7812	0.0100	0.5055	0.0508	-0.0199	0.0704	
-10.8735	-27.9137	2.4993	-0.4273	-0.7123	0.1230	0.3617	-0.7770	-0.0327	0.5151	0.0520	-0.0177	0.0697	
-10.9224	-27.9835	2.5184	-0.4277	-0.7121	0.1235	0.3549	-0.7759	-0.0791	0.5163	0.0538	-0.0162	0.0686	
-10.9657	-28.0497	2.5334	-0.4278	-0.7118	0.1237	0.3466	-0.7749	-0.1225	0.5153	0.0555	-0.0150	0.0671	
-11.0088	-28.1238	2.5460	-0.4278	-0.7120	0.1238	0.3365	-0.7714	-0.1689	0.5138	0.0574	-0.0137	0.0658	
-11.0570	-28.1903	2.5617	-0.4282	-0.7117	0.1241	0.3252	-0.7680	-0.2138	0.5095	0.0593	-0.0128	0.0642	
-11.1040	-28.2505	2.5722	-0.4285	-0.7110	0.1240	0.3134	-0.7642	-0.2526	0.5053	0.0608	-0.0120	0.0625	
-11.1575	-28.3148	2.5793	-0.4291	-0.7106	0.1238	0.2993	-0.7601	-0.2977	0.4950	0.0628	-0.0117	0.0606	
-11.2094	-28.3864	2.5876	-0.4297	-0.7106	0.1236	0.2836	-0.7567	-0.3377	0.4841	0.0646	-0.0115	0.0585	
-11.2536	-28.4572	2.5974	-0.4298	-0.7106	0.1235	0.2703	-0.7540	-0.3734	0.4697	0.0659	-0.0118	0.0564	
-11.3030	-28.5242	2.6063	-0.4302	-0.7104	0.1233	0.2553	-0.7485	-0.4119	0.4541	0.0674	-0.0122	0.0544	
-11.3540	-28.5877	2.6038	-0.4307	-0.7099	0.1225	0.2365	-0.7419	-0.4532	0.4352	0.0694	-0.0128	0.0523	
-11.4042	-28.6604	2.6097	-0.4312	-0.7101	0.1221	0.2184	-0.7359	-0.4919	0.4124	0.0711	-0.0138	0.0501	
-11.4513	-28.7282	2.6081	-0.4315	-0.7099	0.1213	0.2038	-0.7261	-0.5306	0.3879	0.0725	-0.0150	0.0484	
-11.5022	-28.7974	2.6081	-0.4320	-0.7099	0.1206	0.1862	-0.7176	-0.5638	0.3657	0.0736	-0.0160	0.0465	
-11.5516	-28.8684	2.6061	-0.4324	-0.7099	0.1198	0.1707	-0.7067	-0.5984	0.3380	0.0747	-0.0175	0.0448	
-11.5964	-28.9416	2.6066	-0.4325	-0.7101	0.1192	0.1524	-0.6974	-0.6315	0.3045	0.0759	-0.0196	0.0429	
-11.6425	-29.0069	2.6015	-0.4327	-0.7098	0.1182	0.1342	-0.6877	-0.6608	0.2714	0.0768	-0.0217	0.0410	
-11.6854	-29.0679	2.5936	-0.4327	-0.7093	0.1171	0.1162	-0.6774	-0.6885	0.2345	0.0776	-0.0241	0.0392	
-11.7233	-29.1365	2.5916	-0.4324	-0.7092	0.1163	0.1006	-0.6639	-0.7153	0.1964	0.0782	-0.0264	0.0378	
-11.7667	-29.2021	2.5880	-0.4324	-0.7089	0.1154	0.0860	-0.6501	-0.7390	0.1581	0.0785	-0.0288	0.0366	
-11.8070	-29.2649	2.5851	-0.4323	-0.7085	0.1146	0.0714	-0.6378	-0.7589	0.1174	0.0785	-0.0314	0.0353	
-11.8410	-29.3262	2.5756	-0.4318	-0.7080	0.1134	0.0598	-0.6180	-0.7808	0.0739	0.0787	-0.0339	0.0346	
-11.8796	-29.3882	2.5705	-0.4316	-0.7076	0.1124	0.0451	-0.6000	-0.7988	0.0315	0.0788	-0.0364	0.0337	
-11.9156	-29.4434	2.5648	-0.4312	-0.7068	0.1114	0.0336	-0.5798	-0.8145	-0.0167	0.0787	-0.0393	0.0332	
-11.9471	-29.4973	2.5648	-0.4305	-0.7059	0.1108	0.0210	-0.5584	-0.8272	-0.0673	0.0785	-0.0425	0.0327	
-11.9764	-29.5470	2.5560	-0.4298	-0.7048	0.1096	0.0103	-0.5294	-0.8401	-0.1187	0.0786	-0.0454	0.0326	
-12.0156	-29.6041	2.5564	-0.4296	-0.7041	0.1090	0.0014	-0.5065	-0.8463	-0.1684	0.0780	-0.0482	0.0325	
-12.0716	-29.6860	2.5463	-0.4303	-0.7047	0.1079	0.0035	0.4785	0.8519	0.2146	0.0787	-0.0454	0.0329	
-12.1193	-29.7562	2.5429	-0.4306	-0.7047	0.1071	0.0046	0.4489	0.8562	0.2570	0.0793	-0.0430	0.0335	
-12.1696	-29.8188	2.5417	-0.4310	-0.7042	0.1064	0.0037	0.4168	0.8593	0.2974	0.0796	-0.0407	0.0342	
-12.1928	-29.8686	2.5308	-0.4299	-0.7031	0.1052	-0.0006	0.3825	0.8591	0.3407	0.0799	-0.0427	0.0334	
-12.2389	-29.9280	2.5309	-0.4300	-0.7025	0.1046	0.0054	-0.3474	-0.8586	-0.3775	0.0800	-0.0409	0.0345	
-12.2950	-29.9954	2.5285	-0.4307	-0.7023	0.1039	0.0139	-0.3127	-0.8545	-0.4152	0.0800	-0.0388	0.0360	
-12.3440	-30.0551	2.5303	-0.4310	-0.7017	0.1034	0.0217	-0.2738	-0.8490	-0.4516	0.0796	-0.0372	0.0376	
-12.3910	-30.1098	2.5305	-0.4312	-0.7008	0.1029	0.0334	-0.2347	-0.8409	-0.4865	0.0794	-0.0356	0.0393	
-12.4365	-30.1710	2.5410	-0.4313	-0.7003	0.1029	0.0509	-0.1979	-0.8300	-0.5191	0.0795	-0.0339	0.0411	
-12.4828	-30.2331	2.5521	-0.4314	-0.6998	0.1029	0.0681	-0.1598	-0.8153	-0.5525	0.0794	-0.0324	0.0432	
-12.5297	-30.2891	2.5667	-0.4316	-0.6991	0.1031	0.0880	-0.1232	-0.7970	-0.5848	0.0793	-0.0309	0.0456	
-12.5769	-30.3473	2.5804	-0.4318	-0.6984	0.1033	0.1108	-0.0820	-0.7764	-0.6147	0.0796	-0.0296	0.0478	
-12.6226	-30.4091	2.6003	-0.4319	-0.6980	0.1038	0.1354	-0.0397	-0.7530	-0.6423	0.0800	-0.0283	0.0501	
-12.6632	-30.4708	2.6272	-0.4317	-0.6975	0.1047	0.1621	0.0012	-0.7282	-0.6656	0.0806	-0.0270	0.0521	
-12.7009	-30.5347	2.6469	-0.4314	-0.6972	0.1052	0.1923	0.0463	-0.7000	-0.6855	0.0818	-0.0258	0.0541	
-12.7451	-30.6003	2.6754	-0.4314	-0.6969	0.1061	0.2221	0.0908	-0.6706	-0.7014	0.0828	-0.0246	0.0558	
-12.7904	-30.6638	2.7000	-0.4315	-0.6966	0.1069	0.2503	0.1383	-0.6391	-0.7133	0.0841	-0.0238	0.0573	
-12.8266	-30.7290	2.7235	-0.4311	-0.6964	0.1075	0.2784	0.1893	-0.6072	-0.7188	0.0857	-0.0231	0.0584	
-12.8632	-30.7916	2.7494	-0.4307	-0.6960	0.1083	0.2972	0.2401	-0.5753	-0.7226	0.0868	-0.0231	0.0591	
-12.9011	-30.8573	2.7740	-0.4304	-0.6958	0.1091	0.3166	0.2896	-0.5379	-0.7249	0.0879	-0.0230	0.0600	
-12.9317	-30.9271	2.8006	-0.4298	-0.6958	0.1099	0.3314	0.3414	-0.5049	-0.7197	0.0891	-0.0233	0.0600	
-12.9700	-30.9967	2.8247	-0.4295	-0.6958	0.1106	0.3425	0.3943	-0.4657	-0.7137	0.0903	-0.0238	0.0604	
-13.0014	-31.0661	2.8534	-0.4289	-0.6958	0.1115	0.3458	0.4418	-0.4329	-0.7057	0.0906	-0.0247	0.0599	
-13.0363	-31.1363	2.8741	-0.4285	-0.6959	0.1120	0.3474	0.4893	-0.3962	-0.6949	0.0911	-0.0256	0.0595	
-13.0760	-31.2074	2.8960	-0.4283	-0.6960	0.1126	0.3462	0.5354	-0.3628	-0.6799	0.0915	-0.0266	0.0587	
-13.1166	-31.2849	2.9168	-0.4282	-0.6964	0.1131	0.3410	0.5803	-0.3307	-0.6621	0.0917	-0.0280	0.0575	
-13.1543	-31.3595	2.9372	-0.4280	-0.6967	0.1136	0.3320	0.6246	-0.2982	-0.6415	0.0920	-0.0296	0.0563	
-13.1925	-31.4303	2.9539	-0.4277	-0.6968	0.1139	0.3167	0.6652	-0.2641	-0.6234	0.0917	-0.0315	0.0553	
-13.2327	-31.5036	2.9742	-0.4276	-0.6970	0.1143	0.2982	0.7033	-0.2329	-0.6032	0.0912	-0.0335	0.0541	
-13.2699	-31.5809	3.0007	-0.4273	-0.6974	0.1151	0.2770	0.7396	-0.2001	-0.5813	0.0906	-0.0358	0.0530	
-13.3133	-31.6559	3.0220	-0.4273	-0.6977	0.1156	0.2562	0.7737	-0.1678	-0.5560	0.0902	-0.0380	0.0519	
-13.3606	-31.7349	3.0403	-0.4276	-0.6982	0.1160	0.2314	0.8040	-0.1363	-0.5324	0.0893	-0.0403	0.0509	
-13.4065	-31.8134	3.0586	-0.4277	-0.6986	0.1163	0.2074	0.8330	-0.1037	-0.5039	0.0887	-0.0426	0.0499	
-13.4517	-31.8958	3.0740	-0.4278	-0.6993	0.1165	0.1774	0.8603	-0.0674	-0.4745	0.0880	-0.0453	0.0495	
-13.4986	-31.9831	3.0896	-0.4280	-0.7001	0.1167	0.1460	0.8836	-0.0330	-0.4454	0.0869	-0.0480	0.0490	
-13.5422	-32.0722	3.1023	-0.4280	-0.7011	0.1168	0.1127	0.9040	0.0042	-0.4140	0.0860	-0.0507	0.0489	
-13.5872	-32.1641	3.1138	-0.4281	-0.7022	0.1168	0.0763	0.9198	0.0443	-0.3839	0.0848	-0.0534	0.0493	
-13.6339	-32.2453	3.1249	-0.4283	-0.7028	0.1168	0.0437	0.9322	0.0840	-0.3506	0.0839	-0.0557	0.0497	
-13.6771	-32.3335	3.1299	-0.4283	-0.7036	0.1164	0.0087	0.9400	0.1286	-0.3165	0.0830	-0.0579	0.0505	
-13.7033	-32.4465	3.1703	-0.4275	-0.7057	0.1178	-0.0336	0.9429	0.1750	-0.2825	0.0846	-0.0544	0.0497	
-13.7411	-32.5366	3.1749	-0.4272	-0.7066	0.1175	0.0670	-0.9401	-0.2216	0.2510	0.0837	-0.0561	0.0510	
-13.7805	-32.6208	3.1785	-0.4270	-0.7073	0.1171	0.1014	-0.9333	-0.2663	0.2195	0.0827	-0.0578	0.0524	
-13.8165	-32.7083	3.1780	-0.4267	-0.7081	0.1165	0.1365	-0.9205	-0.3146	0.1869	0.0819	-0.0592	0.0542	
-13.8487	-32.7960	3.1763	-0.4262	-0.7090	0.1159	0.1726	-0.9014	-0.3650	0.1553	0.0811	-0.0603	0.0564	
-13.8784	-32.8782	3.1747	-0.4255	-0.7095	0.1153	0.2096	-0.8763	-0.4153	0.1234	0.0804	-0.0613	0.0590	
-13.9129	-32.9613	3.1699	-0.4251	-0.7101	0.1145	0.2472	-0.8446	-0.4655	0.0902	0.0799	-0.0621	0.0618	
-13.9429	-33.0420	3.1668	-0.4245	-0.7106	0.1138	0.2821	-0.8084	-0.5129	0.0548	0.0795	-0.0628	0.0644	
-13.9713	-33.1171	3.1681	-0.4239	-0.7108	0.1133	0.3134	-0.7665	-0.5593	0.0238	0.0794	-0.0627	0.0671	
-13.9966	-33.1915	3.1653	-0.4231	-0.7110	0.1127	0.3455	-0.7161	-0.6055	-0.0069	0.0794	-0.0624	0.0702	
-14.0215	-33.2582	3.1681	-0.4222	-0.7108	0.1123	0.3761	-0.6624	-0.6462	-0.0352	0.0794	-0.0618	0.0732	
-14.0517	-33.3255	3.1726	-0.4217	-0.7106	0.1120	0.4026	-0.6050	-0.6832	-0.0632	0.0795	-0.0610	0.0759	
-14.0797	-33.3872	3.1746	-0.4210	-0.7102	0.1116	0.4293	-0.5394	-0.7179	-0.0892	0.0799	-0.0598	0.0790	
-14.1131	-33.4489	3.1894	-0.4206	-0.7097	0.1118	0.4500	-0.4804	-0.7448	-0.1088	0.0800	-0.0581	0.0812	
-14.1415	-33.5146	3.1998	-0.4200	-0.7095	0.1118	0.4704	-0.4124	-0.7691	-0.1277	0.0805	-0.0561	0.0837	
-14.1758	-33.5760	3.2097	-0.4196	-0.7090	0.1117	0.4903	-0.3422	-0.7879	-0.1454	0.0809	-0.0540	0.0863	
-14.2119	-33.6407	3.2291	-0.4193	-0.7088	0.1121	0.5053	-0.2747	-0.8019	-0.1610	0.0813	-0.0518	0.0882	
-14.2460	-33.6989	3.2453	-0.4190	-0.7082	0.1124	0.5183	-0.2035	-0.8124	-0.1724	0.0820	-0.0493	0.0901	
-14.2815	-33.7614	3.2620	-0.4187	-0.7078	0.1126	0.5284	-0.1326	-0.8184	-0.1822	0.0827	-0.0467	0.0917	
-14.3136	-33.8278	3.2804	-0.4182	-0.7076	0.1130	0.5355	-0.0632	-0.8205	-0.1899	0.0834	-0.0440	0.0930	
-14.3516	-33.8915	3.3001	-0.4181	-0.7072	0.1134	0.5378	0.0076	-0.8199	-0.1961	0.0844	-0.0415	0.0939	
-14.3890	-33.9556	3.3288	-0.4179	-0.7069	0.1142	0.5371	0.0800	-0.8154	-0.1999	0.0856	-0.0389	0.0947	
-14.4276	-34.0260	3.3550	-0.4177	-0.7069	0.1149	0.5355	0.1396	-0.8096	-0.1998	0.0863	-0.0363	0.0947	
-14.4623	-34.0929	3.3757	-0.4174	-0.7067	0.1154	0.5298	0.2076	-0.7976	-0.2003	0.0874	-0.0338	0.0949	
-14.5038	-34.1644	3.3978	-0.4174	-0.7068	0.1159	0.5237	0.2625	-0.7875	-0.1970	0.0880	-0.0314	0.0943	
-14.5424	-34.2368	3.4234	-0.4172	-0.7068	0.1165	0.5123	0.3189	-0.7741	-0.1949	0.0888	-0.0296	0.0936	
-14.5816	-34.3082	3.4513	-0.4171	-0.7069	0.1173	0.4991	0.3714	-0.7605	-0.1911	0.0895	-0.0279	0.0925	
-14.6208	-34.3824	3.4735	-0.4170	-0.7070	0.1178	0.4851	0.4185	-0.7467	-0.1858	0.0899	-0.0264	0.0911	
-14.6536	-34.4558	3.4962	-0.4166	-0.7071	0.1183	0.4682	0.4654	-0.7302	-0.1822	0.0903	-0.0253	0.0898	
-14.6920	-34.5298	3.5226	-0.4164	-0.7073	0.1190	0.4494	0.5107	-0.7133	-0.1753	0.0910	-0.0243	0.0883	
-14.7319	-34.6028	3.5469	-0.4164	-0.7074	0.1195	0.4256	0.5563	-0.6944	-0.1699	0.0917	-0.0238	0.0868	
-14.7736	-34.6794	3.5722	-0.4163	-0.7076	0.1202	0.4017	0.5965	-0.6774	-0.1627	0.0921	-0.0236	0.0850	
-14.8177	-34.7561	3.5940	-0.4164	-0.7079	0.1206	0.3758	0.6364	-0.6570	-0.1556	0.0926	-0.0234	0.0834	
-14.8618	-34.8368	3.6165	-0.4165	-0.7083	0.1211	0.3457	0.6740	-0.6380	-0.1463	0.0932	-0.0238	0.0815	
-14.9079	-34.9156	3.6451	-0.4167	-0.7087	0.1219	0.3129	0.7101	-0.6169	-0.1388	0.0936	-0.0246	0.0799	
-14.9524	-34.9934	3.6670	-0.4168	-0.7090	0.1223	0.2818	0.7418	-0.5961	-0.1323	0.0937	-0.0251	0.0784	
-14.9991	-35.0729	3.6860	-0.4171	-0.7094	0.1226	0.2476	0.7711	-0.5764	-0.1209	0.0940	-0.0261	0.0765	
-15.0384	-35.1508	3.7094	-0.4169	-0.7097	0.1231	0.2148	0.7967	-0.5567	-0.1106	0.0940	-0.0270	0.0746	
-15.0826	-35.2331	3.7325	-0.4170	-0.7102	0.1236	0.1789	0.8210	-0.5352	-0.1006	0.0941	-0.0281	0.0730	
-15.1261	-35.3107	3.7542	-0.4171	-0.7105	0.1241	0.1417	0.8424	-0.5145	-0.0915	0.0939	-0.0295	0.0715	
-15.1748	-35.3918	3.7688	-0.4174	-0.7110	0.1242	0.0981	0.8647	-0.4876	-0.0805	0.0942	-0.0312	0.0703	
-15.2165	-35.4747	3.7843	-0.4174	-0.7115	0.1243	0.0569	0.8830	-0.4627	-0.0723	0.0940	-0.0327	0.0692	
-15.2557	-35.5725	3.8194	-0.4173	-0.7126	0.1253	0.0095	0.8992	-0.4346	-0.0628	0.0943	-0.0293	0.0705	
-15.2984	-35.6499	3.8385	-0.4173	-0.7129	0.1256	0.0346	-0.9114	0.4089	0.0572	0.0940	-0.0312	0.0696	
-15.3407	-35.7289	3.8520	-0.4173	-0.7132	0.1256	0.0786	-0.9207	0.3813	0.0533	0.0935	-0.0328	0.0689	
-15.3807	-35.8103	3.8674	-0.4172	-0.7136	0.1258	0.1240	-0.9274	0.3523	0.0488	0.0930	-0.0346	0.0684	
-15.4219	-35.8914	3.8824	-0.4172	-0.7141	0.1259	0.1690	-0.9311	0.3237	0.0420	0.0927	-0.0365	0.0676	
-15.4597	-35.9737	3.9003	-0.4170	-0.7145	0.1261	0.2141	-0.9316	0.2943	0.0394	0.0919	-0.0382	0.0674	
-15.4994	-36.0533	3.9113	-0.4169	-0.7149	0.1260	0.2576	-0.9293	0.2658	0.0392	0.0910	-0.0397	0.0673	
-15.5368	-36.1305	3.9195	-0.4167	-0.7151	0.1259	0.3027	-0.9242	0.2323	0.0399	0.0903	-0.0411	0.0675	
-15.5724	-36.2092	3.9310	-0.4165	-0.7155	0.1258	0.3491	-0.9151	0.2016	0.0424	0.0892	-0.0427	0.0681	
-15.6082	-36.2864	3.9394	-0.4162	-0.7157	0.1256	0.3931	-0.9030	0.1721	0.0479	0.0879	-0.0439	0.0688	
-15.6471	-36.3594	3.9505	-0.4161	-0.7158	0.1256	0.4353	-0.8886	0.1379	0.0565	0.0868	-0.0447	0.0698	
-15.6840	-36.4340	3.9578	-0.4159	-0.7159	0.1254	0.4781	-0.8705	0.1025	0.0645	0.0858	-0.0455	0.0709	
-15.7187	-36.5122	3.9713	-0.4156	-0.7162	0.1254	0.5154	-0.8519	0.0685	0.0735	0.0847	-0.0459	0.0718	
-15.7592	-36.5894	3.9861	-0.4155	-0.7164	0.1255	0.5494	-0.8316	0.0363	0.0843	0.0834	-0.0459	0.0727	
-15.7966	-36.6608	3.9971	-0.4153	-0.7164	0.1254	0.5788	-0.8105	0.0017	0.0981	0.0824	-0.0453	0.0735	
-15.8375	-36.7316	4.0106	-0.4153	-0.7164	0.1255	0.6080	-0.7858	-0.0358	0.1118	0.0816	-0.0448	0.0746	
-15.8705	-36.7996	4.0302	-0.4149	-0.7162	0.1258	0.6325	-0.7612	-0.0718	0.1292	0.0807	-0.0436	0.0756	
-15.9085	-36.8653	4.0447	-0.4148	-0.7160	0.1259	0.6537	-0.7369	-0.1021	0.1464	0.0795	-0.0423	0.0763	
-15.9471	-36.9342	4.0591	-0.4147	-0.7159	0.1260	0.6688	-0.7124	-0.1385	0.1662	0.0790	-0.0404	0.0768	
-15.9861	-37.0032	4.0759	-0.4145	-0.7158	0.1261	0.6816	-0.6887	-0.1710	0.1844	0.0783	-0.0385	0.0771	
-16.0250	-37.0784	4.0928	-0.4144	-0.7159	0.1263	0.6899	-0.6667	-0.2033	0.2016	0.0777	-0.0365	0.0769	
-16.0639	-37.1464	4.1107	-0.4143	-0.7158	0.1265	0.6959	-0.6435	-0.2368	0.2184	0.0774	-0.0345	0.0765	
-16.1029	-37.2136	4.1283	-0.4142	-0.7156	0.1268	0.6995	-0.6183	-0.2719	0.2372	0.0773	-0.0323	0.0763	
-16.1432	-37.2808	4.1486	-0.4141	-0.7154	0.1271	0.6984	-0.5963	-0.3082	0.2526	0.0776	-0.0303	0.0753	
-16.1867	-37.3513	4.1643	-0.4142	-0.7154	0.1272	0.6949	-0.5777	-0.3422	0.2625	0.0776	-0.0289	0.0737	
-16.2308	-37.4186	4.1853	-0.4143	-0.7152	0.1276	0.6876	-0.5574	-0.3797	0.2729	0.0782	-0.0274	0.0720	
-16.2714	-37.4874	4.2041	-0.4143	-0.7151	0.1278	0.6797	-0.5398	-0.4133	0.2802	0.0784	-0.0264	0.0701	
-16.3197	-37.5496	4.2226	-0.4145	-0.7147	0.1281	0.6695	-0.5206	-0.4478	0.2873	0.0788	-0.0255	0.0682	
-16.3657	-37.6146	4.2394	-0.4147	-0.7145	0.1283	0.6544	-0.5090	-0.4813	0.2906	0.0792	-0.0250	0.0653	
-16.4167	-37.6781	4.2566	-0.4151	-0.7141	0.1285	0.6368	-0.4951	-0.5176	0.2903	0.0799	-0.0251	0.0625	
-16.4759	-37.7400	4.2747	-0.4158	-0.7138	0.1287	0.6182	-0.4796	-0.5533	0.2900	0.0805	-0.0253	0.0599	
-16.5269	-37.8057	4.2901	-0.4161	-0.7136	0.1288	0.5987	-0.4627	-0.5912	0.2830	0.0811	-0.0263	0.0572	
-16.5877	-37.8676	4.3003	-0.4169	-0.7132	0.1288	0.5760	-0.4491	-0.6272	0.2752	0.0816	-0.0275	0.0544	
-16.6467	-37.9306	4.3092	-0.4176	-0.7129	0.1286	0.5549	-0.4370	-0.6595	0.2629	0.0815	-0.0291	0.0517	
-16.7079	-37.9942	4.3159	-0.4183	-0.7126	0.1284	0.5269	-0.4224	-0.6956	0.2500	0.0821	-0.0310	0.0489	
-16.7643	-38.0560	4.3189	-0.4189	-0.7123	0.1280	0.5003	-0.4081	-0.7287	0.2338	0.0822	-0.0331	0.0464	
-16.8230	-38.1163	4.3267	-0.4195	-0.7119	0.1279	0.4700	-0.3936	-0.7623	0.2133	0.0823	-0.0357	0.0438	
-16.8806	-38.1777	4.3300	-0.4201	-0.7115	0.1275	0.4387	-0.3751	-0.7946	0.1928	0.0825	-0.0382	0.0416	
-16.9382	-38.2370	4.3322	-0.4207	-0.7111	0.1271	0.4060	-0.3565	-0.8254	0.1692	0.0825	-0.0409	0.0396	
-16.9961	-38.2981	4.3310	-0.4213	-0.7107	0.1266	0.3715	-0.3381	-0.8533	0.1460	0.0824	-0.0435	0.0375	
-17.0503	-38.3617	4.3255	-0.4218	-0.7104	0.1259	0.3374	-0.3178	-0.8789	0.1201	0.0821	-0.0461	0.0359	
-17.1103	-38.4201	4.3200	-0.4225	-0.7100	0.1252	0.3012	-0.2987	-0.9021	0.0899	0.0816	-0.0491	0.0343	
-17.1646	-38.4828	4.3145	-0.4229	-0.7097	0.1245	0.2681	-0.2772	-0.9216	0.0588	0.0808	-0.0518	0.0332	
-17.2166	-38.5419	4.3093	-0.4233	-0.7093	0.1239	0.2320	-0.2539	-0.9395	0.0224	0.0800	-0.0551	0.0323	
-17.2681	-38.6011	4.3089	-0.4236	-0.7088	0.1234	0.1970	-0.2285	-0.9539	-0.0153	0.0790	-0.0581	0.0318	
-17.3168	-38.6601	4.3080	-0.4239	-0.7084	0.1229	0.1604	-0.2021	-0.9652	-0.0543	0.0780	-0.0612	0.0313	
-17.3659	-38.7134	4.3011	-0.4241	-0.7078	0.1222	0.1267	-0.1798	-0.9718	-0.0940	0.0766	-0.0641	0.0310	
-17.4166	-38.7688	4.2953	-0.4244	-0.7072	0.1215	0.0908	-0.1483	-0.9754	-0.1377	0.0755	-0.0672	0.0313	
-17.4639	-38.8202	4.2919	-0.4246	-0.7065	0.1209	0.0567	-0.1150	-0.9756	-0.1795	0.0745	-0.0698	0.0317	
-17.5168	-38.8714	4.2881	-0.4250	-0.7058	0.1203	0.0231	-0.0807	-0.9715	-0.2223	0.0734	-0.0724	0.0324	
-17.5789	-38.9500	4.2850	-0.4257	-0.7061	0.1197	0.0076	0.0494	0.9633	0.2654	0.0751	-0.0692	0.0328	
-17.6399	-39.0245	4.2891	-0.4264	-0.7062	0.1194	0.0337	0.0165	0.9526	0.3033	0.0765	-0.0666	0.0337	
-17.6969	-39.0962	4.2890	-0.4270	-0.7063	0.1189	0.0559	-0.0219	0.9380	0.3418	0.0775	-0.0638	0.0346	
-17.7516	-39.1663	4.2897	-0.4274	-0.7062	0.1185	0.0740	-0.0621	0.9205	0.3787	0.0783	-0.0613	0.0356	
-17.8052	-39.2367	4.2872	-0.4278	-0.7062	0.1180	0.0861	-0.0990	0.8999	0.4165	0.0793	-0.0586	0.0370	
-17.8599	-39.3032	4.2917	-0.4283	-0.7060	0.1177	0.0977	-0.1365	0.8757	0.4530	0.0799	-0.0561	0.0387	
-17.9114	-39.3690	4.2957	-0.4286	-0.7059	0.1174	0.1009	-0.1746	0.8483	0.4899	0.0809	-0.0535	0.0405	
-17.9669	-39.4336	4.3041	-0.4290	-0.7056	0.1172	0.1003	-0.2075	0.8176	0.5284	0.0818	-0.0507	0.0428	
-18.0233	-39.5017	4.3143	-0.4295	-0.7055	0.1172	0.0963	-0.2382	0.7815	0.5692	0.0827	-0.0476	0.0456	
-18.0763	-39.5691	4.3242	-0.4299	-0.7054	0.1171	0.0839	-0.2689	0.7439	0.6065	0.0839	-0.0447	0.0481	
-18.1317	-39.6369	4.3383	-0.4303	-0.7053	0.1172	0.0692	-0.2988	0.7025	0.6425	0.0849	-0.0419	0.0508	
-18.1864	-39.7027	4.3516	-0.4308	-0.7051	0.1172	0.0463	-0.3285	0.6558	0.6783	0.0865	-0.0388	0.0536	
-18.2377	-39.7658	4.3683	-0.4310	-0.7048	0.1174	0.0227	-0.3581	0.6073	0.7087	0.0879	-0.0362	0.0561	
-18.2892	-39.8317	4.3851	-0.4313	-0.7046	0.1176	-0.0026	-0.3862	0.5561	0.7358	0.0891	-0.0337	0.0584	
-18.3333	-39.8909	4.3916	-0.4314	-0.7042	0.1174	0.0290	0.4155	-0.5064	-0.7547	0.0885	-0.0347	0.0571	
-18.3733	-39.9559	4.3978	-0.4313	-0.7040	0.1172	0.0539	0.4443	-0.4592	-0.7672	0.0882	-0.0355	0.0561	
-18.4135	-40.0207	4.4088	-0.4312	-0.7038	0.1172	0.0746	0.4752	-0.4115	-0.7739	0.0882	-0.0359	0.0555	
-18.4533	-40.0871	4.4191	-0.4311	-0.7037	0.1171	0.0946	0.5065	-0.3655	-0.7750	0.0882	-0.0360	0.0552	
-18.4921	-40.1531	4.4377	-0.4309	-0.7035	0.1174	0.1127	0.5389	-0.3175	-0.7717	0.0885	-0.0360	0.0553	
-18.5324	-40.2209	4.4582	-0.4308	-0.7035	0.1177	0.1299	0.5703	-0.2691	-0.7648	0.0888	-0.0360	0.0555	
-18.5683	-40.2904	4.4741	-0.4306	-0.7034	0.1179	0.1471	0.5983	-0.2210	-0.7558	0.0893	-0.0359	0.0556	
-18.6098	-40.3574	4.4902	-0.4305	-0.7033	0.1180	0.1634	0.6233	-0.1740	-0.7446	0.0897	-0.0356	0.0555	
-18.6461	-40.4315	4.5079	-0.4303	-0.7034	0.1182	0.1775	0.6471	-0.1254	-0.7307	0.0901	-0.0352	0.0557	
-18.6847	-40.5051	4.5225	-0.4301	-0.7036	0.1183	0.1925	0.6695	-0.0787	-0.7130	0.0904	-0.0350	0.0557	
-18.7196	-40.5739	4.5383	-0.4298	-0.7035	0.1185	0.2057	0.6918	-0.0309	-0.6913	0.0906	-0.0350	0.0559	
-18.7590	-40.6455	4.5543	-0.4297	-0.7035	0.1186	0.2184	0.7110	0.0145	-0.6684	0.0907	-0.0349	0.0558	
-18.7972	-40.7182	4.5750	-0.4295	-0.7036	0.1189	0.2272	0.7296	0.0578	-0.6427	0.0902	-0.0349	0.0558	
-18.8363	-40.7949	4.5972	-0.4294	-0.7038	0.1193	0.2319	0.7483	0.0999	-0.6138	0.0894	-0.0353	0.0560	
-18.8703	-40.8648	4.6154	-0.4291	-0.7038	0.1195	0.2343	0.7661	0.1377	-0.5831	0.0882	-0.0357	0.0559	
-18.9078	-40.9377	4.6390	-0.4289	-0.7039	0.1199	0.2313	0.7836	0.1799	-0.5481	0.0873	-0.0365	0.0566	
-18.9399	-41.0092	4.6604	-0.4285	-0.7040	0.1202	0.2244	0.8006	0.2190	-0.5111	0.0860	-0.0375	0.0572	
-18.9710	-41.0798	4.6801	-0.4281	-0.7040	0.1205	0.2152	0.8158	0.2523	-0.4751	0.0841	-0.0384	0.0575	
-19.0080	-41.1530	4.7012	-0.4279	-0.7041	0.1208	0.2038	0.8285	0.2873	-0.4363	0.0827	-0.0393	0.0580	
-19.0465	-41.2257	4.7211	-0.4277	-0.7041	0.1211	0.1895	0.8383	0.3183	-0.4017	0.0808	-0.0398	0.0584	
-19.0807	-41.2976	4.7420	-0.4274	-0.7042	0.1214	0.1726	0.8485	0.3481	-0.3607	0.0792	-0.0410	0.0589	
-19.1193	-41.3685	4.7594	-0.4273	-0.7042	0.1216	0.1499	0.8554	0.3792	-0.3208	0.0775	-0.0418	0.0598	
-19.1618	-41.4413	4.7765	-0.4272	-0.7043	0.1218	0.1264	0.8583	0.4100	-0.2830	0.0759	-0.0423	0.0608	
-19.2026	-41.5135	4.7944	-0.4272	-0.7044	0.1219	0.0981	0.8591	0.4408	-0.2422	0.0744	-0.0431	0.0622	
-19.2403	-41.5880	4.8092	-0.4270	-0.7045	0.1220	0.0670	0.8573	0.4702	-0.1998	0.0729	-0.0439	0.0636	
-19.2783	-41.6594	4.8251	-0.4268	-0.7045	0.1222	0.0375	0.8546	0.4942	-0.1582	0.0713	-0.0447	0.0646	
-19.3147	-41.7285	4.8440	-0.4266	-0.7045	0.1224	0.0029	0.8471	0.5189	-0.1177	0.0697	-0.0452	0.0661	
-19.3462	-41.8061	4.8661	-0.4262	-0.7047	0.1227	0.0281	-0.8351	-0.5443	0.0762	0.0713	-0.0435	0.0654	
-19.3784	-41.8880	4.8869	-0.4259	-0.7051	0.1230	0.0603	-0.8173	-0.5718	0.0394	0.0729	-0.0420	0.0646	
-19.4119	-41.9678	4.9119	-0.4256	-0.7054	0.1235	0.0922	-0.7981	-0.5957	0.0022	0.0743	-0.0400	0.0643	
-19.4471	-42.0467	4.9345	-0.4253	-0.7057	0.1238	0.1249	-0.7757	-0.6183	-0.0307	0.0758	-0.0379	0.0642	
-19.4806	-42.1265	4.9571	-0.4250	-0.7060	0.1242	0.1572	-0.7490	-0.6409	-0.0618	0.0769	-0.0357	0.0643	
-19.5119	-42.2034	4.9820	-0.4246	-0.7062	0.1246	0.1923	-0.7205	-0.6612	-0.0863	0.0785	-0.0334	0.0646	
-19.5475	-42.2818	4.9995	-0.4244	-0.7064	0.1248	0.2296	-0.6871	-0.6812	-0.1081	0.0800	-0.0308	0.0649	
-19.5825	-42.3597	5.0161	-0.4242	-0.7067	0.1249	0.2661	-0.6507	-0.6999	-0.1275	0.0812	-0.0283	0.0655	
-19.6190	-42.4388	5.0333	-0.4240	-0.7070	0.1251	0.3024	-0.6118	-0.7168	-0.1445	0.0823	-0.0258	0.0662	
-19.6551	-42.5141	5.0495	-0.4237	-0.7071	0.1252	0.3428	-0.5713	-0.7292	-0.1582	0.0835	-0.0228	0.0673	
-19.6909	-42.5902	5.0633	-0.4235	-0.7073	0.1252	0.3807	-0.5273	-0.7413	-0.1672	0.0846	-0.0202	0.0682	
-19.7262	-42.6639	5.0811	-0.4233	-0.7074	0.1254	0.4191	-0.4787	-0.7526	-0.1703	0.0861	-0.0174	0.0691	
-19.7617	-42.7380	5.0982	-0.4231	-0.7075	0.1256	0.4534	-0.4286	-0.7621	-0.1734	0.0871	-0.0150	0.0699	
-19.8011	-42.8084	5.1182	-0.4230	-0.7075	0.1258	0.4909	-0.3775	-0.7667	-0.1706	0.0882	-0.0121	0.0708	
-19.8381	-42.8829	5.1327	-0.4228	-0.7076	0.1259	0.5225	-0.3228	-0.7714	-0.1664	0.0893	-0.0097	0.0715	
-19.8749	-42.9545	5.1485	-0.4226	-0.7076	0.1260	0.5507	-0.2648	-0.7757	-0.1574	0.0906	-0.0074	0.0718	
-19.9137	-43.0241	5.1648	-0.4225	-0.7076	0.1261	0.5749	-0.2046	-0.7780	-0.1480	0.0917	-0.0054	0.0722	
-19.9535	-43.0941	5.1806	-0.4224	-0.7075	0.1262	0.5917	-0.1424	-0.7812	-0.1376	0.0929	-0.0038	0.0720	
-19.9918	-43.1691	5.2019	-0.4223	-0.7077	0.1265	0.6088	-0.0822	-0.7792	-0.1236	0.0939	-0.0020	0.0718	
-20.0293	-43.2407	5.2244	-0.4221	-0.7077	0.1268	0.6177	-0.0199	-0.7786	-0.1076	0.0950	-0.0006	0.0710	
-20.0701	-43.3104	5.2453	-0.4221	-0.7077	0.1271	0.6185	0.0401	-0.7792	-0.0941	0.0958	0.0002	0.0697	
-20.1096	-43.3837	5.2645	-0.4220	-0.7078	0.1273	0.6159	0.0976	-0.7777	-0.0816	0.0963	0.0007	0.0684	
-20.1518	-43.4581	5.2886	-0.4220	-0.7079	0.1277	0.6100	0.1558	-0.7745	-0.0644	0.0971	0.0014	0.0667	
-20.1899	-43.5302	5.3114	-0.4219	-0.7079	0.1280	0.5978	0.2140	-0.7711	-0.0502	0.0979	0.0014	0.0650	
-20.2312	-43.6038	5.3344	-0.4218	-0.7080	0.1284	0.5830	0.2678	-0.7666	-0.0393	0.0982	0.0013	0.0633	
-20.2734	-43.6788	5.3535	-0.4218	-0.7081	0.1286	0.5673	0.3188	-0.7594	-0.0269	0.0985	0.0012	0.0615	
-20.3177	-43.7543	5.3732	-0.4219	-0.7083	0.1288	0.5439	0.3697	-0.7539	-0.0140	0.0990	0.0005	0.0594	
-20.3602	-43.8302	5.3956	-0.4219	-0.7084	0.1291	0.5207	0.4164	-0.7462	-0.0030	0.0992	-0.0001	0.0574	
-20.4050	-43.9061	5.4157	-0.4220	-0.7086	0.1293	0.4947	0.4587	-0.7393	0.0090	0.0992	-0.0010	0.0551	
-20.4487	-43.9833	5.4355	-0.4221	-0.7088	0.1295	0.4660	0.4992	-0.7316	0.0168	0.0990	-0.0022	0.0530	
-20.4951	-44.0612	5.4565	-0.4222	-0.7090	0.1298	0.4329	0.5435	-0.7193	0.0277	0.0996	-0.0035	0.0512	
-20.5407	-44.1389	5.4785	-0.4223	-0.7092	0.1301	0.4005	0.5804	-0.7094	0.0377	0.0996	-0.0049	0.0492	
-20.5843	-44.2215	5.4961	-0.4224	-0.7096	0.1302	0.3650	0.6186	-0.6954	0.0446	0.0997	-0.0065	0.0476	
-20.6313	-44.3031	5.5133	-0.4225	-0.7099	0.1304	0.3301	0.6488	-0.6852	0.0547	0.0994	-0.0082	0.0455	
-20.6738	-44.3833	5.5315	-0.4225	-0.7102	0.1306	0.2926	0.6788	-0.6719	0.0652	0.0994	-0.0100	0.0437	
-20.7186	-44.4648	5.5467	-0.4226	-0.7106	0.1306	0.2562	0.7107	-0.6521	0.0722	0.0995	-0.0114	0.0425	
-20.7639	-44.5476	5.5618	-0.4227	-0.7109	0.1307	0.2154	0.7420	-0.6310	0.0765	0.0996	-0.0132	0.0417	
-20.8092	-44.6303	5.5722	-0.4228	-0.7113	0.1306	0.1751	0.7689	-0.6102	0.0840	0.0997	-0.0150	0.0406	
-20.8544	-44.7157	5.5872	-0.4229	-0.7117	0.1307	0.1292	0.7923	-0.5905	0.0923	0.0997	-0.0173	0.0394	
-20.9008	-44.7994	5.6006	-0.4230	-0.7121	0.1307	0.0850	0.8154	-0.5652	0.0976	0.0998	-0.0193	0.0388	
-20.9448	-44.8859	5.6104	-0.4231	-0.7126	0.1306	0.0361	0.8371	-0.5372	0.1009	0.1001	-0.0216	0.0385	
-20.9882	-44.9771	5.6373	-0.4231	-0.7132	0.1310	-0.0126	0.8553	-0.5083	0.1041	0.1000	-0.0185	0.0390	
-21.0305	-45.0616	5.6473	-0.4231	-0.7137	0.1309	0.0614	-0.8724	0.4743	-0.1025	0.1003	-0.0207	0.0391	
-21.0738	-45.1476	5.6548	-0.4231	-0.7141	0.1307	0.1077	-0.8861	0.4393	-0.1043	0.1006	-0.0226	0.0389	
-21.1144	-45.2324	5.6601	-0.4231	-0.7145	0.1305	0.1548	-0.8957	0.4054	-0.1009	0.1005	-0.0245	0.0391	
-21.1556	-45.3157	5.6646	-0.4231	-0.7149	0.1302	0.2041	-0.9017	0.3693	-0.0974	0.1005	-0.0267	0.0395	
-21.1939	-45.3999	5.6696	-0.4229	-0.7153	0.1300	0.2516	-0.9039	0.3346	-0.0933	0.1003	-0.0287	0.0399	
-21.2300	-45.4816	5.6757	-0.4227	-0.7156	0.1298	0.2981	-0.9041	0.2943	-0.0860	0.1003	-0.0305	0.0406	
-21.2685	-45.5628	5.6813	-0.4226	-0.7159	0.1295	0.3444	-0.9003	0.2551	-0.0793	0.1001	-0.0323	0.0413	
-21.3056	-45.6423	5.6873	-0.4225	-0.7162	0.1293	0.3918	-0.8930	0.2107	-0.0681	0.1001	-0.0340	0.0426	
-21.3429	-45.7178	5.6919	-0.4223	-0.7163	0.1291	0.4343	-0.8825	0.1745	-0.0566	0.0995	-0.0354	0.0437	
-21.3806	-45.7955	5.6978	-0.4222	-0.7165	0.1288	0.4750	-0.8686	0.1358	-0.0476	0.0990	-0.0369	0.0446	
-21.4160	-45.8667	5.7007	-0.4220	-0.7165	0.1285	0.5166	-0.8505	0.0974	-0.0326	0.0984	-0.0383	0.0461	
-21.4489	-45.9406	5.7110	-0.4217	-0.7165	0.1285	0.5540	-0.8307	0.0590	-0.0165	0.0977	-0.0392	0.0476	
-21.4875	-46.0114	5.7159	-0.4216	-0.7165	0.1282	0.5879	-0.8091	0.0197	-0.0009	0.0972	-0.0399	0.0489	
-21.5262	-46.0844	5.7239	-0.4215	-0.7165	0.1281	0.6212	-0.7833	-0.0224	0.0194	0.0967	-0.0404	0.0508	
-21.5633	-46.1539	5.7338	-0.4213	-0.7165	0.1280	0.6516	-0.7548	-0.0648	0.0414	0.0963	-0.0405	0.0527	
-21.5993	-46.2267	5.7444	-0.4211	-0.7165	0.1279	0.6793	-0.7235	-0.1060	0.0644	0.0959	-0.0405	0.0546	
-21.6358	-46.2974	5.7585	-0.4210	-0.7165	0.1280	0.7026	-0.6910	-0.1458	0.0888	0.0955	-0.0401	0.0565	
-21.6701	-46.3673	5.7748	-0.4207	-0.7164	0.1281	0.7228	-0.6554	-0.1871	0.1142	0.0952	-0.0395	0.0583	
-21.7096	-46.4372	5.7853	-0.4207	-0.7164	0.1280	0.7382	-0.6209	-0.2254	0.1382	0.0948	-0.0387	0.0597	
-21.7467	-46.5077	5.7983	-0.4205	-0.7163	0.1280	0.7505	-0.5818	-0.2655	0.1667	0.0947	-0.0374	0.0615	
-21.7866	-46.5811	5.8145	-0.4204	-0.7164	0.1281	0.7581	-0.5470	-0.3027	0.1875	0.0944	-0.0365	0.0622	
