-1.1654	-11.2617	0.2502	0.0000	0.0000	0.0000	0.0426	0.7695	0.1297	-0.6238	0.0000	0.0000	0.0000	
-0.8024	-11.2305	0.2345	0.0359	0.0031	-0.0016	-0.0514	0.7583	0.2180	-0.6258	0.0043	0.0098	0.0507	
-0.6062	-11.1677	0.3091	0.0875	0.0201	0.0179	0.0303	-0.7786	-0.2730	0.5702	0.0897	-0.1250	0.0563	
-0.5649	-11.1236	0.2786	0.0962	0.0443	0.0055	0.0399	-0.7852	-0.3155	0.5383	0.1159	-0.1665	0.0457	
-0.5311	-11.1386	0.2543	0.1122	0.0334	-0.0154	0.0172	-0.7876	-0.3989	0.4700	0.1086	-0.1703	0.0485	
-0.4914	-11.0888	0.2599	0.1443	0.0724	-0.0246	0.0090	0.7764	0.4648	-0.4378	0.1218	-0.1057	0.0325	
-0.4424	-11.0369	0.3902	0.1827	0.1108	0.1142	-0.0199	0.7468	0.5463	-0.3874	0.1283	-0.0688	0.0918	
-0.4926	-11.0855	0.4953	0.1064	0.0506	0.2115	0.0209	-0.7149	-0.6118	0.3381	0.1315	-0.0687	0.0836	
-0.5131	-11.1184	0.6025	0.0717	0.0068	0.3093	0.0099	-0.6915	-0.6631	0.2905	0.1218	-0.0675	0.0774	
-0.5860	-11.0130	0.6380	-0.0126	0.1233	0.3104	0.0010	0.6705	0.7027	-0.2442	0.1086	-0.0676	0.0736	
-0.6433	-11.0204	0.7718	-0.0652	0.0976	0.4222	-0.0076	0.6648	0.7241	-0.2006	0.0743	-0.0572	0.0797	
-0.7090	-10.9911	0.8745	-0.1271	0.1182	0.4847	0.0133	-0.6460	-0.7485	0.1522	0.0829	-0.0513	0.0802	
-0.7311	-10.9575	0.9435	-0.1327	0.1374	0.5057	0.0338	-0.6259	-0.7728	0.1068	0.0832	-0.0306	0.0894	
-0.7796	-10.9158	1.1001	-0.1630	0.1652	0.6081	0.0547	-0.6110	-0.7884	0.0752	0.0654	-0.0186	0.0824	
-0.9499	-10.8843	1.2180	-0.2973	0.1780	0.6610	0.0978	-0.5979	-0.7957	0.0527	0.0530	0.0012	0.0841	
-1.1088	-10.9266	1.3345	-0.4100	0.1222	0.7059	0.1373	-0.5888	-0.7970	0.0078	0.0406	0.0028	0.0939	
-1.2137	-10.9661	1.4526	-0.4605	0.0809	0.7457	0.1733	-0.5751	-0.8004	-0.0113	0.0358	0.0090	0.0905	
-1.3551	-10.9932	1.5194	-0.5375	0.0513	0.7396	0.2183	-0.5848	-0.7807	-0.0565	0.0195	0.0100	0.0968	
-1.4715	-10.9484	1.6565	-0.5864	0.0810	0.7869	0.2526	-0.5804	-0.7682	-0.0977	0.0129	0.0089	0.0986	
-1.6344	-10.8862	1.8062	-0.6620	0.1177	0.8373	0.2894	-0.5498	-0.7697	-0.1429	0.0158	0.0079	0.1022	
-1.6828	-10.8616	1.9210	-0.6492	0.1248	0.8584	0.3276	-0.5207	-0.7663	-0.1827	0.0176	0.0085	0.1045	
-1.8079	-10.7982	1.9932	-0.6867	0.1560	0.8487	0.3769	-0.4866	-0.7560	-0.2197	0.0187	0.0116	0.1078	
-1.8757	-10.8074	2.1228	-0.6870	0.1403	0.8772	0.4088	-0.4653	-0.7421	-0.2564	0.0172	0.0114	0.1080	
-2.0296	-10.8088	2.1639	-0.7336	0.1303	0.8500	0.4403	-0.4037	-0.7572	-0.2692	0.0267	0.0138	0.1057	
-2.1397	-10.8074	2.2139	-0.7528	0.1242	0.8308	0.4713	-0.3662	-0.7508	-0.2848	0.0287	0.0158	0.1039	
-2.2699	-10.7971	2.3574	-0.7822	0.1219	0.8650	0.5049	-0.3225	-0.7375	-0.3106	0.0303	0.0171	0.1044	
-2.4330	-10.7588	2.4531	-0.8267	0.1357	0.8699	0.5239	-0.2676	-0.7365	-0.3347	0.0346	0.0165	0.1035	
-2.5422	-10.7626	2.5616	-0.8376	0.1260	0.8822	0.5553	-0.2170	-0.7238	-0.3475	0.0374	0.0187	0.1029	
-2.6660	-10.7917	2.6502	-0.8574	0.1054	0.8840	0.5746	-0.1802	-0.7116	-0.3636	0.0379	0.0190	0.1012	
-2.7554	-10.7964	2.7565	-0.8578	0.0980	0.8940	0.5905	-0.1319	-0.7019	-0.3771	0.0405	0.0191	0.0997	
-2.8564	-10.7821	2.8586	-0.8628	0.1002	0.9013	0.6037	-0.0757	-0.6938	-0.3865	0.0443	0.0191	0.0981	
-2.9764	-10.7596	2.9940	-0.8757	0.1056	0.9223	0.6259	-0.0176	-0.6718	-0.3950	0.0470	0.0206	0.0980	
-3.0795	-10.7375	3.1091	-0.8811	0.1108	0.9335	0.6354	0.0374	-0.6574	-0.4042	0.0498	0.0204	0.0968	
-3.1858	-10.7281	3.2371	-0.8868	0.1101	0.9502	0.6441	0.0952	-0.6422	-0.4055	0.0532	0.0207	0.0952	
-3.2863	-10.7398	3.3461	-0.8897	0.1006	0.9569	0.6527	0.1561	-0.6196	-0.4070	0.0565	0.0211	0.0945	
-3.3848	-10.7278	3.4182	-0.8921	0.1016	0.9487	0.6530	0.2124	-0.6028	-0.4076	0.0595	0.0206	0.0930	
-3.4533	-10.7539	3.5447	-0.8828	0.0871	0.9629	0.6455	0.2698	-0.5854	-0.4110	0.0626	0.0190	0.0916	
-3.5677	-10.7581	3.6871	-0.8915	0.0822	0.9827	0.6355	0.3296	-0.5678	-0.4078	0.0662	0.0176	0.0900	
-3.7017	-10.7561	3.8345	-0.9070	0.0801	1.0029	0.6251	0.3902	-0.5436	-0.4024	0.0697	0.0166	0.0888	
-3.8254	-10.7549	3.9287	-0.9182	0.0774	1.0029	0.6135	0.4400	-0.5234	-0.3971	0.0719	0.0154	0.0871	
-3.9681	-10.7702	4.0869	-0.9355	0.0691	1.0257	0.5942	0.4955	-0.4995	-0.3911	0.0749	0.0135	0.0858	
-4.0606	-10.8321	4.2361	-0.9343	0.0448	1.0440	0.5724	0.5510	-0.4725	-0.3826	0.0780	0.0115	0.0847	
-4.1525	-10.8976	4.3669	-0.9331	0.0205	1.0552	0.5449	0.6038	-0.4461	-0.3750	0.0807	0.0089	0.0837	
-4.2531	-10.9522	4.5063	-0.9351	0.0015	1.0679	0.5205	0.6521	-0.4113	-0.3673	0.0828	0.0073	0.0831	
-4.3481	-10.9941	4.6251	-0.9351	-0.0126	1.0741	0.4902	0.6981	-0.3818	-0.3575	0.0849	0.0048	0.0822	
-4.4362	-11.0540	4.7558	-0.9331	-0.0314	1.0829	0.4581	0.7419	-0.3418	-0.3507	0.0866	0.0028	0.0821	
-4.5256	-11.0988	4.8580	-0.9315	-0.0450	1.0828	0.4250	0.7793	-0.3087	-0.3435	0.0877	0.0004	0.0816	
-4.6108	-11.1549	4.9691	-0.9287	-0.0611	1.0859	0.3822	0.8174	-0.2731	-0.3349	0.0891	-0.0029	0.0816	
-4.6952	-11.2455	5.0889	-0.9258	-0.0869	1.0910	0.3401	0.8505	-0.2328	-0.3274	0.0900	-0.0056	0.0819	
-4.7856	-11.2984	5.1691	-0.9249	-0.1004	1.0845	0.2961	0.8806	-0.1942	-0.3163	0.0910	-0.0083	0.0820	
-4.8881	-11.3203	5.2581	-0.9274	-0.1043	1.0811	0.2520	0.9052	-0.1577	-0.3058	0.0914	-0.0111	0.0822	
-4.9719	-11.3445	5.3573	-0.9244	-0.1089	1.0803	0.2110	0.9240	-0.1193	-0.2980	0.0911	-0.0131	0.0825	
-5.0640	-11.4131	5.4384	-0.9241	-0.1256	1.0748	0.1622	0.9418	-0.0782	-0.2853	0.0913	-0.0157	0.0832	
-5.1433	-11.4395	5.4998	-0.9200	-0.1298	1.0639	0.1160	0.9541	-0.0366	-0.2752	0.0911	-0.0177	0.0840	
-5.2074	-11.4686	5.5582	-0.9115	-0.1349	1.0527	0.0702	0.9616	0.0008	-0.2684	0.0900	-0.0195	0.0848	
-5.2642	-11.4987	5.6099	-0.9016	-0.1399	1.0401	0.0231	0.9648	0.0408	-0.2609	0.0890	-0.0211	0.0860	
-5.2026	-11.6245	5.7187	-0.8633	-0.1678	1.0387	0.0235	-0.9647	-0.0714	0.2578	0.0903	-0.0173	0.0856	
-5.2120	-11.7043	5.7982	-0.8445	-0.1828	1.0305	0.0658	-0.9591	-0.1077	0.2573	0.0913	-0.0139	0.0855	
-5.1842	-11.7543	5.8560	-0.8172	-0.1894	1.0173	0.1055	-0.9495	-0.1447	0.2616	0.0921	-0.0106	0.0855	
-5.2174	-11.7951	5.9290	-0.8057	-0.1936	1.0087	0.1465	-0.9370	-0.1821	0.2633	0.0920	-0.0071	0.0859	
-5.2447	-11.8192	5.9794	-0.7932	-0.1933	0.9949	0.1870	-0.9203	-0.2184	0.2685	0.0918	-0.0035	0.0864	
-5.2510	-11.8554	6.0462	-0.7761	-0.1959	0.9857	0.2275	-0.8993	-0.2527	0.2787	0.0913	0.0004	0.0871	
-5.3001	-11.8766	6.0767	-0.7695	-0.1950	0.9686	0.2674	-0.8740	-0.2868	0.2900	0.0905	0.0041	0.0878	
-5.3636	-11.8530	6.1475	-0.7665	-0.1836	0.9619	0.3040	-0.8444	-0.3210	0.3049	0.0899	0.0077	0.0884	
-5.4075	-11.8376	6.2065	-0.7590	-0.1746	0.9527	0.3411	-0.8115	-0.3519	0.3205	0.0888	0.0112	0.0891	
-5.4812	-11.8005	6.2689	-0.7583	-0.1610	0.9448	0.3762	-0.7741	-0.3805	0.3404	0.0879	0.0149	0.0897	
-5.5649	-11.7569	6.3257	-0.7598	-0.1464	0.9361	0.4095	-0.7336	-0.4062	0.3615	0.0867	0.0186	0.0903	
-5.6423	-11.7075	6.4257	-0.7598	-0.1312	0.9372	0.4417	-0.6882	-0.4297	0.3846	0.0855	0.0223	0.0908	
-5.7499	-11.6446	6.5076	-0.7662	-0.1141	0.9347	0.4649	-0.6388	-0.4591	0.4066	0.0850	0.0252	0.0906	
-5.8950	-11.5858	6.5911	-0.7804	-0.0986	0.9327	0.4854	-0.5870	-0.4870	0.4276	0.0844	0.0280	0.0904	
-6.0281	-11.5553	6.6991	-0.7916	-0.0895	0.9358	0.5024	-0.5361	-0.5130	0.4444	0.0838	0.0300	0.0901	
-6.1501	-11.5060	6.8066	-0.8002	-0.0772	0.9388	0.5156	-0.4817	-0.5407	0.4581	0.0834	0.0317	0.0896	
-6.2905	-11.4517	6.9317	-0.8122	-0.0643	0.9454	0.5201	-0.4260	-0.5708	0.4713	0.0836	0.0331	0.0886	
-6.4364	-11.4311	7.0622	-0.8252	-0.0586	0.9526	0.5228	-0.3724	-0.5996	0.4783	0.0837	0.0338	0.0875	
-6.5561	-11.4000	7.1789	-0.8326	-0.0512	0.9569	0.5219	-0.3194	-0.6299	0.4787	0.0839	0.0339	0.0865	
-6.6811	-11.3723	7.2922	-0.8408	-0.0446	0.9603	0.5185	-0.2683	-0.6573	0.4774	0.0840	0.0338	0.0852	
-6.8225	-11.3714	7.3944	-0.8521	-0.0435	0.9613	0.5133	-0.2186	-0.6840	0.4710	0.0840	0.0332	0.0840	
-6.9549	-11.3597	7.5092	-0.8613	-0.0403	0.9648	0.5030	-0.1691	-0.7112	0.4623	0.0844	0.0324	0.0825	
-7.0827	-11.3723	7.6027	-0.8698	-0.0420	0.9640	0.4941	-0.1230	-0.7379	0.4445	0.0845	0.0309	0.0814	
-7.2147	-11.3767	7.7212	-0.8787	-0.0421	0.9678	0.4854	-0.0806	-0.7605	0.4260	0.0841	0.0293	0.0802	
-7.3387	-11.3929	7.8379	-0.8860	-0.0444	0.9711	0.4759	-0.0397	-0.7818	0.4035	0.0837	0.0274	0.0791	
-7.4871	-11.4220	7.9299	-0.8976	-0.0490	0.9699	0.4646	0.0014	-0.8015	0.3791	0.0834	0.0256	0.0782	
-7.6424	-11.4503	8.0368	-0.9101	-0.0532	0.9714	0.4536	0.0419	-0.8178	0.3542	0.0830	0.0238	0.0775	
-7.7984	-11.4663	8.1378	-0.9225	-0.0553	0.9718	0.4441	0.0827	-0.8315	0.3259	0.0823	0.0221	0.0771	
-7.9264	-11.4900	8.2124	-0.9297	-0.0586	0.9675	0.4358	0.1193	-0.8443	0.2918	0.0814	0.0200	0.0770	
-8.0771	-11.5194	8.2798	-0.9407	-0.0628	0.9621	0.4260	0.1545	-0.8547	0.2575	0.0805	0.0179	0.0769	
-8.2089	-11.5238	8.3391	-0.9480	-0.0627	0.9555	0.4183	0.1890	-0.8611	0.2231	0.0793	0.0161	0.0770	
-8.3449	-11.5437	8.4070	-0.9560	-0.0651	0.9506	0.4104	0.2243	-0.8657	0.1834	0.0780	0.0142	0.0776	
-8.4875	-11.5648	8.4648	-0.9650	-0.0677	0.9440	0.4019	0.2572	-0.8685	0.1410	0.0766	0.0122	0.0784	
-8.6290	-11.5716	8.5259	-0.9736	-0.0678	0.9383	0.3948	0.2937	-0.8659	0.0962	0.0752	0.0107	0.0798	
-8.7741	-11.5804	8.5825	-0.9824	-0.0682	0.9320	0.3888	0.3293	-0.8595	0.0524	0.0737	0.0096	0.0811	
-8.9161	-11.5934	8.6365	-0.9904	-0.0693	0.9255	0.3823	0.3645	-0.8496	0.0083	0.0721	0.0087	0.0825	
-9.0567	-11.5967	8.6870	-0.9980	-0.0687	0.9185	0.3779	0.3997	-0.8345	-0.0413	0.0702	0.0080	0.0845	
-9.2065	-11.5918	8.7480	-1.0068	-0.0668	0.9135	0.3710	0.4328	-0.8174	-0.0872	0.0684	0.0074	0.0862	
-9.3488	-11.5911	8.8022	-1.0139	-0.0656	0.9075	0.3688	0.4638	-0.7952	-0.1319	0.0663	0.0075	0.0879	
-9.4980	-11.5975	8.8545	-1.0220	-0.0655	0.9014	0.3651	0.4936	-0.7692	-0.1788	0.0641	0.0078	0.0897	
-9.6339	-11.5870	8.9087	-1.0278	-0.0627	0.8957	0.3589	0.5220	-0.7405	-0.2255	0.0621	0.0080	0.0916	
-9.7799	-11.5817	8.9789	-1.0349	-0.0608	0.8926	0.3551	0.5488	-0.7069	-0.2708	0.0598	0.0088	0.0934	
-9.9117	-11.5683	9.0411	-1.0394	-0.0577	0.8885	0.3525	0.5717	-0.6733	-0.3103	0.0576	0.0098	0.0946	
-10.0576	-11.5605	9.1284	-1.0459	-0.0555	0.8881	0.3502	0.5932	-0.6350	-0.3505	0.0553	0.0111	0.0959	
-10.1794	-11.5481	9.2120	-1.0487	-0.0526	0.8873	0.3475	0.6128	-0.5934	-0.3899	0.0530	0.0126	0.0973	
-10.2924	-11.5337	9.2741	-1.0500	-0.0494	0.8834	0.3439	0.6292	-0.5512	-0.4273	0.0509	0.0143	0.0983	
-10.4027	-11.5013	9.3564	-1.0508	-0.0438	0.8825	0.3378	0.6443	-0.5073	-0.4624	0.0490	0.0157	0.0992	
-10.5142	-11.4721	9.4310	-1.0518	-0.0387	0.8806	0.3305	0.6577	-0.4630	-0.4942	0.0473	0.0171	0.0999	
-10.6157	-11.4593	9.5255	-1.0512	-0.0362	0.8815	0.3254	0.6703	-0.4164	-0.5214	0.0458	0.0190	0.1001	
-10.7337	-11.4380	9.6218	-1.0531	-0.0324	0.8827	0.3174	0.6817	-0.3664	-0.5481	0.0445	0.0207	0.1005	
-10.8503	-11.4229	9.7213	-1.0546	-0.0297	0.8844	0.3071	0.6939	-0.3176	-0.5688	0.0437	0.0222	0.1005	
-10.9441	-11.3935	9.8236	-1.0529	-0.0252	0.8864	0.2999	0.7020	-0.2729	-0.5864	0.0428	0.0236	0.1000	
-11.0473	-11.3671	9.9178	-1.0525	-0.0212	0.8872	0.2871	0.7114	-0.2260	-0.6008	0.0424	0.0246	0.0996	
-11.1481	-11.3352	10.0109	-1.0518	-0.0166	0.8879	0.2769	0.7181	-0.1833	-0.6126	0.0419	0.0255	0.0988	
-11.2436	-11.2984	10.1153	-1.0504	-0.0116	0.8900	0.2610	0.7263	-0.1389	-0.6211	0.0418	0.0259	0.0982	
-11.3349	-11.2678	10.2236	-1.0485	-0.0075	0.8927	0.2479	0.7318	-0.0986	-0.6282	0.0415	0.0263	0.0973	
-11.4431	-11.2301	10.3360	-1.0488	-0.0028	0.8957	0.2331	0.7385	-0.0649	-0.6310	0.0412	0.0260	0.0961	
-11.5303	-11.2204	10.4455	-1.0465	-0.0018	0.8983	0.2142	0.7447	-0.0236	-0.6325	0.0413	0.0258	0.0954	
-11.6045	-11.1792	10.5740	-1.0425	0.0032	0.9033	0.1919	0.7513	0.0192	-0.6317	0.0416	0.0252	0.0950	
-11.7008	-11.1513	10.6922	-1.0414	0.0063	0.9069	0.1735	0.7585	0.0539	-0.6273	0.0418	0.0244	0.0940	
-11.7915	-11.1376	10.8166	-1.0397	0.0076	0.9111	0.1485	0.7620	0.0949	-0.6237	0.0418	0.0237	0.0937	
-11.8822	-11.1276	10.9382	-1.0379	0.0083	0.9148	0.1210	0.7663	0.1301	-0.6184	0.0416	0.0224	0.0935	
-11.9784	-11.1031	11.0605	-1.0369	0.0108	0.9185	0.0946	0.7697	0.1654	-0.6103	0.0416	0.0212	0.0931	
-12.0710	-11.0702	11.1800	-1.0354	0.0142	0.9217	0.0627	0.7711	0.1939	-0.6046	0.0406	0.0195	0.0932	
-12.1720	-11.0580	11.3012	-1.0350	0.0151	0.9251	0.0321	0.7702	0.2244	-0.5973	0.0399	0.0183	0.0932	
-12.2297	-11.0768	11.4453	-1.0293	0.0131	0.9317	-0.0092	0.7683	0.2583	-0.5860	0.0400	0.0210	0.0924	
-12.3146	-11.0788	11.5622	-1.0271	0.0123	0.9343	0.0481	-0.7617	-0.2921	0.5767	0.0391	0.0196	0.0931	
-12.4267	-11.0863	11.6786	-1.0281	0.0108	0.9367	0.0869	-0.7531	-0.3219	0.5678	0.0378	0.0184	0.0937	
-12.5193	-11.0700	11.8077	-1.0268	0.0122	0.9407	0.1235	-0.7436	-0.3477	0.5586	0.0364	0.0172	0.0941	
-12.6134	-11.0654	11.9193	-1.0256	0.0123	0.9424	0.1633	-0.7307	-0.3744	0.5475	0.0350	0.0161	0.0948	
-12.7082	-11.0632	12.0222	-1.0246	0.0121	0.9431	0.2043	-0.7155	-0.3974	0.5377	0.0331	0.0152	0.0955	
-12.8184	-11.0570	12.1375	-1.0253	0.0124	0.9452	0.2449	-0.6963	-0.4204	0.5282	0.0312	0.0147	0.0963	
-12.9099	-11.0551	12.2417	-1.0238	0.0123	0.9460	0.2897	-0.6721	-0.4420	0.5189	0.0288	0.0144	0.0973	
-12.9987	-11.0476	12.3462	-1.0220	0.0129	0.9468	0.3298	-0.6489	-0.4586	0.5107	0.0265	0.0143	0.0979	
-13.0935	-11.0395	12.4504	-1.0210	0.0135	0.9476	0.3717	-0.6214	-0.4765	0.4989	0.0243	0.0143	0.0987	
-13.1998	-11.0330	12.5615	-1.0213	0.0140	0.9491	0.4119	-0.5920	-0.4938	0.4861	0.0222	0.0143	0.0995	
-13.3036	-11.0337	12.6594	-1.0214	0.0138	0.9492	0.4464	-0.5607	-0.5102	0.4759	0.0205	0.0149	0.0997	
-13.4029	-11.0186	12.7614	-1.0209	0.0153	0.9498	0.4840	-0.5218	-0.5280	0.4631	0.0188	0.0158	0.1005	
-13.4967	-11.0063	12.8700	-1.0198	0.0166	0.9512	0.5152	-0.4856	-0.5418	0.4536	0.0172	0.0168	0.1005	
-13.5899	-10.9947	12.9778	-1.0187	0.0178	0.9524	0.5457	-0.4460	-0.5558	0.4410	0.0158	0.0179	0.1007	
-13.6792	-10.9786	13.0782	-1.0172	0.0194	0.9529	0.5722	-0.4057	-0.5698	0.4285	0.0148	0.0191	0.1007	
-13.7619	-10.9614	13.1794	-1.0150	0.0212	0.9535	0.5953	-0.3647	-0.5821	0.4174	0.0140	0.0205	0.1004	
-13.8492	-10.9574	13.2838	-1.0133	0.0216	0.9545	0.6167	-0.3211	-0.5936	0.4056	0.0133	0.0220	0.1001	
-13.9560	-10.9367	13.3789	-1.0139	0.0237	0.9545	0.6357	-0.2741	-0.6068	0.3905	0.0131	0.0234	0.0999	
-14.0440	-10.9226	13.4869	-1.0124	0.0250	0.9558	0.6521	-0.2316	-0.6163	0.3765	0.0128	0.0246	0.0995	
-14.1387	-10.9143	13.5956	-1.0116	0.0257	0.9573	0.6633	-0.1922	-0.6271	0.3617	0.0129	0.0254	0.0987	
-14.2323	-10.9046	13.7074	-1.0108	0.0266	0.9590	0.6716	-0.1531	-0.6366	0.3485	0.0133	0.0263	0.0978	
-14.3304	-10.8955	13.8206	-1.0104	0.0274	0.9609	0.6782	-0.1102	-0.6463	0.3330	0.0138	0.0272	0.0971	
-14.4201	-10.8836	13.9307	-1.0092	0.0284	0.9625	0.6834	-0.0658	-0.6551	0.3164	0.0145	0.0281	0.0965	
-14.5135	-10.8634	14.0378	-1.0084	0.0302	0.9637	0.6849	-0.0218	-0.6651	0.2977	0.0155	0.0287	0.0959	
-14.6141	-10.8455	14.1460	-1.0083	0.0318	0.9651	0.6835	0.0186	-0.6751	0.2784	0.0167	0.0287	0.0952	
-14.7103	-10.8389	14.2607	-1.0078	0.0321	0.9670	0.6807	0.0592	-0.6837	0.2577	0.0177	0.0288	0.0946	
-14.8083	-10.8227	14.3793	-1.0075	0.0334	0.9694	0.6749	0.0985	-0.6925	0.2369	0.0189	0.0285	0.0940	
-14.9111	-10.8204	14.4978	-1.0077	0.0333	0.9717	0.6655	0.1364	-0.7012	0.2197	0.0204	0.0283	0.0931	
-15.0174	-10.8213	14.6125	-1.0082	0.0329	0.9735	0.6559	0.1730	-0.7092	0.1943	0.0214	0.0274	0.0927	
-15.1120	-10.8152	14.7309	-1.0076	0.0331	0.9757	0.6446	0.2129	-0.7152	0.1674	0.0226	0.0268	0.0925	
-15.2134	-10.8149	14.8428	-1.0076	0.0327	0.9772	0.6320	0.2520	-0.7203	0.1355	0.0234	0.0258	0.0927	
-15.3094	-10.8160	14.9617	-1.0071	0.0322	0.9793	0.6164	0.2923	-0.7241	0.1005	0.0243	0.0246	0.0931	
-15.4045	-10.8213	15.0783	-1.0065	0.0313	0.9811	0.6000	0.3289	-0.7264	0.0634	0.0247	0.0233	0.0935	
-15.4996	-10.8233	15.1880	-1.0059	0.0307	0.9823	0.5835	0.3595	-0.7280	0.0269	0.0248	0.0217	0.0938	
-15.6009	-10.8269	15.3028	-1.0059	0.0300	0.9838	0.5663	0.3905	-0.7258	-0.0108	0.0246	0.0203	0.0941	
-15.7019	-10.8288	15.4128	-1.0058	0.0295	0.9849	0.5465	0.4236	-0.7204	-0.0514	0.0245	0.0191	0.0948	
-15.8070	-10.8321	15.5161	-1.0062	0.0288	0.9853	0.5243	0.4555	-0.7130	-0.0944	0.0243	0.0179	0.0956	
-15.9163	-10.8395	15.6212	-1.0069	0.0278	0.9858	0.5017	0.4858	-0.7009	-0.1427	0.0235	0.0167	0.0968	
-16.0139	-10.8437	15.7104	-1.0066	0.0271	0.9850	0.4824	0.5087	-0.6903	-0.1799	0.0228	0.0158	0.0970	
-16.1084	-10.8424	15.8080	-1.0060	0.0270	0.9848	0.4616	0.5309	-0.6724	-0.2291	0.0211	0.0150	0.0980	
-16.2061	-10.8375	15.9026	-1.0057	0.0272	0.9843	0.4421	0.5522	-0.6516	-0.2735	0.0197	0.0147	0.0987	
-16.3007	-10.8345	15.9992	-1.0051	0.0272	0.9841	0.4220	0.5702	-0.6285	-0.3186	0.0180	0.0145	0.0994	
-16.3891	-10.8367	16.0983	-1.0040	0.0269	0.9841	0.4033	0.5877	-0.6014	-0.3605	0.0165	0.0148	0.0998	
-16.4757	-10.8343	16.1973	-1.0027	0.0269	0.9841	0.3805	0.6034	-0.5718	-0.4044	0.0150	0.0149	0.1006	
-16.5619	-10.8264	16.2916	-1.0014	0.0274	0.9836	0.3597	0.6172	-0.5401	-0.4445	0.0136	0.0154	0.1010	
-16.6512	-10.8195	16.3952	-1.0004	0.0279	0.9841	0.3400	0.6295	-0.5049	-0.4826	0.0122	0.0163	0.1013	
-16.7526	-10.8157	16.4874	-1.0006	0.0280	0.9835	0.3222	0.6389	-0.4684	-0.5182	0.0108	0.0175	0.1014	
-16.8542	-10.8061	16.5816	-1.0007	0.0288	0.9831	0.3052	0.6470	-0.4286	-0.5518	0.0096	0.0189	0.1013	
-16.9508	-10.7931	16.6768	-1.0005	0.0298	0.9828	0.2863	0.6528	-0.3843	-0.5864	0.0084	0.0206	0.1015	
-17.0494	-10.7837	16.7780	-1.0004	0.0304	0.9831	0.2725	0.6587	-0.3414	-0.6130	0.0078	0.0225	0.1011	
-17.1556	-10.7666	16.8704	-1.0010	0.0318	0.9826	0.2593	0.6622	-0.2994	-0.6366	0.0073	0.0243	0.1004	
-17.2570	-10.7610	16.9750	-1.0012	0.0321	0.9832	0.2399	0.6656	-0.2521	-0.6601	0.0070	0.0260	0.1003	
-17.3610	-10.7459	17.0696	-1.0017	0.0332	0.9830	0.2243	0.6689	-0.2077	-0.6780	0.0072	0.0276	0.0996	
-17.4635	-10.7303	17.1618	-1.0020	0.0343	0.9825	0.2114	0.6697	-0.1599	-0.6942	0.0076	0.0297	0.0989	
-17.5612	-10.7132	17.2655	-1.0018	0.0355	0.9831	0.1961	0.6706	-0.1146	-0.7067	0.0082	0.0312	0.0982	
-17.6657	-10.7049	17.3728	-1.0023	0.0360	0.9840	0.1833	0.6713	-0.0684	-0.7156	0.0091	0.0328	0.0972	
-17.7691	-10.6906	17.4699	-1.0027	0.0369	0.9840	0.1672	0.6716	-0.0231	-0.7220	0.0102	0.0339	0.0964	
-17.8781	-10.6878	17.5697	-1.0035	0.0368	0.9842	0.1543	0.6699	0.0244	-0.7265	0.0115	0.0355	0.0955	
-17.9819	-10.6750	17.6725	-1.0039	0.0376	0.9847	0.1371	0.6698	0.0692	-0.7271	0.0129	0.0361	0.0948	
-18.0952	-10.6691	17.7767	-1.0051	0.0377	0.9853	0.1234	0.6687	0.1164	-0.7246	0.0148	0.0370	0.0939	
-18.1961	-10.6661	17.8789	-1.0053	0.0376	0.9857	0.1071	0.6682	0.1623	-0.7188	0.0167	0.0374	0.0932	
-18.3095	-10.6662	17.9723	-1.0064	0.0373	0.9854	0.0928	0.6655	0.2085	-0.7114	0.0188	0.0380	0.0924	
-18.4158	-10.6550	18.0744	-1.0070	0.0378	0.9858	0.0744	0.6617	0.2544	-0.7019	0.0207	0.0381	0.0919	
-18.5236	-10.6495	18.1813	-1.0076	0.0378	0.9866	0.0552	0.6578	0.2990	-0.6897	0.0226	0.0379	0.0915	
-18.6582	-10.6447	18.3050	-1.0103	0.0380	0.9885	0.0360	0.6553	0.3415	-0.6736	0.0198	0.0389	0.0919	
-18.7550	-10.6389	18.4060	-1.0100	0.0381	0.9887	0.0103	0.6493	0.3804	-0.6590	0.0212	0.0385	0.0915	
-18.8665	-10.6401	18.5351	-1.0108	0.0378	0.9910	0.0196	-0.6410	-0.4206	0.6419	0.0188	0.0390	0.0916	
-18.9897	-10.6327	18.6612	-1.0124	0.0381	0.9930	0.0457	-0.6321	-0.4574	0.6243	0.0166	0.0387	0.0921	
-19.1116	-10.6374	18.7912	-1.0139	0.0375	0.9952	0.0783	-0.6260	-0.4906	0.6015	0.0138	0.0387	0.0925	
-19.2303	-10.6378	18.9166	-1.0152	0.0372	0.9971	0.1115	-0.6179	-0.5208	0.5788	0.0115	0.0383	0.0931	
-19.3370	-10.6407	19.0361	-1.0156	0.0368	0.9985	0.1503	-0.6086	-0.5454	0.5566	0.0093	0.0384	0.0935	
-19.4466	-10.6451	19.1477	-1.0161	0.0362	0.9993	0.1893	-0.5973	-0.5682	0.5335	0.0072	0.0381	0.0939	
-19.5467	-10.6557	19.2596	-1.0159	0.0351	1.0001	0.2300	-0.5848	-0.5884	0.5089	0.0052	0.0378	0.0944	
-19.6503	-10.6563	19.3623	-1.0161	0.0349	1.0002	0.2706	-0.5723	-0.6059	0.4819	0.0032	0.0373	0.0950	
-19.7512	-10.6459	19.4658	-1.0159	0.0354	1.0004	0.3104	-0.5576	-0.6233	0.4519	0.0015	0.0363	0.0957	
-19.8550	-10.6470	19.5731	-1.0161	0.0350	1.0008	0.3532	-0.5425	-0.6340	0.4230	-0.0005	0.0360	0.0963	
-19.9529	-10.6474	19.6770	-1.0158	0.0348	1.0010	0.3979	-0.5235	-0.6412	0.3952	-0.0022	0.0361	0.0967	
-20.0441	-10.6432	19.7821	-1.0150	0.0349	1.0014	0.4390	-0.5037	-0.6465	0.3682	-0.0036	0.0360	0.0971	
-20.1457	-10.6413	19.8800	-1.0150	0.0348	1.0012	0.4802	-0.4797	-0.6507	0.3401	-0.0048	0.0360	0.0974	
-20.2337	-10.6312	19.9684	-1.0140	0.0353	1.0003	0.5178	-0.4497	-0.6557	0.3155	-0.0052	0.0363	0.0975	
-20.3236	-10.6279	20.0591	-1.0131	0.0353	0.9997	0.5559	-0.4140	-0.6575	0.2952	-0.0053	0.0373	0.0975	
-20.4111	-10.6179	20.1472	-1.0121	0.0358	0.9989	0.5903	-0.3747	-0.6605	0.2730	-0.0051	0.0381	0.0974	
-20.5086	-10.6146	20.2366	-1.0119	0.0358	0.9982	0.6217	-0.3329	-0.6616	0.2550	-0.0046	0.0392	0.0971	
-20.5944	-10.6054	20.3303	-1.0107	0.0362	0.9978	0.6501	-0.2916	-0.6613	0.2348	-0.0042	0.0401	0.0968	
-20.6881	-10.5850	20.4310	-1.0102	0.0375	0.9980	0.6731	-0.2461	-0.6623	0.2197	-0.0032	0.0411	0.0960	
-20.7800	-10.5808	20.5327	-1.0096	0.0375	0.9982	0.6920	-0.1995	-0.6643	0.2011	-0.0020	0.0418	0.0954	
-20.8720	-10.5749	20.6260	-1.0089	0.0377	0.9978	0.7084	-0.1502	-0.6648	0.1854	-0.0006	0.0429	0.0948	
-20.9743	-10.5653	20.7328	-1.0090	0.0381	0.9984	0.7205	-0.0985	-0.6654	0.1712	0.0012	0.0439	0.0939	
-21.0636	-10.5531	20.8378	-1.0082	0.0387	0.9989	0.7290	-0.0465	-0.6656	0.1556	0.0030	0.0448	0.0932	
-21.1499	-10.5472	20.9433	-1.0071	0.0388	0.9994	0.7327	0.0050	-0.6666	0.1414	0.0050	0.0455	0.0922	
-21.2526	-10.5334	21.0572	-1.0073	0.0395	1.0004	0.7351	0.0540	-0.6650	0.1243	0.0067	0.0460	0.0914	
-21.3529	-10.5249	21.1648	-1.0072	0.0399	1.0011	0.7336	0.1051	-0.6632	0.1109	0.0089	0.0467	0.0904	
-21.4482	-10.5267	21.2668	-1.0068	0.0395	1.0013	0.7289	0.1526	-0.6616	0.0954	0.0108	0.0469	0.0894	
-21.5462	-10.5168	21.3794	-1.0066	0.0399	1.0022	0.7196	0.2017	-0.6607	0.0808	0.0132	0.0471	0.0885	
-21.6523	-10.5068	21.4902	-1.0070	0.0403	1.0030	0.7108	0.2477	-0.6562	0.0618	0.0151	0.0471	0.0878	
-21.7497	-10.5040	21.5954	-1.0067	0.0402	1.0034	0.6977	0.2916	-0.6541	0.0436	0.0172	0.0467	0.0870	
-21.8486	-10.4977	21.7120	-1.0066	0.0404	1.0046	0.6834	0.3364	-0.6484	0.0297	0.0194	0.0466	0.0861	
-21.9555	-10.5033	21.8236	-1.0070	0.0397	1.0054	0.6653	0.3804	-0.6433	0.0098	0.0215	0.0461	0.0856	
-22.0645	-10.5016	21.9304	-1.0075	0.0396	1.0059	0.6455	0.4209	-0.6382	-0.0116	0.0234	0.0453	0.0852	
-22.1668	-10.4975	22.0424	-1.0076	0.0396	1.0068	0.6225	0.4638	-0.6303	-0.0330	0.0256	0.0446	0.0851	
-22.2676	-10.5068	22.1507	-1.0076	0.0387	1.0073	0.5980	0.5033	-0.6227	-0.0521	0.0276	0.0437	0.0847	
-22.3776	-10.5170	22.2616	-1.0082	0.0378	1.0081	0.5719	0.5392	-0.6148	-0.0737	0.0294	0.0425	0.0845	
-22.4763	-10.5215	22.3737	-1.0080	0.0372	1.0088	0.5464	0.5759	-0.6001	-0.0998	0.0307	0.0417	0.0848	
-22.5682	-10.5299	22.4828	-1.0074	0.0364	1.0094	0.5171	0.6097	-0.5876	-0.1274	0.0320	0.0403	0.0852	
-22.6724	-10.5444	22.5849	-1.0076	0.0352	1.0095	0.4854	0.6414	-0.5730	-0.1580	0.0330	0.0389	0.0859	
-22.7797	-10.5626	22.6913	-1.0081	0.0338	1.0099	0.4544	0.6689	-0.5578	-0.1884	0.0337	0.0375	0.0865	
-22.8763	-10.5781	22.7896	-1.0078	0.0326	1.0098	0.4214	0.6950	-0.5401	-0.2191	0.0343	0.0361	0.0872	
-22.9650	-10.5855	22.8906	-1.0070	0.0319	1.0098	0.3890	0.7165	-0.5233	-0.2490	0.0345	0.0345	0.0878	
-23.0615	-10.5899	22.9882	-1.0067	0.0314	1.0096	0.3544	0.7376	-0.5014	-0.2812	0.0348	0.0332	0.0887	
-23.1553	-10.5938	23.0813	-1.0063	0.0310	1.0091	0.3212	0.7540	-0.4776	-0.3165	0.0344	0.0321	0.0896	
-23.2544	-10.6012	23.1788	-1.0062	0.0303	1.0089	0.2862	0.7694	-0.4527	-0.3482	0.0342	0.0310	0.0905	
-23.3394	-10.6089	23.2728	-1.0052	0.0297	1.0085	0.2515	0.7798	-0.4250	-0.3843	0.0334	0.0301	0.0916	
-23.4254	-10.6095	23.3660	-1.0043	0.0295	1.0080	0.2191	0.7884	-0.3936	-0.4184	0.0327	0.0296	0.0925	
-23.5181	-10.6135	23.4650	-1.0038	0.0290	1.0079	0.1849	0.7957	-0.3586	-0.4510	0.0321	0.0293	0.0934	
-23.6072	-10.6124	23.5599	-1.0031	0.0289	1.0076	0.1538	0.7990	-0.3206	-0.4843	0.0313	0.0294	0.0942	
-23.6973	-10.6101	23.6560	-1.0024	0.0289	1.0073	0.1251	0.8001	-0.2846	-0.5129	0.0305	0.0295	0.0945	
-23.7941	-10.6017	23.7599	-1.0022	0.0292	1.0075	0.0975	0.7990	-0.2466	-0.5395	0.0299	0.0298	0.0947	
-23.8879	-10.6001	23.8578	-1.0018	0.0292	1.0073	0.0686	0.7933	-0.2024	-0.5695	0.0291	0.0306	0.0953	
-23.9819	-10.5913	23.9579	-1.0014	0.0295	1.0073	0.0441	0.7882	-0.1590	-0.5927	0.0288	0.0314	0.0952	
-24.0773	-10.5863	24.0576	-1.0011	0.0296	1.0072	0.0189	0.7812	-0.1172	-0.6128	0.0284	0.0314	0.0952	
-24.1702	-10.5774	24.1571	-1.0007	0.0300	1.0071	0.0035	-0.7717	0.0734	0.6316	0.0283	0.0323	0.0950	
-24.2660	-10.5647	24.2659	-1.0004	0.0306	1.0076	0.0228	-0.7633	0.0276	0.6452	0.0288	0.0332	0.0944	
-24.3609	-10.5535	24.3628	-1.0001	0.0311	1.0074	0.0380	-0.7543	-0.0175	0.6557	0.0296	0.0342	0.0934	
-24.4583	-10.5437	24.4650	-0.9999	0.0314	1.0075	0.0512	-0.7421	-0.0634	0.6658	0.0303	0.0354	0.0924	
-24.5558	-10.5347	24.5699	-0.9998	0.0318	1.0078	0.0660	-0.7301	-0.1118	0.6712	0.0316	0.0363	0.0915	
-24.6639	-10.5210	24.6743	-1.0002	0.0324	1.0080	0.0766	-0.7174	-0.1590	0.6745	0.0331	0.0372	0.0903	
-24.7686	-10.5079	24.7776	-1.0005	0.0329	1.0082	0.0852	-0.7064	-0.2038	0.6735	0.0348	0.0377	0.0889	
-24.8782	-10.4957	24.8853	-1.0011	0.0334	1.0086	0.0927	-0.6943	-0.2490	0.6698	0.0366	0.0380	0.0876	
-24.9818	-10.4949	24.9846	-1.0013	0.0332	1.0085	0.1012	-0.6813	-0.2967	0.6622	0.0389	0.0381	0.0864	
-25.0910	-10.4898	25.0789	-1.0019	0.0333	1.0081	0.1105	-0.6649	-0.3444	0.6541	0.0409	0.0382	0.0854	
-25.1962	-10.4854	25.1756	-1.0022	0.0333	1.0079	0.1155	-0.6533	-0.3866	0.6420	0.0431	0.0377	0.0840	
-25.3055	-10.4819	25.2731	-1.0027	0.0332	1.0077	0.1265	-0.6366	-0.4314	0.6272	0.0451	0.0371	0.0833	
-25.4122	-10.4796	25.3680	-1.0031	0.0331	1.0074	0.1380	-0.6203	-0.4751	0.6094	0.0470	0.0361	0.0827	
-25.5183	-10.4813	25.4569	-1.0034	0.0328	1.0067	0.1501	-0.6057	-0.5151	0.5887	0.0487	0.0347	0.0822	
-25.6318	-10.4841	25.5475	-1.0042	0.0323	1.0061	0.1609	-0.5890	-0.5553	0.5657	0.0506	0.0333	0.0817	
-25.7357	-10.4833	25.6386	-1.0044	0.0321	1.0056	0.1726	-0.5680	-0.5965	0.5408	0.0524	0.0320	0.0814	
-25.8389	-10.4851	25.7306	-1.0046	0.0318	1.0051	0.1858	-0.5476	-0.6352	0.5127	0.0540	0.0303	0.0814	
-25.9460	-10.4914	25.8219	-1.0050	0.0312	1.0045	0.2005	-0.5276	-0.6712	0.4814	0.0553	0.0284	0.0815	
-26.0475	-10.4909	25.9090	-1.0051	0.0310	1.0037	0.2187	-0.5047	-0.7053	0.4478	0.0562	0.0264	0.0821	
-26.1526	-10.4910	25.9895	-1.0054	0.0307	1.0026	0.2400	-0.4768	-0.7398	0.4095	0.0572	0.0244	0.0831	
-26.2527	-10.4880	26.0713	-1.0054	0.0307	1.0015	0.2552	-0.4493	-0.7705	0.3737	0.0582	0.0227	0.0835	
-26.3543	-10.4772	26.1596	-1.0054	0.0310	1.0009	0.2734	-0.4232	-0.7957	0.3370	0.0585	0.0209	0.0842	
-26.4517	-10.4735	26.2425	-1.0053	0.0310	0.9999	0.2944	-0.3942	-0.8190	0.2956	0.0586	0.0189	0.0853	
-26.5541	-10.4622	26.3237	-1.0054	0.0314	0.9988	0.3167	-0.3620	-0.8394	0.2532	0.0586	0.0172	0.0866	
-26.6566	-10.4561	26.4097	-1.0055	0.0315	0.9980	0.3355	-0.3296	-0.8566	0.2128	0.0585	0.0157	0.0875	
-26.7552	-10.4452	26.4957	-1.0054	0.0319	0.9972	0.3578	-0.2936	-0.8703	0.1675	0.0582	0.0142	0.0890	
-26.8538	-10.4357	26.5813	-1.0053	0.0322	0.9964	0.3784	-0.2592	-0.8799	0.1242	0.0577	0.0128	0.0902	
-26.9563	-10.4268	26.6657	-1.0055	0.0325	0.9955	0.3977	-0.2194	-0.8870	0.0804	0.0573	0.0118	0.0915	
-27.0604	-10.4144	26.7607	-1.0057	0.0329	0.9953	0.4208	-0.1839	-0.8876	0.0370	0.0561	0.0107	0.0930	
-27.1562	-10.4037	26.8564	-1.0054	0.0333	0.9950	0.4418	-0.1422	-0.8855	-0.0049	0.0551	0.0103	0.0944	
-27.2521	-10.3916	26.9476	-1.0052	0.0337	0.9946	0.4634	-0.0927	-0.8794	-0.0469	0.0544	0.0105	0.0959	
-27.3458	-10.3826	27.0366	-1.0048	0.0340	0.9940	0.4833	-0.0408	-0.8696	-0.0861	0.0538	0.0111	0.0973	
-27.4476	-10.3751	27.1353	-1.0049	0.0342	0.9939	0.5002	0.0049	-0.8573	-0.1200	0.0530	0.0117	0.0980	
-27.5446	-10.3609	27.2328	-1.0047	0.0348	0.9938	0.5176	0.0520	-0.8396	-0.1547	0.0520	0.0125	0.0990	
-27.6406	-10.3485	27.3299	-1.0044	0.0353	0.9937	0.5311	0.0996	-0.8204	-0.1858	0.0514	0.0134	0.0996	
-27.7339	-10.3403	27.4317	-1.0041	0.0355	0.9938	0.5386	0.1466	-0.8015	-0.2140	0.0512	0.0141	0.0997	
-27.8282	-10.3341	27.5325	-1.0037	0.0357	0.9939	0.5440	0.1943	-0.7802	-0.2397	0.0513	0.0150	0.0996	
-27.9215	-10.3251	27.6324	-1.0033	0.0360	0.9939	0.5469	0.2471	-0.7539	-0.2659	0.0517	0.0161	0.0998	
-28.0103	-10.3167	27.7417	-1.0027	0.0362	0.9945	0.5474	0.2987	-0.7273	-0.2860	0.0525	0.0172	0.0994	
-28.1018	-10.3058	27.8452	-1.0023	0.0366	0.9947	0.5455	0.3497	-0.6987	-0.3028	0.0535	0.0184	0.0988	
-28.1953	-10.3018	27.9482	-1.0019	0.0366	0.9949	0.5400	0.3961	-0.6713	-0.3181	0.0544	0.0191	0.0979	
-28.2868	-10.3003	28.0474	-1.0014	0.0365	0.9949	0.5326	0.4389	-0.6436	-0.3317	0.0552	0.0196	0.0970	
-28.3790	-10.2936	28.1471	-1.0010	0.0367	0.9949	0.5220	0.4812	-0.6170	-0.3410	0.0564	0.0198	0.0957	
-28.4762	-10.2894	28.2472	-1.0008	0.0367	0.9950	0.5093	0.5210	-0.5895	-0.3502	0.0574	0.0197	0.0945	
-28.5697	-10.2850	28.3519	-1.0005	0.0368	0.9953	0.4917	0.5605	-0.5617	-0.3598	0.0586	0.0191	0.0934	
-28.6666	-10.2781	28.4499	-1.0003	0.0369	0.9952	0.4708	0.6004	-0.5328	-0.3673	0.0601	0.0182	0.0924	
-28.7630	-10.2751	28.5536	-1.0001	0.0369	0.9954	0.4478	0.6378	-0.5051	-0.3726	0.0614	0.0170	0.0912	
-28.8586	-10.2714	28.6560	-0.9999	0.0369	0.9956	0.4241	0.6722	-0.4745	-0.3795	0.0624	0.0159	0.0904	
-28.9546	-10.2678	28.7630	-0.9997	0.0369	0.9960	0.3997	0.7055	-0.4448	-0.3821	0.0636	0.0146	0.0894	
-29.0533	-10.2648	28.8713	-0.9996	0.0368	0.9964	0.3714	0.7381	-0.4135	-0.3838	0.0648	0.0130	0.0886	
-29.1507	-10.2615	28.9768	-0.9995	0.0368	0.9968	0.3395	0.7686	-0.3809	-0.3871	0.0658	0.0112	0.0882	
-29.2472	-10.2643	29.0871	-0.9993	0.0364	0.9973	0.3048	0.7957	-0.3464	-0.3932	0.0662	0.0092	0.0882	
-29.3459	-10.2686	29.1903	-0.9992	0.0360	0.9975	0.2665	0.8217	-0.3100	-0.3977	0.0668	0.0071	0.0884	
-29.4429	-10.2740	29.2883	-0.9990	0.0356	0.9974	0.2319	0.8423	-0.2816	-0.3990	0.0668	0.0051	0.0880	
-29.5427	-10.2765	29.3909	-0.9990	0.0352	0.9975	0.1954	0.8595	-0.2498	-0.4024	0.0665	0.0032	0.0881	
-29.6431	-10.2778	29.4977	-0.9990	0.0350	0.9979	0.1534	0.8745	-0.2181	-0.4065	0.0660	0.0008	0.0886	
-29.7420	-10.2794	29.6034	-0.9990	0.0347	0.9981	0.1139	0.8864	-0.1843	-0.4104	0.0654	-0.0009	0.0890	
-29.8411	-10.2872	29.7007	-0.9989	0.0341	0.9980	0.0701	0.8949	-0.1540	-0.4146	0.0643	-0.0031	0.0897	
-29.9438	-10.2860	29.7966	-0.9990	0.0340	0.9978	0.0253	0.9001	-0.1210	-0.4190	0.0632	-0.0050	0.0906	
-30.0241	-10.3152	29.8965	-0.9981	0.0324	0.9978	0.0173	-0.9011	0.0880	0.4255	0.0642	-0.0020	0.0899	
-30.1034	-10.3399	30.0002	-0.9971	0.0311	0.9980	0.0600	-0.8977	0.0534	0.4342	0.0648	0.0012	0.0892	
-30.1891	-10.3609	30.0972	-0.9964	0.0299	0.9979	0.0970	-0.8914	0.0168	0.4433	0.0650	0.0039	0.0890	
-30.2664	-10.3764	30.1918	-0.9953	0.0290	0.9976	0.1329	-0.8805	-0.0200	0.4554	0.0650	0.0066	0.0887	
-30.3480	-10.3954	30.2906	-0.9944	0.0280	0.9976	0.1675	-0.8664	-0.0560	0.4679	0.0647	0.0094	0.0887	
-30.4318	-10.4080	30.3927	-0.9936	0.0273	0.9977	0.1996	-0.8494	-0.0916	0.4806	0.0641	0.0119	0.0889	
-30.5198	-10.4183	30.4855	-0.9931	0.0267	0.9974	0.2306	-0.8289	-0.1274	0.4941	0.0634	0.0143	0.0890	
-30.6048	-10.4239	30.5798	-0.9924	0.0263	0.9971	0.2592	-0.8063	-0.1588	0.5086	0.0627	0.0168	0.0893	
-30.6881	-10.4287	30.6800	-0.9916	0.0260	0.9971	0.2884	-0.7793	-0.1931	0.5222	0.0617	0.0190	0.0896	
-30.7763	-10.4303	30.7806	-0.9911	0.0258	0.9972	0.3139	-0.7494	-0.2271	0.5373	0.0610	0.0211	0.0897	
-30.8655	-10.4296	30.8798	-0.9906	0.0257	0.9971	0.3390	-0.7181	-0.2620	0.5486	0.0601	0.0227	0.0900	
-30.9587	-10.4260	30.9762	-0.9903	0.0258	0.9970	0.3597	-0.6825	-0.2967	0.5630	0.0597	0.0245	0.0899	
-31.0538	-10.4185	31.0742	-0.9902	0.0260	0.9969	0.3749	-0.6480	-0.3346	0.5725	0.0597	0.0255	0.0896	
-31.1414	-10.4099	31.1756	-0.9896	0.0263	0.9970	0.3899	-0.6124	-0.3726	0.5781	0.0596	0.0261	0.0894	
-31.2375	-10.4043	31.2725	-0.9895	0.0264	0.9969	0.4021	-0.5768	-0.4075	0.5831	0.0594	0.0267	0.0890	
-31.3348	-10.3922	31.3703	-0.9894	0.0269	0.9968	0.4121	-0.5415	-0.4469	0.5809	0.0596	0.0265	0.0886	
-31.4326	-10.3835	31.4692	-0.9893	0.0271	0.9967	0.4194	-0.5058	-0.4860	0.5765	0.0599	0.0262	0.0882	
-31.5322	-10.3771	31.5700	-0.9894	0.0273	0.9968	0.4235	-0.4704	-0.5256	0.5688	0.0604	0.0256	0.0875	
-31.6276	-10.3707	31.6707	-0.9892	0.0274	0.9969	0.4240	-0.4358	-0.5691	0.5541	0.0613	0.0243	0.0870	
-31.7234	-10.3681	31.7683	-0.9891	0.0274	0.9968	0.4259	-0.4004	-0.6075	0.5383	0.0618	0.0233	0.0865	
-31.8240	-10.3648	31.8644	-0.9892	0.0274	0.9966	0.4231	-0.3630	-0.6467	0.5210	0.0627	0.0223	0.0859	
-31.9247	-10.3630	31.9609	-0.9893	0.0274	0.9965	0.4216	-0.3297	-0.6815	0.5001	0.0631	0.0210	0.0852	
-32.0296	-10.3585	32.0571	-0.9895	0.0274	0.9963	0.4181	-0.2965	-0.7172	0.4732	0.0638	0.0193	0.0847	
-32.1311	-10.3602	32.1533	-0.9897	0.0272	0.9961	0.4182	-0.2663	-0.7484	0.4419	0.0638	0.0173	0.0843	
-32.2287	-10.3582	32.2448	-0.9896	0.0271	0.9958	0.4163	-0.2353	-0.7799	0.4052	0.0640	0.0150	0.0842	
-32.3302	-10.3600	32.3395	-0.9897	0.0269	0.9955	0.4147	-0.2022	-0.8071	0.3695	0.0642	0.0132	0.0841	
-32.4255	-10.3564	32.4314	-0.9896	0.0269	0.9952	0.4143	-0.1695	-0.8326	0.3276	0.0641	0.0110	0.0845	
-32.5276	-10.3523	32.5209	-0.9897	0.0270	0.9947	0.4166	-0.1358	-0.8548	0.2794	0.0638	0.0086	0.0853	
-32.6274	-10.3464	32.6120	-0.9898	0.0271	0.9944	0.4141	-0.1002	-0.8735	0.2366	0.0638	0.0069	0.0858	
-32.7287	-10.3437	32.7034	-0.9899	0.0271	0.9940	0.4140	-0.0678	-0.8883	0.1894	0.0633	0.0048	0.0864	
-32.8308	-10.3392	32.7867	-0.9900	0.0271	0.9933	0.4167	-0.0340	-0.8981	0.1392	0.0625	0.0029	0.0874	
-32.9286	-10.3384	32.8721	-0.9900	0.0270	0.9926	0.4154	-0.0007	-0.9053	0.0927	0.0618	0.0012	0.0881	
-33.0344	-10.3283	32.9622	-0.9903	0.0273	0.9922	0.4155	0.0319	-0.9083	0.0464	0.0609	-0.0003	0.0888	
-33.1356	-10.3214	33.0475	-0.9904	0.0275	0.9916	0.4145	0.0620	-0.9085	0.0028	0.0598	-0.0017	0.0893	
-33.2418	-10.3157	33.1380	-0.9908	0.0276	0.9912	0.4150	0.0952	-0.9040	-0.0451	0.0586	-0.0029	0.0903	
-33.3427	-10.3075	33.2245	-0.9908	0.0278	0.9906	0.4183	0.1276	-0.8951	-0.0910	0.0571	-0.0037	0.0914	
-33.4461	-10.3042	33.3122	-0.9910	0.0278	0.9901	0.4197	0.1622	-0.8823	-0.1393	0.0557	-0.0044	0.0928	
-33.5484	-10.2980	33.4073	-0.9912	0.0280	0.9899	0.4198	0.1975	-0.8666	-0.1843	0.0544	-0.0048	0.0940	
-33.6499	-10.2909	33.4970	-0.9913	0.0282	0.9895	0.4211	0.2309	-0.8466	-0.2300	0.0528	-0.0051	0.0953	
-33.7544	-10.2856	33.5912	-0.9915	0.0283	0.9893	0.4221	0.2654	-0.8232	-0.2718	0.0514	-0.0049	0.0965	
-33.8580	-10.2774	33.6865	-0.9917	0.0285	0.9892	0.4203	0.2978	-0.7984	-0.3121	0.0500	-0.0049	0.0974	
-33.9620	-10.2689	33.7840	-0.9919	0.0287	0.9891	0.4184	0.3298	-0.7695	-0.3523	0.0485	-0.0046	0.0986	
-34.0648	-10.2622	33.8772	-0.9921	0.0289	0.9888	0.4193	0.3591	-0.7374	-0.3898	0.0468	-0.0038	0.0996	
-34.1683	-10.2592	33.9687	-0.9923	0.0289	0.9885	0.4202	0.3892	-0.7014	-0.4245	0.0453	-0.0027	0.1005	
-34.2722	-10.2542	34.0634	-0.9925	0.0290	0.9883	0.4190	0.4172	-0.6662	-0.4551	0.0439	-0.0016	0.1011	
-34.3756	-10.2462	34.1588	-0.9927	0.0292	0.9882	0.4160	0.4485	-0.6245	-0.4853	0.0429	-0.0002	0.1019	
-34.4735	-10.2433	34.2562	-0.9926	0.0292	0.9881	0.4108	0.4783	-0.5833	-0.5121	0.0422	0.0010	0.1024	
-34.5698	-10.2360	34.3529	-0.9925	0.0294	0.9880	0.4052	0.5043	-0.5408	-0.5378	0.0412	0.0023	0.1029	
-34.6702	-10.2258	34.4550	-0.9925	0.0297	0.9882	0.3978	0.5322	-0.4949	-0.5599	0.0407	0.0036	0.1032	
-34.7710	-10.2226	34.5533	-0.9926	0.0297	0.9882	0.3900	0.5567	-0.4515	-0.5783	0.0402	0.0049	0.1032	
-34.8676	-10.2179	34.6510	-0.9925	0.0298	0.9881	0.3786	0.5823	-0.4086	-0.5923	0.0402	0.0058	0.1030	
-34.9621	-10.2125	34.7474	-0.9923	0.0299	0.9880	0.3668	0.6066	-0.3649	-0.6040	0.0404	0.0067	0.1026	
-35.0581	-10.2056	34.8512	-0.9921	0.0301	0.9882	0.3505	0.6316	-0.3193	-0.6134	0.0408	0.0072	0.1024	
-35.1493	-10.1981	34.9499	-0.9918	0.0303	0.9882	0.3364	0.6547	-0.2772	-0.6181	0.0413	0.0077	0.1017	
-35.2458	-10.1901	35.0487	-0.9917	0.0305	0.9882	0.3190	0.6772	-0.2309	-0.6217	0.0420	0.0081	0.1013	
-35.3431	-10.1831	35.1460	-0.9916	0.0306	0.9882	0.2968	0.6986	-0.1867	-0.6239	0.0426	0.0079	0.1009	
-35.4362	-10.1727	35.2451	-0.9913	0.0309	0.9882	0.2752	0.7173	-0.1472	-0.6236	0.0430	0.0074	0.1003	
-35.5269	-10.1642	35.3459	-0.9910	0.0311	0.9883	0.2513	0.7351	-0.1111	-0.6207	0.0433	0.0066	0.0995	
-35.6222	-10.1546	35.4483	-0.9908	0.0314	0.9884	0.2249	0.7519	-0.0725	-0.6161	0.0437	0.0056	0.0990	
-35.7186	-10.1476	35.5563	-0.9907	0.0315	0.9888	0.1915	0.7685	-0.0286	-0.6099	0.0441	0.0043	0.0991	
-35.8163	-10.1382	35.6564	-0.9907	0.0318	0.9888	0.1624	0.7823	0.0078	-0.6022	0.0443	0.0031	0.0987	
-35.9134	-10.1304	35.7590	-0.9906	0.0320	0.9890	0.1292	0.7944	0.0435	-0.5927	0.0443	0.0015	0.0985	
-36.0131	-10.1253	35.8649	-0.9906	0.0320	0.9892	0.0938	0.8031	0.0775	-0.5841	0.0438	-0.0000	0.0985	
-36.1079	-10.1194	35.9672	-0.9904	0.0321	0.9894	0.0578	0.8101	0.1143	-0.5726	0.0435	-0.0015	0.0986	
-36.2021	-10.1207	36.0722	-0.9902	0.0319	0.9896	0.0173	0.8135	0.1525	-0.5611	0.0429	-0.0029	0.0991	
-36.2863	-10.1316	36.1775	-0.9896	0.0314	0.9899	0.0233	-0.8149	-0.1869	0.5486	0.0433	-0.0003	0.0989	
-36.3720	-10.1476	36.2801	-0.9891	0.0306	0.9900	0.0657	-0.8115	-0.2201	0.5379	0.0435	0.0024	0.0986	
-36.4616	-10.1630	36.3846	-0.9887	0.0299	0.9903	0.1051	-0.8057	-0.2503	0.5273	0.0432	0.0049	0.0988	
-36.5519	-10.1714	36.4867	-0.9883	0.0294	0.9904	0.1462	-0.7939	-0.2817	0.5191	0.0428	0.0074	0.0989	
-36.6400	-10.1822	36.5887	-0.9879	0.0289	0.9905	0.1877	-0.7789	-0.3097	0.5128	0.0421	0.0100	0.0991	
-36.7314	-10.1938	36.6888	-0.9876	0.0283	0.9906	0.2298	-0.7596	-0.3390	0.5057	0.0411	0.0124	0.0993	
-36.8199	-10.2019	36.7877	-0.9872	0.0279	0.9906	0.2719	-0.7378	-0.3638	0.5001	0.0398	0.0149	0.0997	
-36.9086	-10.2112	36.8833	-0.9868	0.0274	0.9904	0.3129	-0.7131	-0.3853	0.4961	0.0385	0.0173	0.1002	
-36.9955	-10.2152	36.9797	-0.9863	0.0272	0.9903	0.3563	-0.6806	-0.4055	0.4959	0.0374	0.0203	0.1005	
-37.0893	-10.2194	37.0753	-0.9861	0.0269	0.9902	0.3982	-0.6462	-0.4255	0.4930	0.0360	0.0227	0.1009	
-37.1800	-10.2216	37.1689	-0.9858	0.0268	0.9900	0.4399	-0.6079	-0.4418	0.4920	0.0345	0.0253	0.1012	
-37.2714	-10.2223	37.2652	-0.9855	0.0266	0.9899	0.4750	-0.5690	-0.4579	0.4914	0.0335	0.0273	0.1014	
-37.3656	-10.2197	37.3627	-0.9853	0.0267	0.9898	0.5107	-0.5246	-0.4716	0.4917	0.0324	0.0296	0.1015	
-37.4581	-10.2152	37.4600	-0.9851	0.0267	0.9898	0.5427	-0.4786	-0.4869	0.4893	0.0315	0.0314	0.1016	
-37.5513	-10.2129	37.5567	-0.9849	0.0267	0.9897	0.5738	-0.4301	-0.4984	0.4872	0.0305	0.0333	0.1017	
-37.6483	-10.2080	37.6560	-0.9848	0.0268	0.9897	0.5985	-0.3808	-0.5123	0.4841	0.0301	0.0348	0.1015	
-37.7445	-10.1997	37.7528	-0.9847	0.0271	0.9896	0.6200	-0.3279	-0.5269	0.4798	0.0299	0.0362	0.1014	
-37.8386	-10.1916	37.8533	-0.9846	0.0273	0.9897	0.6363	-0.2781	-0.5431	0.4722	0.0299	0.0368	0.1010	
-37.9310	-10.1841	37.9546	-0.9843	0.0275	0.9898	0.6466	-0.2269	-0.5589	0.4673	0.0303	0.0376	0.1002	
-38.0261	-10.1790	38.0586	-0.9842	0.0276	0.9900	0.6533	-0.1757	-0.5740	0.4618	0.0309	0.0384	0.0994	
-38.1225	-10.1718	38.1617	-0.9841	0.0277	0.9901	0.6603	-0.1272	-0.5884	0.4494	0.0311	0.0386	0.0988	
-38.2166	-10.1668	38.2629	-0.9840	0.0278	0.9902	0.6593	-0.0806	-0.6083	0.4354	0.0320	0.0382	0.0979	
-38.3143	-10.1677	38.3669	-0.9839	0.0277	0.9904	0.6579	-0.0373	-0.6263	0.4178	0.0326	0.0375	0.0971	
-38.4137	-10.1636	38.4720	-0.9840	0.0277	0.9907	0.6525	0.0046	-0.6449	0.3993	0.0334	0.0366	0.0962	
-38.5068	-10.1573	38.5723	-0.9838	0.0278	0.9907	0.6468	0.0506	-0.6610	0.3776	0.0342	0.0360	0.0958	
-38.6021	-10.1570	38.6736	-0.9837	0.0277	0.9908	0.6385	0.0956	-0.6778	0.3525	0.0351	0.0352	0.0955	
-38.6985	-10.1542	38.7780	-0.9836	0.0277	0.9910	0.6304	0.1322	-0.6930	0.3259	0.0355	0.0338	0.0949	
-38.7946	-10.1550	38.8819	-0.9835	0.0276	0.9912	0.6207	0.1689	-0.7065	0.2969	0.0359	0.0324	0.0945	
-38.8885	-10.1569	38.9852	-0.9833	0.0274	0.9914	0.6118	0.2027	-0.7170	0.2679	0.0360	0.0311	0.0939	
-38.9843	-10.1559	39.0852	-0.9833	0.0273	0.9914	0.6001	0.2413	-0.7257	0.2356	0.0363	0.0301	0.0939	
-39.0831	-10.1593	39.1871	-0.9833	0.0271	0.9915	0.5870	0.2782	-0.7341	0.1991	0.0365	0.0287	0.0942	
-39.1791	-10.1640	39.2910	-0.9832	0.0268	0.9917	0.5702	0.3143	-0.7417	0.1628	0.0369	0.0273	0.0945	
-39.2770	-10.1625	39.3912	-0.9832	0.0268	0.9917	0.5579	0.3477	-0.7444	0.1188	0.0364	0.0259	0.0952	
-39.3733	-10.1638	39.4871	-0.9831	0.0266	0.9916	0.5410	0.3801	-0.7469	0.0736	0.0360	0.0243	0.0960	
-39.4713	-10.1679	39.5853	-0.9831	0.0263	0.9916	0.5244	0.4133	-0.7439	0.0255	0.0355	0.0230	0.0971	
-39.5728	-10.1722	39.6830	-0.9832	0.0261	0.9915	0.5079	0.4445	-0.7375	-0.0228	0.0346	0.0219	0.0982	
-39.6685	-10.1759	39.7748	-0.9831	0.0258	0.9912	0.4944	0.4686	-0.7293	-0.0685	0.0333	0.0209	0.0988	
-39.7674	-10.1762	39.8668	-0.9831	0.0257	0.9910	0.4769	0.4940	-0.7165	-0.1226	0.0318	0.0198	0.1002	
-39.8659	-10.1780	39.9612	-0.9832	0.0256	0.9908	0.4621	0.5148	-0.7017	-0.1718	0.0300	0.0190	0.1010	
-39.9652	-10.1817	40.0502	-0.9832	0.0253	0.9904	0.4441	0.5341	-0.6849	-0.2206	0.0284	0.0182	0.1019	
-40.0638	-10.1838	40.1443	-0.9832	0.0252	0.9902	0.4271	0.5527	-0.6632	-0.2688	0.0266	0.0178	0.1027	
-40.1620	-10.1812	40.2384	-0.9832	0.0252	0.9901	0.4106	0.5711	-0.6364	-0.3165	0.0248	0.0178	0.1035	
-40.2630	-10.1758	40.3316	-0.9833	0.0253	0.9898	0.3930	0.5880	-0.6053	-0.3648	0.0230	0.0181	0.1044	
-40.3630	-10.1708	40.4288	-0.9834	0.0254	0.9898	0.3736	0.6045	-0.5697	-0.4120	0.0213	0.0186	0.1054	
-40.4649	-10.1670	40.5243	-0.9835	0.0254	0.9896	0.3574	0.6181	-0.5341	-0.4528	0.0198	0.0194	0.1057	
-40.5664	-10.1649	40.6198	-0.9836	0.0254	0.9895	0.3405	0.6275	-0.4993	-0.4912	0.0181	0.0201	0.1059	
-40.6700	-10.1564	40.7146	-0.9838	0.0256	0.9894	0.3226	0.6376	-0.4570	-0.5294	0.0167	0.0212	0.1062	
-40.7693	-10.1498	40.8074	-0.9838	0.0257	0.9891	0.3074	0.6440	-0.4163	-0.5637	0.0153	0.0225	0.1061	
-40.8676	-10.1412	40.8995	-0.9838	0.0260	0.9889	0.2911	0.6500	-0.3725	-0.5951	0.0142	0.0240	0.1060	
-40.9691	-10.1316	40.9995	-0.9839	0.0262	0.9889	0.2734	0.6543	-0.3266	-0.6249	0.0133	0.0254	0.1059	
-41.0726	-10.1226	41.0955	-0.9841	0.0264	0.9888	0.2557	0.6572	-0.2802	-0.6514	0.0125	0.0269	0.1056	
-41.1686	-10.1152	41.1928	-0.9840	0.0266	0.9888	0.2400	0.6584	-0.2374	-0.6733	0.0119	0.0282	0.1049	
-41.2696	-10.1054	41.2884	-0.9841	0.0269	0.9887	0.2283	0.6590	-0.1916	-0.6913	0.0118	0.0300	0.1040	
-41.3701	-10.1011	41.3881	-0.9842	0.0269	0.9887	0.2122	0.6580	-0.1455	-0.7082	0.0117	0.0314	0.1033	
-41.4721	-10.0954	41.4817	-0.9843	0.0270	0.9885	0.1994	0.6565	-0.1021	-0.7211	0.0119	0.0328	0.1022	
-41.5744	-10.0907	41.5796	-0.9845	0.0271	0.9885	0.1830	0.6532	-0.0565	-0.7331	0.0120	0.0341	0.1015	
-41.6713	-10.0840	41.6755	-0.9844	0.0272	0.9884	0.1703	0.6525	-0.0140	-0.7393	0.0128	0.0351	0.1003	
-41.7732	-10.0772	41.7738	-0.9845	0.0274	0.9884	0.1567	0.6510	0.0292	-0.7431	0.0138	0.0359	0.0992	
-41.8757	-10.0658	41.8723	-0.9847	0.0277	0.9884	0.1459	0.6506	0.0719	-0.7430	0.0152	0.0366	0.0979	
-41.9751	-10.0596	41.9694	-0.9847	0.0278	0.9883	0.1294	0.6492	0.1161	-0.7412	0.0165	0.0370	0.0970	
-42.0757	-10.0527	42.0676	-0.9848	0.0279	0.9883	0.1143	0.6477	0.1606	-0.7368	0.0180	0.0373	0.0961	
-42.1745	-10.0427	42.1684	-0.9848	0.0282	0.9884	0.0998	0.6472	0.2025	-0.7292	0.0197	0.0372	0.0952	
-42.2733	-10.0358	42.2689	-0.9848	0.0283	0.9884	0.0855	0.6469	0.2409	-0.7197	0.0212	0.0368	0.0942	
-42.3735	-10.0291	42.3666	-0.9849	0.0284	0.9884	0.0673	0.6457	0.2829	-0.7069	0.0229	0.0361	0.0936	
-42.4741	-10.0197	42.4695	-0.9850	0.0286	0.9885	0.0493	0.6422	0.3234	-0.6940	0.0244	0.0356	0.0930	
-42.5836	-10.0186	42.5769	-0.9853	0.0286	0.9888	0.0305	0.6396	0.3606	-0.6792	0.0223	0.0369	0.0935	
-42.6845	-10.0134	42.6766	-0.9854	0.0287	0.9889	0.0052	0.6343	0.3990	-0.6627	0.0236	0.0363	0.0932	
-42.7905	-10.0140	42.7916	-0.9857	0.0286	0.9894	0.0251	-0.6276	-0.4400	0.6419	0.0212	0.0372	0.0931	
-42.8948	-10.0105	42.9015	-0.9859	0.0286	0.9898	0.0541	-0.6226	-0.4712	0.6232	0.0190	0.0382	0.0936	
-42.9977	-10.0083	43.0093	-0.9860	0.0286	0.9901	0.0862	-0.6143	-0.4997	0.6053	0.0172	0.0389	0.0940	
-43.0993	-10.0074	43.1171	-0.9861	0.0285	0.9904	0.1222	-0.6027	-0.5293	0.5847	0.0151	0.0392	0.0942	
-43.2005	-10.0075	43.2259	-0.9862	0.0284	0.9907	0.1596	-0.5913	-0.5550	0.5632	0.0130	0.0394	0.0947	
-43.3023	-10.0065	43.3346	-0.9863	0.0284	0.9910	0.1988	-0.5791	-0.5772	0.5406	0.0109	0.0396	0.0951	
-43.4017	-10.0085	43.4422	-0.9863	0.0282	0.9913	0.2421	-0.5657	-0.5945	0.5178	0.0086	0.0402	0.0955	
-43.4984	-10.0128	43.5463	-0.9863	0.0280	0.9915	0.2866	-0.5494	-0.6095	0.4946	0.0065	0.0406	0.0959	
-43.5968	-10.0134	43.6485	-0.9863	0.0278	0.9916	0.3317	-0.5313	-0.6206	0.4718	0.0044	0.0411	0.0963	
-43.6960	-10.0145	43.7563	-0.9863	0.0277	0.9919	0.3754	-0.5117	-0.6305	0.4470	0.0025	0.0413	0.0967	
-43.7939	-10.0150	43.8588	-0.9863	0.0276	0.9920	0.4207	-0.4878	-0.6365	0.4240	0.0008	0.0419	0.0970	
-43.8892	-10.0155	43.9588	-0.9861	0.0275	0.9920	0.4647	-0.4608	-0.6410	0.4006	-0.0006	0.0425	0.0973	
-43.9869	-10.0128	44.0619	-0.9861	0.0275	0.9921	0.5078	-0.4310	-0.6423	0.3790	-0.0019	0.0433	0.0973	
-44.0836	-10.0070	44.1623	-0.9860	0.0276	0.9922	0.5493	-0.4005	-0.6415	0.3551	-0.0032	0.0439	0.0975	
-44.1781	-10.0025	44.2635	-0.9859	0.0277	0.9922	0.5876	-0.3633	-0.6401	0.3359	-0.0038	0.0449	0.0973	
-44.2750	-9.9984	44.3624	-0.9858	0.0277	0.9922	0.6186	-0.3241	-0.6407	0.3194	-0.0036	0.0456	0.0968	
-44.3706	-9.9898	44.4604	-0.9858	0.0279	0.9922	0.6484	-0.2806	-0.6404	0.3013	-0.0033	0.0465	0.0964	
-44.4655	-9.9819	44.5572	-0.9856	0.0281	0.9921	0.6722	-0.2367	-0.6416	0.2845	-0.0026	0.0471	0.0957	
-44.5612	-9.9736	44.6577	-0.9855	0.0283	0.9922	0.6954	-0.1920	-0.6392	0.2671	-0.0021	0.0478	0.0951	
-44.6564	-9.9658	44.7573	-0.9854	0.0284	0.9922	0.7114	-0.1484	-0.6409	0.2491	-0.0012	0.0480	0.0942	
-44.7526	-9.9584	44.8603	-0.9853	0.0286	0.9923	0.7263	-0.0996	-0.6389	0.2347	-0.0000	0.0489	0.0933	
-44.8525	-9.9496	44.9605	-0.9854	0.0288	0.9924	0.7359	-0.0489	-0.6388	0.2216	0.0016	0.0496	0.0923	
-44.9532	-9.9435	45.0617	-0.9855	0.0289	0.9924	0.7410	0.0035	-0.6393	0.2082	0.0035	0.0503	0.0913	
-45.0537	-9.9379	45.1635	-0.9855	0.0290	0.9925	0.7435	0.0533	-0.6388	0.1935	0.0053	0.0508	0.0904	
-45.1556	-9.9307	45.2652	-0.9856	0.0291	0.9926	0.7428	0.1067	-0.6378	0.1752	0.0073	0.0513	0.0899	
-45.2538	-9.9291	45.3681	-0.9856	0.0291	0.9927	0.7360	0.1528	-0.6410	0.1619	0.0095	0.0511	0.0885	
-45.3543	-9.9251	45.4730	-0.9857	0.0291	0.9929	0.7280	0.1985	-0.6407	0.1477	0.0116	0.0510	0.0874	
-45.4521	-9.9210	45.5759	-0.9857	0.0292	0.9931	0.7198	0.2447	-0.6374	0.1291	0.0133	0.0510	0.0867	
-45.5511	-9.9172	45.6839	-0.9857	0.0292	0.9933	0.7054	0.2886	-0.6391	0.1116	0.0156	0.0504	0.0858	
-45.6510	-9.9150	45.7890	-0.9857	0.0292	0.9935	0.6891	0.3355	-0.6369	0.0898	0.0178	0.0500	0.0856	
-45.7513	-9.9137	45.8919	-0.9858	0.0291	0.9937	0.6730	0.3781	-0.6328	0.0707	0.0197	0.0495	0.0850	
-45.8503	-9.9117	45.9968	-0.9858	0.0291	0.9939	0.6544	0.4195	-0.6282	0.0454	0.0214	0.0488	0.0849	
-45.9457	-9.9119	46.0984	-0.9857	0.0290	0.9939	0.6347	0.4566	-0.6240	0.0221	0.0229	0.0478	0.0846	
-46.0426	-9.9115	46.2057	-0.9856	0.0289	0.9942	0.6134	0.4947	-0.6164	-0.0022	0.0245	0.0469	0.0845	
-46.1421	-9.9158	46.3116	-0.9857	0.0287	0.9944	0.5905	0.5279	-0.6109	-0.0263	0.0258	0.0457	0.0843	
-46.2399	-9.9144	46.4157	-0.9856	0.0286	0.9946	0.5643	0.5645	-0.6002	-0.0556	0.0272	0.0447	0.0847	
-46.3374	-9.9174	46.5174	-0.9856	0.0285	0.9946	0.5362	0.5953	-0.5927	-0.0878	0.0282	0.0431	0.0853	
-46.4362	-9.9214	46.6199	-0.9856	0.0282	0.9947	0.5079	0.6245	-0.5820	-0.1181	0.0291	0.0416	0.0858	
-46.5363	-9.9256	46.7186	-0.9856	0.0280	0.9947	0.4806	0.6503	-0.5694	-0.1502	0.0295	0.0403	0.0863	
-46.6352	-9.9278	46.8213	-0.9857	0.0279	0.9948	0.4515	0.6752	-0.5536	-0.1844	0.0298	0.0390	0.0870	
-46.7318	-9.9288	46.9186	-0.9856	0.0277	0.9948	0.4232	0.6977	-0.5333	-0.2224	0.0296	0.0381	0.0880	
-46.8266	-9.9313	47.0174	-0.9855	0.0276	0.9947	0.3920	0.7165	-0.5150	-0.2604	0.0293	0.0368	0.0890	
-46.9171	-9.9302	47.1151	-0.9852	0.0275	0.9947	0.3643	0.7323	-0.4923	-0.2977	0.0286	0.0360	0.0898	
-47.0117	-9.9287	47.2107	-0.9851	0.0275	0.9946	0.3309	0.7478	-0.4637	-0.3398	0.0280	0.0354	0.0912	
-47.1051	-9.9278	47.3062	-0.9849	0.0274	0.9945	0.3002	0.7589	-0.4357	-0.3791	0.0271	0.0348	0.0922	
-47.2021	-9.9293	47.4033	-0.9849	0.0273	0.9944	0.2696	0.7656	-0.4047	-0.4203	0.0259	0.0345	0.0932	
-47.2990	-9.9252	47.5005	-0.9848	0.0273	0.9943	0.2418	0.7710	-0.3727	-0.4560	0.0249	0.0345	0.0938	
-47.3922	-9.9219	47.5969	-0.9847	0.0273	0.9942	0.2153	0.7755	-0.3402	-0.4862	0.0242	0.0344	0.0940	
-47.4862	-9.9144	47.6954	-0.9845	0.0275	0.9942	0.1878	0.7781	-0.3041	-0.5162	0.0236	0.0346	0.0943	
-47.5815	-9.9091	47.7923	-0.9844	0.0276	0.9941	0.1612	0.7772	-0.2667	-0.5463	0.0228	0.0350	0.0945	
-47.6757	-9.9035	47.8912	-0.9843	0.0277	0.9941	0.1364	0.7765	-0.2276	-0.5715	0.0225	0.0355	0.0944	
-47.7740	-9.8991	47.9870	-0.9843	0.0277	0.9940	0.1133	0.7723	-0.1895	-0.5957	0.0220	0.0361	0.0942	
-47.8706	-9.8909	48.0852	-0.9842	0.0279	0.9939	0.0936	0.7665	-0.1439	-0.6187	0.0220	0.0374	0.0938	
-47.9702	-9.8824	48.1848	-0.9843	0.0280	0.9940	0.0741	0.7594	-0.0977	-0.6389	0.0221	0.0386	0.0933	
-48.0649	-9.8726	48.2831	-0.9842	0.0283	0.9939	0.0554	0.7497	-0.0505	-0.6574	0.0224	0.0399	0.0927	
-48.1664	-9.8635	48.3857	-0.9843	0.0285	0.9940	0.0386	0.7421	-0.0050	-0.6695	0.0232	0.0409	0.0919	
-48.2716	-9.8516	48.4876	-0.9845	0.0287	0.9941	0.0260	0.7331	0.0420	-0.6789	0.0213	0.0400	0.0929	
-48.3703	-9.8389	48.5891	-0.9845	0.0290	0.9942	-0.0117	-0.7245	-0.0870	0.6844	0.0225	0.0409	0.0918	
-48.4723	-9.8320	48.6883	-0.9846	0.0291	0.9942	0.0018	-0.7162	-0.1317	0.6862	0.0241	0.0415	0.0906	
-48.5721	-9.8246	48.7889	-0.9846	0.0293	0.9942	0.0135	-0.7075	-0.1725	0.6864	0.0254	0.0419	0.0893	
-48.6732	-9.8188	48.8909	-0.9847	0.0294	0.9943	0.0232	-0.6993	-0.2162	0.6822	0.0274	0.0421	0.0879	
-48.7761	-9.8162	48.9921	-0.9848	0.0293	0.9943	0.0332	-0.6906	-0.2596	0.6754	0.0295	0.0422	0.0866	
-48.8827	-9.8125	49.0908	-0.9851	0.0294	0.9943	0.0429	-0.6819	-0.3013	0.6664	0.0316	0.0419	0.0853	
-48.9875	-9.8112	49.1904	-0.9853	0.0293	0.9943	0.0533	-0.6724	-0.3450	0.6538	0.0340	0.0415	0.0843	
-49.0880	-9.8054	49.2893	-0.9853	0.0294	0.9943	0.0645	-0.6618	-0.3881	0.6392	0.0362	0.0408	0.0834	
-49.1924	-9.8022	49.3866	-0.9855	0.0294	0.9942	0.0744	-0.6503	-0.4294	0.6235	0.0384	0.0401	0.0824	
-49.2948	-9.7996	49.4844	-0.9856	0.0294	0.9942	0.0860	-0.6374	-0.4707	0.6049	0.0405	0.0391	0.0817	
-49.3953	-9.8000	49.5806	-0.9857	0.0293	0.9941	0.1008	-0.6217	-0.5128	0.5841	0.0425	0.0381	0.0814	
