0.8196	-9.6173	-0.5177	0.0000	0.0000	0.0000	0.5998	-0.4360	0.6183	0.2603	0.0000	0.0000	0.0000	
0.5955	-10.2002	-0.3374	-0.0222	-0.0577	0.0178	0.5912	-0.4334	0.6340	0.2475	-0.0056	0.0039	-0.0057	
0.5713	-10.5290	-0.2360	-0.0272	-0.1439	0.0446	0.5575	-0.3839	0.6943	0.2570	-0.0765	0.1143	0.0126	
0.4840	-10.6088	-0.1898	-0.0645	-0.1748	0.0651	0.5540	-0.3888	0.7044	0.2444	-0.0447	0.0478	-0.0132	
0.4733	-10.6735	-0.0941	-0.0667	-0.2108	0.1211	0.5277	-0.3600	0.7202	0.2739	-0.0275	0.0655	0.0076	
0.4809	-10.7566	-0.0305	-0.0527	-0.2655	0.1648	0.4595	-0.3657	0.7643	0.2708	-0.0167	0.0897	-0.0239	
0.4319	-10.7968	0.0716	-0.0913	-0.2826	0.2441	0.4721	-0.3762	0.7633	0.2513	-0.0158	0.0530	-0.0274	
0.3804	-10.8787	0.1696	-0.1365	-0.3444	0.3171	0.4373	-0.3096	0.7997	0.2769	-0.0298	0.0729	-0.0088	
0.3812	-10.9305	0.2202	-0.1199	-0.3630	0.3376	0.4182	-0.3212	0.8073	0.2717	-0.0207	0.0636	-0.0145	
0.4062	-11.0238	0.3053	-0.0835	-0.4268	0.3923	0.3933	-0.3031	0.8206	0.2833	-0.0188	0.0649	-0.0103	
0.4288	-11.0786	0.4080	-0.0517	-0.4426	0.4562	0.3630	-0.2757	0.8434	0.2834	-0.0219	0.0678	-0.0103	
0.4862	-11.0471	0.4644	0.0075	-0.3665	0.4645	0.3484	-0.2533	0.8534	0.2951	-0.0213	0.0659	-0.0057	
0.5357	-11.0819	0.5482	0.0552	-0.3660	0.4995	0.3239	-0.2386	0.8674	0.2932	-0.0210	0.0650	-0.0070	
0.6312	-11.1122	0.5924	0.1401	-0.3606	0.4931	0.2941	-0.2219	0.8865	0.2800	-0.0225	0.0651	-0.0105	
0.6590	-11.1963	0.6329	0.1550	-0.4025	0.4872	0.2852	-0.2377	0.8894	0.2742	-0.0176	0.0583	-0.0126	
0.7430	-11.2004	0.7024	0.2144	-0.3726	0.5024	0.2564	-0.2288	0.9000	0.2682	-0.0167	0.0583	-0.0143	
0.8148	-11.1877	0.7669	0.2531	-0.3326	0.5099	0.2173	-0.2154	0.9087	0.2838	-0.0141	0.0615	-0.0124	
0.8635	-11.1710	0.8564	0.2715	-0.2943	0.5391	0.1943	-0.1993	0.9186	0.2810	-0.0147	0.0608	-0.0124	
0.9210	-11.2177	0.8205	0.2933	-0.3061	0.4720	0.1674	-0.1976	0.9233	0.2848	-0.0124	0.0603	-0.0122	
1.0029	-11.1979	0.9042	0.3291	-0.2712	0.4961	0.1324	-0.1712	0.9320	0.2900	-0.0132	0.0624	-0.0110	
1.0877	-11.2212	0.9030	0.3653	-0.2683	0.4600	0.1064	-0.1721	0.9360	0.2894	-0.0111	0.0613	-0.0118	
1.1829	-11.2354	0.9574	0.4042	-0.2608	0.4633	0.0732	-0.1647	0.9399	0.2901	-0.0099	0.0618	-0.0122	
1.3373	-11.2045	0.9637	0.4743	-0.2255	0.4376	0.0490	-0.1418	0.9458	0.2882	-0.0111	0.0617	-0.0115	
1.5027	-11.2277	0.9444	0.5463	-0.2266	0.3996	0.0123	-0.1319	0.9451	0.2985	-0.0124	0.0607	-0.0125	
1.6024	-11.2840	0.9358	0.5704	-0.2462	0.3711	0.0192	0.1134	-0.9453	-0.3050	-0.0121	0.0616	-0.0112	
1.6260	-11.3246	0.9657	0.5500	-0.2545	0.3674	0.0478	0.1040	-0.9426	-0.3143	-0.0108	0.0618	-0.0101	
1.7311	-11.3134	0.9929	0.5748	-0.2342	0.3634	0.0713	0.0819	-0.9401	-0.3235	-0.0112	0.0619	-0.0083	
1.7913	-11.2860	1.0497	0.5766	-0.2073	0.3737	0.0955	0.0718	-0.9387	-0.3241	-0.0106	0.0614	-0.0083	
1.8899	-11.2647	1.0906	0.5965	-0.1855	0.3770	0.1136	0.0532	-0.9367	-0.3278	-0.0110	0.0607	-0.0073	
1.9866	-11.3197	1.1097	0.6128	-0.2032	0.3679	0.1445	0.0347	-0.9302	-0.3353	-0.0107	0.0615	-0.0062	
2.0876	-11.2953	1.1640	0.6307	-0.1813	0.3772	0.1650	0.0206	-0.9245	-0.3439	-0.0104	0.0610	-0.0050	
2.1477	-11.2911	1.2441	0.6278	-0.1703	0.3974	0.1928	0.0042	-0.9155	-0.3530	-0.0101	0.0614	-0.0039	
2.2187	-11.3019	1.2722	0.6296	-0.1673	0.3921	0.2276	-0.0197	-0.9051	-0.3578	-0.0103	0.0627	-0.0031	
2.2842	-11.3456	1.3046	0.6291	-0.1786	0.3895	0.2563	-0.0365	-0.8942	-0.3652	-0.0101	0.0632	-0.0022	
2.3465	-11.2965	1.3801	0.6269	-0.1492	0.4061	0.2836	-0.0580	-0.8804	-0.3755	-0.0102	0.0637	-0.0009	
2.4325	-11.2919	1.4584	0.6335	-0.1398	0.4245	0.3083	-0.0889	-0.8635	-0.3891	-0.0113	0.0644	0.0012	
2.5334	-11.2980	1.4719	0.6471	-0.1362	0.4133	0.3320	-0.1063	-0.8493	-0.3965	-0.0112	0.0645	0.0021	
2.6148	-11.2889	1.4958	0.6521	-0.1265	0.4071	0.3552	-0.1229	-0.8332	-0.4057	-0.0110	0.0645	0.0032	
2.6966	-11.3152	1.5149	0.6568	-0.1307	0.4003	0.3746	-0.1402	-0.8164	-0.4170	-0.0111	0.0644	0.0046	
2.7893	-11.3385	1.5749	0.6654	-0.1337	0.4092	0.3966	-0.1635	-0.7971	-0.4248	-0.0117	0.0646	0.0057	
2.8384	-11.2955	1.6574	0.6572	-0.1112	0.4275	0.4112	-0.1865	-0.7770	-0.4392	-0.0125	0.0644	0.0074	
2.9117	-11.3216	1.7341	0.6584	-0.1153	0.4423	0.4301	-0.2158	-0.7543	-0.4463	-0.0138	0.0647	0.0086	
2.9443	-11.3242	1.8015	0.6448	-0.1104	0.4525	0.4487	-0.2375	-0.7290	-0.4592	-0.0144	0.0648	0.0101	
2.9796	-11.3233	1.8700	0.6336	-0.1046	0.4634	0.4615	-0.2607	-0.7057	-0.4704	-0.0153	0.0646	0.0115	
3.0834	-11.3511	1.9128	0.6449	-0.1094	0.4648	0.4790	-0.2949	-0.6764	-0.4750	-0.0170	0.0652	0.0126	
3.1791	-11.3473	1.9613	0.6534	-0.1035	0.4677	0.4942	-0.3241	-0.6476	-0.4806	-0.0182	0.0654	0.0137	
3.2230	-11.3103	1.9886	0.6452	-0.0872	0.4638	0.5069	-0.3486	-0.6203	-0.4866	-0.0192	0.0653	0.0147	
3.3087	-11.2719	2.0226	0.6506	-0.0712	0.4632	0.5146	-0.3784	-0.5922	-0.4912	-0.0209	0.0651	0.0157	
3.3955	-11.2421	2.0974	0.6567	-0.0587	0.4745	0.5228	-0.4060	-0.5638	-0.4939	-0.0222	0.0649	0.0164	
3.5085	-11.2169	2.1634	0.6699	-0.0481	0.4826	0.5295	-0.4335	-0.5315	-0.4992	-0.0237	0.0647	0.0175	
3.5995	-11.1947	2.2002	0.6760	-0.0388	0.4818	0.5344	-0.4591	-0.4995	-0.5042	-0.0251	0.0644	0.0185	
3.6670	-11.2062	2.2663	0.6756	-0.0398	0.4887	0.5402	-0.4797	-0.4689	-0.5083	-0.0260	0.0640	0.0192	
3.7651	-11.2202	2.3078	0.6843	-0.0420	0.4887	0.5436	-0.5047	-0.4396	-0.5066	-0.0272	0.0637	0.0195	
3.8721	-11.2044	2.3657	0.6946	-0.0355	0.4932	0.5477	-0.5301	-0.4052	-0.5046	-0.0286	0.0636	0.0199	
3.9552	-11.2079	2.4246	0.6990	-0.0344	0.4984	0.5449	-0.5540	-0.3775	-0.5041	-0.0300	0.0628	0.0201	
4.0436	-11.1895	2.4796	0.7040	-0.0275	0.5018	0.5450	-0.5766	-0.3449	-0.5015	-0.0313	0.0625	0.0203	
4.1648	-11.1761	2.5232	0.7179	-0.0226	0.5022	0.5422	-0.6010	-0.3142	-0.4963	-0.0327	0.0620	0.0203	
4.2591	-11.1684	2.5811	0.7243	-0.0195	0.5058	0.5422	-0.6231	-0.2833	-0.4875	-0.0336	0.0618	0.0200	
4.3391	-11.1545	2.6124	0.7265	-0.0148	0.5027	0.5401	-0.6443	-0.2504	-0.4801	-0.0348	0.0615	0.0199	
4.4221	-11.1678	2.6577	0.7300	-0.0171	0.5031	0.5350	-0.6643	-0.2222	-0.4728	-0.0359	0.0609	0.0196	
4.5105	-11.1785	2.6938	0.7348	-0.0185	0.5017	0.5263	-0.6874	-0.1922	-0.4626	-0.0373	0.0605	0.0190	
4.6097	-11.1828	2.7462	0.7423	-0.0185	0.5036	0.5183	-0.7057	-0.1659	-0.4545	-0.0382	0.0598	0.0185	
4.6813	-11.2029	2.8074	0.7427	-0.0224	0.5076	0.5122	-0.7249	-0.1360	-0.4402	-0.0391	0.0597	0.0176	
4.7666	-11.2160	2.8534	0.7463	-0.0244	0.5079	0.5042	-0.7448	-0.1061	-0.4242	-0.0400	0.0596	0.0167	
4.8574	-11.2060	2.9200	0.7512	-0.0206	0.5133	0.4925	-0.7638	-0.0750	-0.4106	-0.0411	0.0594	0.0160	
4.9509	-11.2185	2.9578	0.7564	-0.0227	0.5110	0.4840	-0.7795	-0.0469	-0.3953	-0.0417	0.0592	0.0152	
5.0107	-11.2249	3.0094	0.7543	-0.0233	0.5121	0.4743	-0.7961	-0.0223	-0.3760	-0.0422	0.0591	0.0139	
5.1026	-11.2379	3.0491	0.7593	-0.0255	0.5102	0.4636	-0.8113	0.0022	-0.3570	-0.0425	0.0589	0.0127	
5.1959	-11.2507	3.0878	0.7640	-0.0275	0.5082	0.4537	-0.8255	0.0312	-0.3344	-0.0429	0.0591	0.0116	
5.2932	-11.2542	3.1468	0.7698	-0.0275	0.5102	0.4441	-0.8379	0.0545	-0.3135	-0.0429	0.0591	0.0105	
5.3703	-11.2466	3.1950	0.7714	-0.0251	0.5102	0.4306	-0.8517	0.0754	-0.2904	-0.0430	0.0591	0.0090	
5.4599	-11.2479	3.2385	0.7751	-0.0246	0.5090	0.4185	-0.8627	0.0999	-0.2664	-0.0431	0.0593	0.0078	
5.5456	-11.2598	3.2813	0.7782	-0.0264	0.5074	0.4044	-0.8738	0.1182	-0.2446	-0.0430	0.0591	0.0064	
5.6370	-11.2599	3.3169	0.7820	-0.0261	0.5042	0.3941	-0.8824	0.1366	-0.2196	-0.0425	0.0591	0.0052	
5.7038	-11.2591	3.3585	0.7807	-0.0258	0.5019	0.3860	-0.8892	0.1521	-0.1953	-0.0417	0.0591	0.0041	
5.7859	-11.2553	3.3959	0.7827	-0.0245	0.4995	0.3726	-0.8976	0.1712	-0.1629	-0.0412	0.0598	0.0025	
5.8635	-11.2503	3.4207	0.7835	-0.0233	0.4944	0.3619	-0.9033	0.1900	-0.1321	-0.0405	0.0602	0.0013	
5.9712	-11.2650	3.4409	0.7900	-0.0258	0.4886	0.3495	-0.9075	0.2111	-0.0992	-0.0400	0.0609	0.0001	
6.0371	-11.2597	3.4785	0.7883	-0.0246	0.4860	0.3389	-0.9117	0.2235	-0.0712	-0.0390	0.0610	-0.0010	
6.1081	-11.2835	3.5530	0.7876	-0.0286	0.4902	0.3267	-0.9143	0.2370	-0.0440	-0.0381	0.0612	-0.0021	
6.1870	-11.2832	3.5835	0.7882	-0.0284	0.4864	0.3168	-0.9145	0.2524	-0.0106	-0.0371	0.0619	-0.0030	
6.2410	-11.3117	3.6242	0.7842	-0.0335	0.4843	0.3076	-0.9140	0.2646	0.0240	-0.0357	0.0625	-0.0039	
6.3035	-11.3220	3.6675	0.7816	-0.0351	0.4828	0.2991	-0.9118	0.2772	0.0550	-0.0346	0.0629	-0.0045	
6.3707	-11.3446	3.7160	0.7799	-0.0389	0.4822	0.2909	-0.9079	0.2898	0.0868	-0.0333	0.0634	-0.0050	
6.4321	-11.3553	3.7448	0.7773	-0.0404	0.4782	0.2812	-0.9033	0.3011	0.1216	-0.0321	0.0640	-0.0057	
6.5093	-11.3837	3.7755	0.7775	-0.0450	0.4746	0.2722	-0.8967	0.3129	0.1558	-0.0309	0.0646	-0.0061	
6.5815	-11.4044	3.8074	0.7767	-0.0481	0.4714	0.2624	-0.8881	0.3264	0.1897	-0.0298	0.0652	-0.0065	
6.6417	-11.4139	3.8613	0.7737	-0.0493	0.4721	0.2577	-0.8774	0.3387	0.2223	-0.0286	0.0657	-0.0063	
6.7240	-11.4329	3.9145	0.7746	-0.0518	0.4727	0.2502	-0.8653	0.3532	0.2532	-0.0278	0.0662	-0.0062	
6.8001	-11.4422	3.9449	0.7744	-0.0529	0.4696	0.2442	-0.8496	0.3674	0.2889	-0.0268	0.0670	-0.0059	
6.8801	-11.4588	3.9904	0.7747	-0.0551	0.4688	0.2392	-0.8370	0.3766	0.3176	-0.0257	0.0671	-0.0057	
6.9341	-11.4743	4.0217	0.7707	-0.0571	0.4659	0.2357	-0.8209	0.3866	0.3485	-0.0247	0.0675	-0.0052	
7.0213	-11.4916	4.0755	0.7721	-0.0592	0.4667	0.2325	-0.8046	0.3974	0.3755	-0.0239	0.0676	-0.0046	
7.1003	-11.5287	4.1320	0.7723	-0.0644	0.4679	0.2288	-0.7854	0.4084	0.4052	-0.0232	0.0680	-0.0039	
7.1775	-11.5602	4.1891	0.7722	-0.0684	0.4694	0.2226	-0.7628	0.4243	0.4340	-0.0229	0.0685	-0.0032	
7.2485	-11.5894	4.2312	0.7708	-0.0722	0.4685	0.2227	-0.7421	0.4376	0.4568	-0.0227	0.0683	-0.0021	
7.3222	-11.5975	4.2766	0.7700	-0.0726	0.4682	0.2244	-0.7168	0.4512	0.4822	-0.0225	0.0684	-0.0009	
7.4149	-11.6023	4.3305	0.7721	-0.0724	0.4694	0.2248	-0.6916	0.4684	0.5020	-0.0228	0.0682	0.0003	
7.4894	-11.6164	4.3870	0.7715	-0.0736	0.4708	0.2247	-0.6680	0.4784	0.5242	-0.0225	0.0681	0.0013	
7.5634	-11.6219	4.4411	0.7706	-0.0736	0.4719	0.2292	-0.6418	0.4903	0.5438	-0.0226	0.0678	0.0027	
7.6395	-11.6385	4.4863	0.7702	-0.0751	0.4717	0.2313	-0.6134	0.5051	0.5615	-0.0230	0.0676	0.0039	
7.7159	-11.6542	4.5367	0.7699	-0.0765	0.4723	0.2348	-0.5821	0.5205	0.5790	-0.0237	0.0674	0.0053	
7.7907	-11.6679	4.5876	0.7692	-0.0775	0.4732	0.2384	-0.5539	0.5361	0.5911	-0.0244	0.0667	0.0065	
7.8558	-11.6785	4.6412	0.7672	-0.0781	0.4743	0.2449	-0.5244	0.5494	0.6031	-0.0252	0.0660	0.0079	
7.9242	-11.6902	4.6821	0.7657	-0.0788	0.4737	0.2488	-0.4931	0.5644	0.6138	-0.0261	0.0655	0.0090	
7.9761	-11.6738	4.7373	0.7620	-0.0756	0.4752	0.2540	-0.4595	0.5795	0.6236	-0.0271	0.0649	0.0101	
8.0433	-11.6905	4.7890	0.7605	-0.0770	0.4761	0.2574	-0.4251	0.5968	0.6302	-0.0285	0.0642	0.0111	
8.1073	-11.6911	4.8373	0.7586	-0.0762	0.4766	0.2608	-0.3938	0.6115	0.6352	-0.0295	0.0634	0.0119	
8.1752	-11.7086	4.8803	0.7574	-0.0776	0.4762	0.2632	-0.3601	0.6252	0.6407	-0.0306	0.0628	0.0126	
8.2541	-11.7162	4.9406	0.7577	-0.0777	0.4784	0.2658	-0.3246	0.6416	0.6424	-0.0321	0.0620	0.0133	
8.3265	-11.7194	4.9962	0.7572	-0.0772	0.4799	0.2649	-0.2925	0.6578	0.6418	-0.0334	0.0612	0.0134	
8.4022	-11.7276	5.0446	0.7570	-0.0773	0.4802	0.2660	-0.2623	0.6694	0.6425	-0.0342	0.0603	0.0137	
8.4902	-11.7347	5.1072	0.7586	-0.0773	0.4826	0.2683	-0.2310	0.6837	0.6386	-0.0356	0.0593	0.0139	
8.5777	-11.7539	5.1591	0.7601	-0.0789	0.4834	0.2674	-0.2020	0.6978	0.6336	-0.0367	0.0582	0.0137	
8.6510	-11.7632	5.2179	0.7597	-0.0791	0.4851	0.2662	-0.1732	0.7077	0.6315	-0.0373	0.0574	0.0137	
8.7294	-11.7587	5.2718	0.7600	-0.0777	0.4863	0.2608	-0.1429	0.7235	0.6234	-0.0385	0.0566	0.0130	
8.8047	-11.7550	5.3334	0.7599	-0.0764	0.4883	0.2595	-0.1130	0.7356	0.6159	-0.0395	0.0556	0.0126	
8.9021	-11.7478	5.3894	0.7627	-0.0746	0.4897	0.2561	-0.0851	0.7503	0.6042	-0.0405	0.0546	0.0118	
9.0023	-11.7511	5.4488	0.7658	-0.0743	0.4914	0.2489	-0.0598	0.7634	0.5937	-0.0411	0.0538	0.0108	
9.0843	-11.7489	5.5021	0.7666	-0.0732	0.4923	0.2412	-0.0346	0.7759	0.5825	-0.0417	0.0530	0.0098	
9.1604	-11.7513	5.5498	0.7666	-0.0728	0.4923	0.2267	-0.0056	0.7899	0.5701	-0.0423	0.0527	0.0083	
9.2578	-11.7427	5.5942	0.7693	-0.0711	0.4921	0.2183	0.0195	0.8036	0.5541	-0.0430	0.0520	0.0070	
9.3541	-11.7398	5.6429	0.7718	-0.0702	0.4924	0.2068	0.0410	0.8173	0.5372	-0.0433	0.0513	0.0054	
9.4346	-11.7510	5.6762	0.7723	-0.0709	0.4907	0.1938	0.0602	0.8272	0.5250	-0.0431	0.0507	0.0041	
9.5315	-11.7378	5.7195	0.7748	-0.0687	0.4904	0.1810	0.0793	0.8392	0.5077	-0.0431	0.0501	0.0024	
9.6158	-11.7427	5.7723	0.7757	-0.0687	0.4910	0.1617	0.1052	0.8492	0.4920	-0.0432	0.0502	0.0009	
9.7175	-11.7536	5.8083	0.7787	-0.0694	0.4896	0.1422	0.1253	0.8598	0.4750	-0.0429	0.0502	-0.0009	
9.8052	-11.7616	5.8483	0.7800	-0.0698	0.4887	0.1210	0.1441	0.8685	0.4594	-0.0424	0.0502	-0.0025	
9.8863	-11.7677	5.8818	0.7805	-0.0699	0.4871	0.1034	0.1623	0.8758	0.4435	-0.0419	0.0500	-0.0039	
9.9802	-11.7641	5.9176	0.7824	-0.0689	0.4857	0.0847	0.1759	0.8825	0.4292	-0.0410	0.0498	-0.0052	
10.0730	-11.7603	5.9510	0.7842	-0.0679	0.4841	0.0592	0.1925	0.8874	0.4155	-0.0399	0.0502	-0.0065	
10.1550	-11.7562	5.9874	0.7848	-0.0670	0.4828	0.0340	0.2062	0.8935	0.3985	-0.0389	0.0504	-0.0082	
10.2413	-11.7576	6.0099	0.7858	-0.0667	0.4800	0.0072	0.2221	0.8986	0.3791	-0.0380	0.0509	-0.0098	
10.3656	-11.7667	6.0785	0.7909	-0.0667	0.4821	0.0167	-0.2336	-0.9024	-0.3628	-0.0388	0.0510	-0.0081	
10.4863	-11.7739	6.1364	0.7955	-0.0666	0.4830	0.0403	-0.2487	-0.9025	-0.3500	-0.0394	0.0510	-0.0068	
10.5941	-11.7839	6.2014	0.7985	-0.0668	0.4847	0.0648	-0.2669	-0.9007	-0.3369	-0.0397	0.0510	-0.0055	
10.7026	-11.7811	6.2655	0.8016	-0.0656	0.4863	0.0855	-0.2825	-0.8981	-0.3269	-0.0400	0.0513	-0.0044	
10.8130	-11.8002	6.3148	0.8048	-0.0669	0.4862	0.1063	-0.2996	-0.8929	-0.3196	-0.0403	0.0516	-0.0036	
10.9146	-11.8094	6.3470	0.8070	-0.0671	0.4843	0.1299	-0.3195	-0.8850	-0.3130	-0.0405	0.0517	-0.0026	
11.0245	-11.8193	6.3973	0.8100	-0.0674	0.4843	0.1551	-0.3373	-0.8775	-0.3041	-0.0403	0.0521	-0.0016	
11.1312	-11.8193	6.4349	0.8127	-0.0666	0.4830	0.1790	-0.3558	-0.8674	-0.2987	-0.0402	0.0524	-0.0006	
11.2314	-11.8251	6.4816	0.8145	-0.0665	0.4827	0.2021	-0.3720	-0.8572	-0.2940	-0.0399	0.0529	0.0003	
11.3265	-11.8378	6.5218	0.8158	-0.0672	0.4817	0.2264	-0.3887	-0.8447	-0.2907	-0.0397	0.0533	0.0013	
11.4131	-11.8539	6.5552	0.8162	-0.0682	0.4799	0.2510	-0.4061	-0.8315	-0.2845	-0.0391	0.0539	0.0021	
11.5166	-11.8697	6.6002	0.8184	-0.0691	0.4794	0.2747	-0.4201	-0.8196	-0.2770	-0.0383	0.0547	0.0026	
11.6030	-11.8757	6.6329	0.8187	-0.0691	0.4776	0.2992	-0.4347	-0.8048	-0.2723	-0.0376	0.0552	0.0034	
11.6855	-11.8826	6.6643	0.8187	-0.0692	0.4758	0.3252	-0.4484	-0.7881	-0.2690	-0.0369	0.0558	0.0043	
11.7782	-11.8935	6.6934	0.8196	-0.0697	0.4738	0.3526	-0.4613	-0.7701	-0.2647	-0.0361	0.0566	0.0052	
11.8616	-11.8959	6.7236	0.8196	-0.0693	0.4719	0.3805	-0.4731	-0.7506	-0.2611	-0.0352	0.0573	0.0062	
11.9397	-11.9014	6.7517	0.8191	-0.0692	0.4699	0.4076	-0.4845	-0.7285	-0.2617	-0.0347	0.0578	0.0074	
12.0223	-11.9091	6.7729	0.8190	-0.0694	0.4672	0.4333	-0.4957	-0.7066	-0.2596	-0.0341	0.0582	0.0083	
12.0933	-11.9178	6.8164	0.8178	-0.0696	0.4668	0.4583	-0.5052	-0.6830	-0.2615	-0.0337	0.0584	0.0095	
12.1721	-11.9349	6.8511	0.8174	-0.0707	0.4656	0.4810	-0.5165	-0.6570	-0.2652	-0.0336	0.0585	0.0107	
12.2384	-11.9386	6.8823	0.8158	-0.0704	0.4640	0.5048	-0.5259	-0.6298	-0.2682	-0.0333	0.0587	0.0119	
12.3054	-11.9601	6.9214	0.8142	-0.0718	0.4633	0.5311	-0.5338	-0.5991	-0.2720	-0.0332	0.0592	0.0133	
12.3762	-11.9685	6.9677	0.8131	-0.0720	0.4632	0.5522	-0.5425	-0.5717	-0.2721	-0.0329	0.0593	0.0140	
12.4473	-11.9773	7.0109	0.8121	-0.0721	0.4629	0.5672	-0.5546	-0.5415	-0.2783	-0.0334	0.0588	0.0149	
12.5164	-11.9958	7.0562	0.8109	-0.0732	0.4628	0.5857	-0.5637	-0.5114	-0.2787	-0.0333	0.0589	0.0155	
12.5866	-11.9979	7.1076	0.8098	-0.0727	0.4633	0.5995	-0.5774	-0.4774	-0.2812	-0.0340	0.0588	0.0161	
12.6551	-12.0113	7.1591	0.8086	-0.0733	0.4638	0.6107	-0.5897	-0.4448	-0.2853	-0.0347	0.0584	0.0166	
12.7320	-12.0246	7.1963	0.8082	-0.0738	0.4629	0.6230	-0.5998	-0.4142	-0.2839	-0.0348	0.0582	0.0168	
12.8006	-12.0301	7.2461	0.8070	-0.0736	0.4633	0.6318	-0.6092	-0.3854	-0.2854	-0.0350	0.0576	0.0171	
12.8658	-12.0358	7.2883	0.8056	-0.0735	0.4629	0.6392	-0.6184	-0.3556	-0.2877	-0.0354	0.0570	0.0173	
12.9417	-12.0455	7.3316	0.8051	-0.0737	0.4626	0.6439	-0.6306	-0.3231	-0.2888	-0.0361	0.0564	0.0174	
13.0109	-12.0581	7.3800	0.8041	-0.0741	0.4628	0.6480	-0.6429	-0.2886	-0.2889	-0.0369	0.0561	0.0175	
13.0871	-12.0703	7.4267	0.8037	-0.0745	0.4628	0.6470	-0.6578	-0.2589	-0.2867	-0.0376	0.0554	0.0169	
13.1629	-12.0798	7.4768	0.8033	-0.0746	0.4632	0.6496	-0.6686	-0.2292	-0.2808	-0.0379	0.0550	0.0164	
13.2370	-12.0847	7.5374	0.8027	-0.0744	0.4645	0.6489	-0.6784	-0.1975	-0.2828	-0.0386	0.0543	0.0164	
13.3172	-12.0958	7.5766	0.8027	-0.0747	0.4638	0.6459	-0.6904	-0.1681	-0.2798	-0.0392	0.0537	0.0159	
13.3914	-12.0976	7.6149	0.8022	-0.0741	0.4631	0.6423	-0.7019	-0.1373	-0.2762	-0.0398	0.0531	0.0155	
13.4682	-12.1068	7.6559	0.8019	-0.0743	0.4627	0.6375	-0.7124	-0.1095	-0.2731	-0.0402	0.0524	0.0149	
13.5412	-12.1130	7.7000	0.8012	-0.0741	0.4625	0.6313	-0.7251	-0.0807	-0.2639	-0.0407	0.0520	0.0139	
13.6174	-12.1230	7.7433	0.8009	-0.0743	0.4622	0.6271	-0.7346	-0.0535	-0.2545	-0.0408	0.0517	0.0131	
13.6991	-12.1240	7.7882	0.8010	-0.0737	0.4622	0.6179	-0.7478	-0.0294	-0.2430	-0.0410	0.0512	0.0118	
13.7829	-12.1302	7.8299	0.8013	-0.0736	0.4618	0.6071	-0.7609	-0.0037	-0.2307	-0.0413	0.0509	0.0104	
13.8586	-12.1395	7.8823	0.8009	-0.0737	0.4623	0.5975	-0.7708	0.0260	-0.2200	-0.0417	0.0508	0.0094	
13.9364	-12.1397	7.9256	0.8007	-0.0731	0.4621	0.5880	-0.7801	0.0547	-0.2075	-0.0419	0.0507	0.0084	
14.0208	-12.1398	7.9651	0.8011	-0.0725	0.4615	0.5743	-0.7914	0.0819	-0.1937	-0.0422	0.0505	0.0071	
14.0998	-12.1369	8.0098	0.8010	-0.0716	0.4614	0.5586	-0.8034	0.1045	-0.1800	-0.0424	0.0502	0.0055	
14.1878	-12.1388	8.0467	0.8017	-0.0711	0.4606	0.5429	-0.8129	0.1303	-0.1673	-0.0426	0.0500	0.0042	
14.2685	-12.1376	8.0767	0.8017	-0.0705	0.4593	0.5260	-0.8230	0.1554	-0.1495	-0.0427	0.0500	0.0027	
14.3489	-12.1472	8.1135	0.8017	-0.0707	0.4586	0.5088	-0.8326	0.1772	-0.1308	-0.0425	0.0500	0.0010	
14.4222	-12.1522	8.1461	0.8011	-0.0705	0.4575	0.4922	-0.8408	0.1990	-0.1085	-0.0422	0.0503	-0.0006	
14.5015	-12.1505	8.1908	0.8011	-0.0698	0.4574	0.4736	-0.8490	0.2187	-0.0883	-0.0418	0.0504	-0.0023	
14.5815	-12.1492	8.2290	0.8010	-0.0691	0.4568	0.4557	-0.8557	0.2374	-0.0669	-0.0412	0.0506	-0.0038	
14.6548	-12.1560	8.2603	0.8005	-0.0691	0.4556	0.4388	-0.8597	0.2589	-0.0411	-0.0406	0.0511	-0.0052	
14.7290	-12.1555	8.2983	0.8000	-0.0686	0.4550	0.4220	-0.8650	0.2728	-0.0171	-0.0396	0.0514	-0.0067	
14.8071	-12.1524	8.3348	0.7999	-0.0678	0.4543	0.4041	-0.8690	0.2870	0.0066	-0.0387	0.0516	-0.0082	
14.8836	-12.1616	8.3644	0.7996	-0.0680	0.4531	0.3849	-0.8708	0.3042	0.0378	-0.0376	0.0524	-0.0097	
14.9531	-12.1656	8.3940	0.7987	-0.0678	0.4518	0.3649	-0.8724	0.3191	0.0671	-0.0365	0.0531	-0.0112	
15.0248	-12.1768	8.4254	0.7981	-0.0682	0.4507	0.3437	-0.8732	0.3323	0.0973	-0.0354	0.0538	-0.0127	
15.0984	-12.1794	8.4623	0.7976	-0.0679	0.4501	0.3242	-0.8716	0.3466	0.1245	-0.0343	0.0543	-0.0139	
15.1725	-12.1823	8.4957	0.7972	-0.0677	0.4492	0.3078	-0.8685	0.3582	0.1525	-0.0331	0.0548	-0.0147	
15.2490	-12.1837	8.5380	0.7969	-0.0673	0.4490	0.2863	-0.8652	0.3690	0.1837	-0.0317	0.0556	-0.0160	
15.3188	-12.1925	8.5808	0.7961	-0.0675	0.4488	0.2689	-0.8575	0.3835	0.2130	-0.0306	0.0563	-0.0166	
15.3880	-12.2014	8.6190	0.7953	-0.0677	0.4483	0.2544	-0.8504	0.3931	0.2410	-0.0292	0.0568	-0.0170	
15.4539	-12.2050	8.6594	0.7943	-0.0675	0.4479	0.2368	-0.8424	0.4022	0.2701	-0.0279	0.0574	-0.0176	
15.5197	-12.2117	8.7066	0.7932	-0.0675	0.4481	0.2207	-0.8287	0.4172	0.3007	-0.0269	0.0584	-0.0178	
15.5955	-12.2114	8.7441	0.7930	-0.0670	0.4476	0.2053	-0.8184	0.4257	0.3275	-0.0256	0.0588	-0.0181	
15.6613	-12.2206	8.7855	0.7919	-0.0673	0.4473	0.1891	-0.8064	0.4345	0.3543	-0.0245	0.0592	-0.0183	
15.7308	-12.2232	8.8283	0.7912	-0.0670	0.4471	0.1756	-0.7905	0.4462	0.3811	-0.0236	0.0598	-0.0182	
15.7945	-12.2315	8.8655	0.7901	-0.0672	0.4466	0.1584	-0.7727	0.4569	0.4112	-0.0225	0.0607	-0.0182	
15.8657	-12.2413	8.9134	0.7895	-0.0674	0.4468	0.1476	-0.7549	0.4652	0.4385	-0.0215	0.0612	-0.0177	
15.9440	-12.2496	8.9584	0.7894	-0.0676	0.4468	0.1347	-0.7373	0.4723	0.4642	-0.0205	0.0617	-0.0174	
16.0215	-12.2538	9.0041	0.7893	-0.0674	0.4469	0.1235	-0.7163	0.4806	0.4908	-0.0196	0.0623	-0.0168	
16.0903	-12.2642	9.0457	0.7885	-0.0677	0.4466	0.1135	-0.6947	0.4883	0.5159	-0.0189	0.0627	-0.0161	
16.1576	-12.2761	9.0928	0.7877	-0.0681	0.4468	0.1040	-0.6714	0.4956	0.5412	-0.0181	0.0632	-0.0154	
16.2260	-12.2874	9.1393	0.7869	-0.0685	0.4469	0.0916	-0.6457	0.5043	0.5659	-0.0176	0.0639	-0.0148	
16.2931	-12.2953	9.1855	0.7861	-0.0686	0.4470	0.0807	-0.6189	0.5143	0.5881	-0.0173	0.0644	-0.0141	
16.3596	-12.3031	9.2261	0.7852	-0.0687	0.4467	0.0756	-0.5912	0.5224	0.6099	-0.0171	0.0647	-0.0129	
16.4311	-12.3151	9.2692	0.7847	-0.0690	0.4466	0.0690	-0.5620	0.5332	0.6286	-0.0173	0.0649	-0.0119	
16.4947	-12.3253	9.3211	0.7836	-0.0693	0.4471	0.0634	-0.5291	0.5447	0.6475	-0.0177	0.0653	-0.0107	
16.5695	-12.3301	9.3702	0.7833	-0.0692	0.4475	0.0584	-0.4951	0.5567	0.6645	-0.0182	0.0656	-0.0096	
16.6459	-12.3427	9.4146	0.7832	-0.0696	0.4474	0.0565	-0.4652	0.5655	0.6789	-0.0186	0.0656	-0.0084	
16.7177	-12.3523	9.4624	0.7827	-0.0698	0.4477	0.0540	-0.4315	0.5768	0.6915	-0.0194	0.0655	-0.0072	
16.7933	-12.3640	9.5159	0.7825	-0.0701	0.4483	0.0497	-0.4012	0.5835	0.7045	-0.0196	0.0655	-0.0064	
16.8601	-12.3791	9.5609	0.7817	-0.0707	0.4483	0.0472	-0.3666	0.5945	0.7141	-0.0206	0.0654	-0.0054	
16.9304	-12.3829	9.6091	0.7811	-0.0705	0.4486	0.0441	-0.3319	0.6043	0.7230	-0.0214	0.0653	-0.0046	
16.9961	-12.3837	9.6576	0.7803	-0.0701	0.4488	0.0404	-0.2934	0.6152	0.7306	-0.0224	0.0653	-0.0038	
17.0631	-12.3905	9.7038	0.7795	-0.0701	0.4489	0.0343	-0.2557	0.6254	0.7363	-0.0234	0.0653	-0.0033	
17.1377	-12.4037	9.7555	0.7793	-0.0705	0.4494	0.0317	-0.2203	0.6341	0.7406	-0.0243	0.0651	-0.0026	
17.2073	-12.4082	9.8042	0.7787	-0.0703	0.4497	0.0266	-0.1839	0.6446	0.7416	-0.0254	0.0648	-0.0024	
17.2780	-12.4221	9.8504	0.7782	-0.0708	0.4498	0.0228	-0.1489	0.6519	0.7433	-0.0263	0.0645	-0.0020	
17.3544	-12.4262	9.9009	0.7781	-0.0706	0.4502	0.0195	-0.1159	0.6617	0.7407	-0.0273	0.0639	-0.0019	
17.4211	-12.4580	9.9668	0.7773	-0.0722	0.4516	0.0184	-0.0810	0.6737	0.7346	-0.0259	0.0645	-0.0017	
17.4938	-12.4607	10.0197	0.7770	-0.0719	0.4521	0.0115	-0.0446	0.6829	0.7291	-0.0271	0.0642	-0.0017	
17.5644	-12.4793	10.0891	0.7765	-0.0727	0.4537	-0.0049	0.0111	-0.6919	-0.7221	-0.0260	0.0647	-0.0017	
17.6339	-12.5018	10.1589	0.7760	-0.0737	0.4553	0.0001	-0.0207	-0.6992	-0.7149	-0.0250	0.0652	-0.0019	
17.7054	-12.5208	10.2246	0.7756	-0.0744	0.4566	0.0083	-0.0516	-0.7052	-0.7073	-0.0242	0.0657	-0.0022	
17.7841	-12.5461	10.2823	0.7756	-0.0756	0.4573	0.0196	-0.0847	-0.7124	-0.6964	-0.0232	0.0660	-0.0026	
17.8555	-12.5618	10.3434	0.7752	-0.0761	0.4583	0.0319	-0.1161	-0.7169	-0.6868	-0.0225	0.0663	-0.0031	
17.9367	-12.5812	10.4091	0.7755	-0.0768	0.4596	0.0428	-0.1441	-0.7237	-0.6739	-0.0215	0.0669	-0.0039	
18.0146	-12.6021	10.4780	0.7755	-0.0777	0.4610	0.0549	-0.1720	-0.7306	-0.6589	-0.0204	0.0674	-0.0050	
18.0948	-12.6176	10.5461	0.7757	-0.0782	0.4624	0.0716	-0.1981	-0.7379	-0.6415	-0.0192	0.0680	-0.0060	
18.1823	-12.6303	10.6120	0.7764	-0.0785	0.4636	0.0891	-0.2215	-0.7463	-0.6217	-0.0177	0.0686	-0.0074	
18.2660	-12.6479	10.6749	0.7768	-0.0791	0.4646	0.1078	-0.2442	-0.7556	-0.5986	-0.0160	0.0692	-0.0090	
18.3495	-12.6595	10.7343	0.7772	-0.0794	0.4654	0.1291	-0.2665	-0.7634	-0.5743	-0.0145	0.0697	-0.0106	
18.4339	-12.6691	10.8000	0.7776	-0.0795	0.4666	0.1496	-0.2872	-0.7700	-0.5500	-0.0131	0.0701	-0.0122	
18.5138	-12.6813	10.8540	0.7778	-0.0798	0.4670	0.1722	-0.3060	-0.7743	-0.5268	-0.0118	0.0704	-0.0134	
18.5995	-12.6880	10.9078	0.7783	-0.0797	0.4675	0.1962	-0.3235	-0.7787	-0.5007	-0.0104	0.0707	-0.0148	
18.6839	-12.6946	10.9559	0.7788	-0.0796	0.4675	0.2219	-0.3380	-0.7836	-0.4720	-0.0086	0.0710	-0.0163	
18.7661	-12.7014	11.0013	0.7791	-0.0796	0.4674	0.2468	-0.3534	-0.7861	-0.4432	-0.0073	0.0713	-0.0176	
18.8497	-12.7060	11.0509	0.7794	-0.0794	0.4676	0.2722	-0.3671	-0.7884	-0.4119	-0.0059	0.0716	-0.0191	
18.9249	-12.7155	11.0883	0.7793	-0.0795	0.4670	0.2970	-0.3794	-0.7890	-0.3813	-0.0046	0.0716	-0.0203	
19.0042	-12.7234	11.1303	0.7794	-0.0795	0.4667	0.3206	-0.3909	-0.7875	-0.3527	-0.0035	0.0716	-0.0213	
19.0847	-12.7239	11.1700	0.7796	-0.0791	0.4663	0.3445	-0.3996	-0.7858	-0.3231	-0.0023	0.0714	-0.0222	
19.1614	-12.7292	11.2105	0.7795	-0.0789	0.4659	0.3724	-0.4075	-0.7796	-0.2957	-0.0010	0.0715	-0.0226	
19.2386	-12.7313	11.2503	0.7795	-0.0786	0.4655	0.3993	-0.4109	-0.7755	-0.2655	0.0006	0.0713	-0.0233	
19.3190	-12.7327	11.2949	0.7797	-0.0782	0.4654	0.4248	-0.4147	-0.7689	-0.2378	0.0019	0.0711	-0.0237	
19.4020	-12.7440	11.3327	0.7800	-0.0785	0.4648	0.4506	-0.4190	-0.7591	-0.2130	0.0030	0.0709	-0.0236	
19.4758	-12.7539	11.3677	0.7797	-0.0786	0.4641	0.4717	-0.4228	-0.7511	-0.1872	0.0039	0.0704	-0.0239	
19.5527	-12.7587	11.4067	0.7797	-0.0784	0.4637	0.4960	-0.4248	-0.7394	-0.1649	0.0048	0.0700	-0.0236	
19.6263	-12.7638	11.4401	0.7794	-0.0783	0.4629	0.5208	-0.4273	-0.7260	-0.1381	0.0058	0.0700	-0.0236	
19.6947	-12.7724	11.4760	0.7789	-0.0783	0.4623	0.5462	-0.4318	-0.7081	-0.1175	0.0063	0.0700	-0.0230	
19.7651	-12.7869	11.5183	0.7784	-0.0787	0.4620	0.5686	-0.4328	-0.6931	-0.0973	0.0070	0.0696	-0.0225	
19.8350	-12.7974	11.5557	0.7780	-0.0789	0.4615	0.5900	-0.4354	-0.6758	-0.0766	0.0075	0.0694	-0.0221	
19.9015	-12.8033	11.5925	0.7773	-0.0788	0.4609	0.6107	-0.4350	-0.6594	-0.0595	0.0081	0.0689	-0.0214	
19.9724	-12.8124	11.6390	0.7769	-0.0789	0.4609	0.6325	-0.4384	-0.6374	-0.0399	0.0084	0.0690	-0.0208	
20.0417	-12.8148	11.6809	0.7764	-0.0785	0.4607	0.6548	-0.4406	-0.6138	-0.0214	0.0086	0.0692	-0.0200	
20.1114	-12.8247	11.7261	0.7759	-0.0787	0.4606	0.6751	-0.4427	-0.5904	-0.0061	0.0087	0.0691	-0.0191	
20.1825	-12.8318	11.7690	0.7756	-0.0786	0.4604	0.6924	-0.4403	-0.5723	0.0081	0.0092	0.0685	-0.0184	
20.2509	-12.8336	11.8107	0.7750	-0.0783	0.4601	0.7109	-0.4430	-0.5462	0.0203	0.0090	0.0685	-0.0173	
20.3254	-12.8405	11.8597	0.7749	-0.0782	0.4603	0.7274	-0.4460	-0.5210	0.0319	0.0087	0.0683	-0.0164	
20.3969	-12.8515	11.9047	0.7745	-0.0784	0.4602	0.7429	-0.4499	-0.4950	0.0390	0.0081	0.0680	-0.0151	
20.4663	-12.8530	11.9510	0.7740	-0.0780	0.4602	0.7568	-0.4545	-0.4680	0.0474	0.0074	0.0678	-0.0141	
20.5353	-12.8616	11.9939	0.7735	-0.0781	0.4600	0.7698	-0.4566	-0.4440	0.0531	0.0069	0.0673	-0.0130	
20.6074	-12.8738	12.0349	0.7732	-0.0783	0.4597	0.7843	-0.4577	-0.4152	0.0598	0.0064	0.0672	-0.0118	
20.6782	-12.8777	12.0834	0.7729	-0.0781	0.4598	0.7954	-0.4650	-0.3828	0.0696	0.0054	0.0674	-0.0111	
20.7523	-12.8893	12.1286	0.7727	-0.0783	0.4598	0.8056	-0.4683	-0.3578	0.0702	0.0045	0.0668	-0.0099	
20.8238	-12.8935	12.1767	0.7723	-0.0781	0.4599	0.8138	-0.4737	-0.3291	0.0756	0.0034	0.0665	-0.0091	
20.8974	-12.8993	12.2250	0.7721	-0.0780	0.4600	0.8216	-0.4804	-0.2982	0.0773	0.0021	0.0663	-0.0082	
20.9714	-12.9103	12.2721	0.7719	-0.0781	0.4600	0.8262	-0.4883	-0.2693	0.0840	0.0010	0.0660	-0.0078	
21.0434	-12.9128	12.3186	0.7716	-0.0778	0.4600	0.8313	-0.4943	-0.2413	0.0850	-0.0002	0.0655	-0.0071	
21.1151	-12.9105	12.3682	0.7713	-0.0773	0.4602	0.8338	-0.5033	-0.2109	0.0879	-0.0017	0.0651	-0.0067	
21.1930	-12.9149	12.4109	0.7714	-0.0771	0.4600	0.8363	-0.5111	-0.1774	0.0913	-0.0031	0.0650	-0.0063	
21.2667	-12.9150	12.4580	0.7712	-0.0767	0.4601	0.8383	-0.5174	-0.1446	0.0953	-0.0043	0.0649	-0.0059	
21.3402	-12.9184	12.5089	0.7710	-0.0764	0.4603	0.8360	-0.5292	-0.1059	0.1002	-0.0061	0.0651	-0.0059	
21.4197	-12.9182	12.5596	0.7711	-0.0760	0.4606	0.8321	-0.5405	-0.0689	0.1046	-0.0077	0.0651	-0.0060	
21.4930	-12.9173	12.6046	0.7709	-0.0756	0.4605	0.8276	-0.5491	-0.0349	0.1119	-0.0089	0.0650	-0.0063	
21.5704	-12.9190	12.6555	0.7709	-0.0752	0.4608	0.8218	-0.5587	-0.0029	0.1140	-0.0104	0.0646	-0.0064	
21.6472	-12.9242	12.7027	0.7709	-0.0751	0.4608	0.8133	-0.5687	0.0314	0.1200	-0.0117	0.0645	-0.0069	
21.7191	-12.9336	12.7489	0.7706	-0.0752	0.4608	0.8070	-0.5750	0.0603	0.1227	-0.0127	0.0640	-0.0071	
21.7985	-12.9276	12.7926	0.7707	-0.0745	0.4607	0.7962	-0.5860	0.0883	0.1250	-0.0139	0.0633	-0.0077	
21.8691	-12.9297	12.8423	0.7704	-0.0742	0.4609	0.7848	-0.5943	0.1214	0.1281	-0.0151	0.0631	-0.0082	
21.9451	-12.9332	12.8868	0.7703	-0.0740	0.4608	0.7701	-0.6047	0.1531	0.1347	-0.0162	0.0628	-0.0092	
22.0188	-12.9325	12.9314	0.7701	-0.0736	0.4607	0.7524	-0.6143	0.1863	0.1475	-0.0168	0.0629	-0.0105	
22.1011	-12.9336	12.9773	0.7704	-0.0733	0.4607	0.7357	-0.6225	0.2172	0.1554	-0.0175	0.0627	-0.0114	
22.1751	-12.9365	13.0229	0.7703	-0.0731	0.4607	0.7172	-0.6306	0.2474	0.1637	-0.0182	0.0625	-0.0125	
22.2523	-12.9346	13.0605	0.7703	-0.0726	0.4602	0.6978	-0.6386	0.2727	0.1767	-0.0182	0.0622	-0.0138	
22.3307	-12.9305	13.0972	0.7704	-0.0720	0.4598	0.6759	-0.6462	0.3002	0.1887	-0.0184	0.0620	-0.0151	
22.4016	-12.9304	13.1412	0.7701	-0.0716	0.4596	0.6538	-0.6535	0.3271	0.1968	-0.0188	0.0617	-0.0163	
22.4716	-12.9325	13.1817	0.7697	-0.0714	0.4594	0.6281	-0.6622	0.3524	0.2074	-0.0190	0.0614	-0.0179	
22.5430	-12.9363	13.2267	0.7694	-0.0712	0.4593	0.6039	-0.6687	0.3728	0.2224	-0.0184	0.0611	-0.0193	
22.6179	-12.9438	13.2745	0.7693	-0.0713	0.4594	0.5759	-0.6752	0.3953	0.2373	-0.0180	0.0610	-0.0209	
22.6908	-12.9451	13.3120	0.7691	-0.0710	0.4590	0.5478	-0.6800	0.4176	0.2515	-0.0176	0.0609	-0.0224	
22.7678	-12.9525	13.3541	0.7692	-0.0710	0.4588	0.5183	-0.6864	0.4363	0.2650	-0.0171	0.0607	-0.0239	
22.8379	-12.9554	13.3962	0.7688	-0.0708	0.4586	0.4886	-0.6892	0.4552	0.2813	-0.0163	0.0606	-0.0253	
22.9083	-12.9575	13.4383	0.7685	-0.0705	0.4584	0.4590	-0.6926	0.4694	0.2994	-0.0151	0.0605	-0.0267	
22.9818	-12.9607	13.4803	0.7684	-0.0704	0.4582	0.4236	-0.6963	0.4861	0.3155	-0.0142	0.0605	-0.0284	
23.0554	-12.9676	13.5204	0.7682	-0.0704	0.4579	0.3914	-0.6977	0.4983	0.3346	-0.0128	0.0604	-0.0296	
23.1311	-12.9738	13.5651	0.7682	-0.0703	0.4578	0.3607	-0.6987	0.5087	0.3510	-0.0116	0.0602	-0.0307	
23.2003	-12.9771	13.6085	0.7678	-0.0701	0.4577	0.3281	-0.6983	0.5180	0.3697	-0.0101	0.0601	-0.0318	
23.2728	-12.9778	13.6508	0.7676	-0.0698	0.4575	0.2943	-0.6960	0.5275	0.3883	-0.0087	0.0602	-0.0329	
23.3464	-12.9847	13.6976	0.7675	-0.0698	0.4575	0.2626	-0.6908	0.5381	0.4054	-0.0075	0.0603	-0.0335	
23.4149	-12.9886	13.7391	0.7671	-0.0697	0.4573	0.2288	-0.6829	0.5473	0.4261	-0.0061	0.0606	-0.0341	
23.4831	-13.0015	13.7805	0.7666	-0.0700	0.4571	0.1953	-0.6748	0.5538	0.4470	-0.0045	0.0609	-0.0346	
23.5536	-13.0062	13.8233	0.7663	-0.0699	0.4569	0.1593	-0.6637	0.5622	0.4667	-0.0031	0.0614	-0.0351	
23.6246	-13.0092	13.8665	0.7661	-0.0697	0.4568	0.1290	-0.6498	0.5696	0.4865	-0.0019	0.0618	-0.0350	
23.6972	-13.0209	13.9126	0.7659	-0.0699	0.4568	0.1003	-0.6364	0.5724	0.5075	-0.0004	0.0621	-0.0348	
23.7735	-13.0327	13.9545	0.7659	-0.0702	0.4566	0.0717	-0.6209	0.5769	0.5259	0.0008	0.0624	-0.0345	
23.8415	-13.0389	14.0026	0.7654	-0.0701	0.4567	0.0468	-0.6075	0.5777	0.5437	0.0020	0.0624	-0.0340	
23.9208	-13.0481	14.0346	0.7656	-0.0702	0.4560	0.0182	-0.5895	0.5835	0.5583	0.0017	0.0621	-0.0343	
23.9969	-13.0575	14.0778	0.7655	-0.0704	0.4559	0.0096	0.5713	-0.5855	-0.5752	0.0028	0.0624	-0.0339	
24.0687	-13.0652	14.1198	0.7653	-0.0704	0.4557	0.0373	0.5509	-0.5863	-0.5928	0.0038	0.0629	-0.0333	
24.1488	-13.0774	14.1609	0.7655	-0.0706	0.4555	0.0567	0.5325	-0.5889	-0.6059	0.0042	0.0628	-0.0323	
24.2275	-13.0861	14.2067	0.7656	-0.0707	0.4555	0.0801	0.5145	-0.5880	-0.6194	0.0050	0.0629	-0.0317	
24.3047	-13.0950	14.2527	0.7656	-0.0708	0.4555	0.0979	0.4928	-0.5881	-0.6343	0.0054	0.0630	-0.0305	
24.3798	-13.1040	14.2993	0.7655	-0.0709	0.4556	0.1188	0.4673	-0.5898	-0.6480	0.0057	0.0634	-0.0295	
24.4568	-13.1106	14.3403	0.7655	-0.0709	0.4554	0.1350	0.4414	-0.5905	-0.6625	0.0057	0.0638	-0.0281	
24.5412	-13.1208	14.3802	0.7659	-0.0710	0.4551	0.1518	0.4161	-0.5908	-0.6748	0.0057	0.0640	-0.0269	
24.6170	-13.1253	14.4262	0.7658	-0.0709	0.4551	0.1705	0.3878	-0.5880	-0.6892	0.0060	0.0646	-0.0257	
24.6946	-13.1337	14.4710	0.7659	-0.0710	0.4551	0.1847	0.3589	-0.5853	-0.7036	0.0059	0.0650	-0.0242	
24.7718	-13.1397	14.5142	0.7659	-0.0709	0.4550	0.1998	0.3302	-0.5850	-0.7136	0.0056	0.0653	-0.0231	
24.8472	-13.1476	14.5592	0.7658	-0.0710	0.4550	0.2158	0.3005	-0.5791	-0.7267	0.0058	0.0658	-0.0218	
24.9232	-13.1574	14.6027	0.7658	-0.0711	0.4549	0.2255	0.2711	-0.5772	-0.7371	0.0052	0.0660	-0.0204	
25.0032	-13.1638	14.6454	0.7659	-0.0711	0.4547	0.2352	0.2408	-0.5761	-0.7453	0.0045	0.0661	-0.0192	
25.0815	-13.1747	14.6896	0.7660	-0.0712	0.4547	0.2441	0.2100	-0.5757	-0.7521	0.0036	0.0662	-0.0181	
25.1571	-13.1806	14.7308	0.7659	-0.0712	0.4545	0.2527	0.1773	-0.5741	-0.7587	0.0028	0.0664	-0.0169	
25.2311	-13.1910	14.7777	0.7658	-0.0714	0.4546	0.2623	0.1390	-0.5740	-0.7633	0.0016	0.0669	-0.0159	
25.3082	-13.2008	14.8200	0.7658	-0.0715	0.4544	0.2667	0.1052	-0.5721	-0.7689	0.0004	0.0671	-0.0147	
25.3886	-13.2070	14.8705	0.7660	-0.0714	0.4547	0.2739	0.0707	-0.5695	-0.7720	-0.0006	0.0672	-0.0138	
25.4652	-13.2188	14.9125	0.7659	-0.0716	0.4545	0.2769	0.0355	-0.5700	-0.7732	-0.0020	0.0673	-0.0130	
25.5427	-13.2299	14.9599	0.7660	-0.0718	0.4546	0.2818	-0.0035	-0.5680	-0.7734	-0.0034	0.0676	-0.0122	
25.6204	-13.2429	15.0012	0.7660	-0.0721	0.4545	0.2867	-0.0370	-0.5665	-0.7719	-0.0046	0.0675	-0.0117	
25.6962	-13.2504	15.0439	0.7660	-0.0721	0.4544	0.2915	-0.0717	-0.5647	-0.7690	-0.0057	0.0675	-0.0112	
25.7709	-13.2573	15.0875	0.7659	-0.0721	0.4543	0.2927	-0.1050	-0.5665	-0.7636	-0.0072	0.0672	-0.0110	
25.8482	-13.2689	15.1310	0.7659	-0.0723	0.4542	0.2959	-0.1363	-0.5679	-0.7563	-0.0083	0.0668	-0.0111	
25.9262	-13.2766	15.1765	0.7660	-0.0723	0.4542	0.2984	-0.1719	-0.5669	-0.7485	-0.0096	0.0667	-0.0110	
26.0019	-13.2846	15.2225	0.7660	-0.0724	0.4543	0.2997	-0.2049	-0.5679	-0.7390	-0.0109	0.0664	-0.0111	
26.0742	-13.2948	15.2710	0.7658	-0.0725	0.4544	0.3041	-0.2344	-0.5712	-0.7259	-0.0118	0.0658	-0.0117	
26.1484	-13.3086	15.3127	0.7657	-0.0728	0.4543	0.3079	-0.2704	-0.5715	-0.7110	-0.0130	0.0658	-0.0122	
26.2191	-13.3184	15.3592	0.7654	-0.0729	0.4543	0.3134	-0.2976	-0.5742	-0.6957	-0.0135	0.0653	-0.0130	
26.2974	-13.3276	15.4040	0.7655	-0.0730	0.4543	0.3170	-0.3269	-0.5738	-0.6810	-0.0142	0.0649	-0.0135	
26.3707	-13.3347	15.4469	0.7654	-0.0730	0.4542	0.3185	-0.3555	-0.5757	-0.6642	-0.0150	0.0644	-0.0142	
26.4464	-13.3419	15.4909	0.7653	-0.0730	0.4542	0.3256	-0.3814	-0.5782	-0.6439	-0.0152	0.0639	-0.0152	
26.5219	-13.3492	15.5301	0.7653	-0.0730	0.4539	0.3343	-0.4063	-0.5804	-0.6217	-0.0152	0.0635	-0.0164	
26.6022	-13.3557	15.5764	0.7655	-0.0730	0.4539	0.3398	-0.4322	-0.5822	-0.5993	-0.0154	0.0631	-0.0175	
26.6785	-13.3600	15.6222	0.7655	-0.0728	0.4539	0.3509	-0.4564	-0.5814	-0.5750	-0.0150	0.0629	-0.0185	
26.7539	-13.3696	15.6629	0.7654	-0.0729	0.4538	0.3586	-0.4784	-0.5828	-0.5506	-0.0148	0.0625	-0.0197	
26.8356	-13.3799	15.7082	0.7656	-0.0731	0.4537	0.3657	-0.5016	-0.5829	-0.5244	-0.0147	0.0622	-0.0208	
26.9104	-13.3921	15.7501	0.7656	-0.0733	0.4536	0.3771	-0.5195	-0.5830	-0.4984	-0.0139	0.0618	-0.0219	
26.9873	-13.3994	15.7890	0.7656	-0.0733	0.4533	0.3885	-0.5347	-0.5860	-0.4694	-0.0129	0.0613	-0.0233	
27.0652	-13.4098	15.8351	0.7657	-0.0734	0.4534	0.3940	-0.5503	-0.5860	-0.4463	-0.0124	0.0607	-0.0240	
27.1420	-13.4186	15.8754	0.7657	-0.0735	0.4531	0.4066	-0.5644	-0.5866	-0.4151	-0.0112	0.0604	-0.0253	
27.2169	-13.4266	15.9182	0.7656	-0.0735	0.4530	0.4157	-0.5779	-0.5869	-0.3862	-0.0103	0.0600	-0.0263	
27.2974	-13.4348	15.9609	0.7658	-0.0735	0.4529	0.4289	-0.5923	-0.5829	-0.3543	-0.0092	0.0600	-0.0273	
27.3756	-13.4382	16.0023	0.7659	-0.0734	0.4527	0.4405	-0.6016	-0.5840	-0.3215	-0.0078	0.0596	-0.0284	
27.4530	-13.4428	16.0386	0.7659	-0.0733	0.4524	0.4553	-0.6099	-0.5796	-0.2918	-0.0063	0.0594	-0.0290	
27.5290	-13.4512	16.0825	0.7659	-0.0733	0.4523	0.4704	-0.6158	-0.5754	-0.2625	-0.0047	0.0591	-0.0294	
27.6033	-13.4587	16.1222	0.7658	-0.0733	0.4521	0.4855	-0.6209	-0.5718	-0.2280	-0.0030	0.0591	-0.0302	
27.6826	-13.4648	16.1651	0.7659	-0.0733	0.4520	0.5028	-0.6252	-0.5636	-0.1972	-0.0013	0.0591	-0.0304	
27.7576	-13.4749	16.2073	0.7659	-0.0734	0.4518	0.5183	-0.6290	-0.5559	-0.1634	0.0004	0.0592	-0.0308	
27.8317	-13.4870	16.2484	0.7658	-0.0736	0.4517	0.5310	-0.6327	-0.5476	-0.1346	0.0016	0.0590	-0.0308	
27.9100	-13.4946	16.2904	0.7658	-0.0736	0.4515	0.5452	-0.6340	-0.5379	-0.1090	0.0029	0.0588	-0.0305	
27.9859	-13.5054	16.3319	0.7658	-0.0738	0.4514	0.5601	-0.6331	-0.5281	-0.0854	0.0043	0.0585	-0.0299	
28.0587	-13.5156	16.3775	0.7657	-0.0739	0.4514	0.5770	-0.6312	-0.5153	-0.0596	0.0057	0.0586	-0.0293	
28.1326	-13.5231	16.4195	0.7656	-0.0739	0.4512	0.5897	-0.6297	-0.5051	-0.0373	0.0068	0.0582	-0.0286	
28.2069	-13.5367	16.4631	0.7655	-0.0742	0.4512	0.6055	-0.6271	-0.4904	-0.0145	0.0079	0.0582	-0.0277	
28.2805	-13.5451	16.5053	0.7653	-0.0742	0.4510	0.6196	-0.6257	-0.4744	0.0064	0.0087	0.0582	-0.0267	
28.3554	-13.5507	16.5497	0.7653	-0.0742	0.4510	0.6319	-0.6233	-0.4605	0.0274	0.0095	0.0580	-0.0259	
28.4311	-13.5567	16.5899	0.7652	-0.0741	0.4508	0.6473	-0.6196	-0.4416	0.0499	0.0103	0.0583	-0.0248	
28.5012	-13.5637	16.6334	0.7650	-0.0741	0.4507	0.6642	-0.6141	-0.4213	0.0688	0.0110	0.0585	-0.0234	
28.5774	-13.5707	16.6770	0.7650	-0.0741	0.4507	0.6806	-0.6075	-0.4015	0.0858	0.0117	0.0586	-0.0218	
28.6510	-13.5757	16.7210	0.7649	-0.0740	0.4506	0.6955	-0.6016	-0.3787	0.1062	0.0122	0.0590	-0.0205	
28.7222	-13.5825	16.7660	0.7646	-0.0740	0.4506	0.7077	-0.5970	-0.3568	0.1254	0.0125	0.0592	-0.0194	
28.7928	-13.5886	16.8101	0.7644	-0.0739	0.4506	0.7202	-0.5927	-0.3342	0.1382	0.0123	0.0592	-0.0180	
28.8669	-13.5934	16.8540	0.7643	-0.0738	0.4505	0.7325	-0.5885	-0.3059	0.1542	0.0121	0.0597	-0.0165	
28.9453	-13.5998	16.8954	0.7644	-0.0738	0.4504	0.7457	-0.5818	-0.2773	0.1699	0.0120	0.0602	-0.0150	
29.0179	-13.6039	16.9384	0.7642	-0.0737	0.4503	0.7562	-0.5787	-0.2448	0.1836	0.0113	0.0608	-0.0136	
29.0891	-13.6136	16.9799	0.7640	-0.0738	0.4502	0.7647	-0.5753	-0.2150	0.1961	0.0106	0.0611	-0.0124	
29.1624	-13.6170	17.0249	0.7639	-0.0736	0.4502	0.7766	-0.5676	-0.1864	0.2021	0.0099	0.0612	-0.0106	
29.2353	-13.6198	17.0722	0.7638	-0.0735	0.4503	0.7855	-0.5610	-0.1549	0.2114	0.0091	0.0616	-0.0091	
29.3073	-13.6253	17.1159	0.7636	-0.0734	0.4502	0.7940	-0.5539	-0.1218	0.2199	0.0082	0.0620	-0.0077	
29.3802	-13.6338	17.1558	0.7634	-0.0735	0.4500	0.8004	-0.5482	-0.0862	0.2276	0.0070	0.0625	-0.0064	
29.4552	-13.6407	17.2022	0.7634	-0.0735	0.4501	0.8046	-0.5432	-0.0534	0.2346	0.0059	0.0627	-0.0053	
29.5303	-13.6432	17.2525	0.7633	-0.0733	0.4503	0.8085	-0.5375	-0.0213	0.2398	0.0047	0.0628	-0.0043	
29.6028	-13.6516	17.2966	0.7632	-0.0733	0.4502	0.8103	-0.5323	0.0137	0.2453	0.0034	0.0631	-0.0034	
29.6772	-13.6573	17.3474	0.7631	-0.0733	0.4505	0.8106	-0.5286	0.0483	0.2482	0.0019	0.0632	-0.0027	
29.7536	-13.6606	17.3943	0.7631	-0.0731	0.4505	0.8093	-0.5240	0.0813	0.2531	0.0006	0.0632	-0.0022	
29.8295	-13.6614	17.4400	0.7631	-0.0729	0.4506	0.8071	-0.5193	0.1106	0.2590	-0.0004	0.0631	-0.0018	
29.9054	-13.6652	17.4875	0.7631	-0.0727	0.4507	0.8038	-0.5152	0.1455	0.2601	-0.0019	0.0632	-0.0013	
29.9799	-13.6751	17.5328	0.7630	-0.0728	0.4507	0.7988	-0.5093	0.1779	0.2665	-0.0029	0.0632	-0.0011	
30.0565	-13.6796	17.5783	0.7630	-0.0727	0.4507	0.7896	-0.5084	0.2079	0.2740	-0.0039	0.0631	-0.0015	
30.1322	-13.6839	17.6251	0.7630	-0.0726	0.4508	0.7795	-0.5052	0.2390	0.2830	-0.0046	0.0631	-0.0019	
30.2118	-13.6900	17.6713	0.7631	-0.0726	0.4508	0.7676	-0.5032	0.2720	0.2891	-0.0057	0.0632	-0.0023	
30.2881	-13.6952	17.7170	0.7631	-0.0725	0.4509	0.7557	-0.5006	0.3027	0.2947	-0.0066	0.0631	-0.0027	
30.3682	-13.6961	17.7667	0.7633	-0.0723	0.4510	0.7440	-0.4975	0.3335	0.2966	-0.0077	0.0630	-0.0030	
30.4462	-13.7014	17.8128	0.7634	-0.0722	0.4511	0.7283	-0.4981	0.3606	0.3030	-0.0083	0.0627	-0.0039	
30.5254	-13.7063	17.8605	0.7635	-0.0721	0.4512	0.7118	-0.4977	0.3893	0.3072	-0.0091	0.0625	-0.0047	
30.6036	-13.7146	17.9034	0.7635	-0.0721	0.4511	0.6922	-0.4977	0.4144	0.3188	-0.0091	0.0624	-0.0058	
30.6795	-13.7194	17.9486	0.7635	-0.0720	0.4511	0.6710	-0.4969	0.4444	0.3245	-0.0098	0.0624	-0.0068	
30.7577	-13.7255	17.9984	0.7636	-0.0720	0.4513	0.6492	-0.4975	0.4692	0.3332	-0.0098	0.0623	-0.0080	
30.8360	-13.7300	18.0411	0.7637	-0.0719	0.4512	0.6237	-0.4947	0.4966	0.3458	-0.0097	0.0626	-0.0092	
30.9137	-13.7352	18.0846	0.7637	-0.0718	0.4511	0.5970	-0.4954	0.5224	0.3540	-0.0098	0.0626	-0.0105	
30.9935	-13.7418	18.1321	0.7639	-0.0718	0.4512	0.5714	-0.4933	0.5461	0.3632	-0.0097	0.0626	-0.0116	
31.0717	-13.7491	18.1770	0.7639	-0.0718	0.4512	0.5444	-0.4933	0.5670	0.3727	-0.0093	0.0625	-0.0129	
31.1498	-13.7578	18.2215	0.7640	-0.0719	0.4512	0.5145	-0.4906	0.5888	0.3844	-0.0088	0.0627	-0.0141	
31.2267	-13.7620	18.2630	0.7640	-0.0718	0.4510	0.4824	-0.4868	0.6107	0.3963	-0.0083	0.0630	-0.0153	
31.2972	-13.7686	18.3102	0.7638	-0.0717	0.4511	0.4474	-0.4810	0.6315	0.4115	-0.0075	0.0635	-0.0165	
31.3780	-13.7766	18.3529	0.7640	-0.0718	0.4510	0.4171	-0.4783	0.6471	0.4226	-0.0067	0.0634	-0.0175	
31.4548	-13.7815	18.3964	0.7640	-0.0717	0.4510	0.3829	-0.4746	0.6625	0.4349	-0.0057	0.0636	-0.0186	
31.5277	-13.7870	18.4407	0.7639	-0.0716	0.4509	0.3500	-0.4681	0.6743	0.4513	-0.0043	0.0638	-0.0193	
31.6024	-13.7931	18.4844	0.7638	-0.0716	0.4509	0.3143	-0.4646	0.6836	0.4670	-0.0028	0.0639	-0.0203	
31.6777	-13.8041	18.5312	0.7638	-0.0717	0.4509	0.2801	-0.4575	0.6936	0.4808	-0.0016	0.0640	-0.0210	
31.7531	-13.8099	18.5767	0.7638	-0.0717	0.4509	0.2478	-0.4502	0.6996	0.4967	-0.0001	0.0641	-0.0214	
31.8297	-13.8157	18.6225	0.7638	-0.0716	0.4510	0.2176	-0.4439	0.7049	0.5088	0.0011	0.0639	-0.0218	
31.9095	-13.8229	18.6710	0.7639	-0.0716	0.4511	0.1840	-0.4355	0.7090	0.5233	0.0026	0.0640	-0.0221	
31.9819	-13.8284	18.7190	0.7637	-0.0716	0.4512	0.1495	-0.4267	0.7116	0.5379	0.0041	0.0641	-0.0224	
32.0575	-13.8331	18.7608	0.7637	-0.0715	0.4510	0.1153	-0.4175	0.7130	0.5515	0.0055	0.0642	-0.0226	
32.1334	-13.8422	18.8054	0.7637	-0.0715	0.4510	0.0808	-0.4053	0.7143	0.5647	0.0068	0.0645	-0.0226	
32.2080	-13.8515	18.8507	0.7636	-0.0716	0.4510	0.0498	-0.3909	0.7142	0.5786	0.0079	0.0646	-0.0222	
32.2897	-13.8588	18.8894	0.7638	-0.0716	0.4508	0.0207	-0.3777	0.7144	0.5888	0.0074	0.0647	-0.0225	
32.3642	-13.8690	18.9342	0.7638	-0.0717	0.4508	0.0110	0.3596	-0.7120	-0.6030	0.0085	0.0650	-0.0219	
32.4441	-13.8774	18.9787	0.7639	-0.0718	0.4508	0.0390	0.3385	-0.7100	-0.6164	0.0093	0.0654	-0.0210	
32.5216	-13.8817	19.0229	0.7639	-0.0717	0.4507	0.0626	0.3223	-0.7076	-0.6261	0.0098	0.0652	-0.0202	
32.5937	-13.8907	19.0688	0.7638	-0.0717	0.4508	0.0911	0.3041	-0.7023	-0.6373	0.0107	0.0653	-0.0195	
32.6683	-13.8964	19.1116	0.7637	-0.0717	0.4507	0.1133	0.2871	-0.6949	-0.6500	0.0114	0.0652	-0.0185	
32.7442	-13.9058	19.1564	0.7637	-0.0718	0.4507	0.1370	0.2628	-0.6877	-0.6630	0.0118	0.0655	-0.0171	
32.8230	-13.9118	19.1996	0.7638	-0.0717	0.4506	0.1568	0.2401	-0.6827	-0.6725	0.0118	0.0656	-0.0159	
32.9036	-13.9174	19.2450	0.7639	-0.0717	0.4506	0.1804	0.2178	-0.6731	-0.6836	0.0123	0.0658	-0.0148	
32.9787	-13.9243	19.2918	0.7638	-0.0717	0.4507	0.2012	0.1966	-0.6631	-0.6940	0.0127	0.0658	-0.0136	
33.0560	-13.9321	19.3347	0.7639	-0.0717	0.4506	0.2195	0.1683	-0.6530	-0.7054	0.0125	0.0662	-0.0120	
33.1345	-13.9374	19.3788	0.7639	-0.0716	0.4505	0.2373	0.1420	-0.6436	-0.7140	0.0122	0.0664	-0.0107	
33.2148	-13.9442	19.4215	0.7641	-0.0716	0.4505	0.2515	0.1185	-0.6326	-0.7234	0.0120	0.0663	-0.0092	
33.2889	-13.9488	19.4664	0.7640	-0.0715	0.4505	0.2695	0.0879	-0.6204	-0.7314	0.0116	0.0668	-0.0078	
33.3677	-13.9577	19.5086	0.7641	-0.0716	0.4504	0.2831	0.0574	-0.6064	-0.7412	0.0111	0.0671	-0.0061	
33.4491	-13.9639	19.5489	0.7642	-0.0715	0.4502	0.2952	0.0261	-0.5922	-0.7497	0.0103	0.0675	-0.0044	
33.5299	-13.9723	19.5948	0.7644	-0.0716	0.4502	0.3091	-0.0033	-0.5806	-0.7534	0.0097	0.0676	-0.0034	
33.6091	-13.9804	19.6384	0.7645	-0.0716	0.4502	0.3173	-0.0326	-0.5700	-0.7577	0.0086	0.0675	-0.0022	
33.6891	-13.9886	19.6829	0.7646	-0.0717	0.4502	0.3319	-0.0679	-0.5554	-0.7595	0.0077	0.0681	-0.0011	
33.7682	-13.9955	19.7245	0.7647	-0.0716	0.4501	0.3385	-0.1005	-0.5398	-0.7646	0.0065	0.0683	0.0004	
33.8453	-14.0003	19.7646	0.7647	-0.0716	0.4499	0.3464	-0.1357	-0.5282	-0.7635	0.0051	0.0686	0.0012	
33.9235	-14.0102	19.8109	0.7647	-0.0717	0.4500	0.3546	-0.1695	-0.5113	-0.7644	0.0040	0.0689	0.0024	
34.0016	-14.0187	19.8521	0.7648	-0.0717	0.4498	0.3591	-0.1981	-0.4996	-0.7635	0.0028	0.0686	0.0031	
34.0802	-14.0273	19.8943	0.7648	-0.0717	0.4497	0.3664	-0.2343	-0.4865	-0.7578	0.0014	0.0690	0.0036	
34.1597	-14.0313	19.9355	0.7649	-0.0716	0.4496	0.3684	-0.2648	-0.4756	-0.7541	0.0000	0.0687	0.0041	
34.2364	-14.0399	19.9781	0.7649	-0.0717	0.4495	0.3729	-0.2945	-0.4612	-0.7496	-0.0011	0.0686	0.0046	
34.3139	-14.0443	20.0247	0.7650	-0.0716	0.4496	0.3748	-0.3245	-0.4481	-0.7443	-0.0023	0.0684	0.0051	
34.3925	-14.0559	20.0628	0.7650	-0.0717	0.4494	0.3788	-0.3533	-0.4373	-0.7355	-0.0034	0.0682	0.0051	
34.4694	-14.0619	20.1062	0.7651	-0.0717	0.4493	0.3796	-0.3826	-0.4264	-0.7268	-0.0046	0.0679	0.0052	
34.5473	-14.0692	20.1506	0.7651	-0.0717	0.4493	0.3848	-0.4128	-0.4165	-0.7129	-0.0056	0.0679	0.0047	
34.6225	-14.0761	20.1913	0.7651	-0.0717	0.4492	0.3884	-0.4443	-0.4074	-0.6972	-0.0067	0.0679	0.0042	
34.6961	-14.0832	20.2391	0.7650	-0.0717	0.4493	0.3929	-0.4724	-0.3995	-0.6806	-0.0074	0.0678	0.0034	
34.7703	-14.0951	20.2822	0.7649	-0.0719	0.4492	0.3983	-0.4994	-0.3894	-0.6637	-0.0080	0.0677	0.0029	
34.8492	-14.1018	20.3255	0.7650	-0.0718	0.4492	0.4007	-0.5275	-0.3816	-0.6449	-0.0088	0.0676	0.0021	
34.9261	-14.1099	20.3676	0.7650	-0.0719	0.4491	0.4027	-0.5542	-0.3736	-0.6257	-0.0095	0.0674	0.0013	
35.0023	-14.1176	20.4135	0.7650	-0.0719	0.4491	0.4103	-0.5817	-0.3667	-0.5990	-0.0097	0.0676	-0.0000	
35.0773	-14.1267	20.4600	0.7649	-0.0719	0.4492	0.4189	-0.6059	-0.3570	-0.5744	-0.0097	0.0677	-0.0010	
35.1560	-14.1336	20.5018	0.7650	-0.0719	0.4491	0.4245	-0.6301	-0.3500	-0.5481	-0.0098	0.0678	-0.0021	
35.2311	-14.1413	20.5457	0.7650	-0.0720	0.4490	0.4272	-0.6530	-0.3456	-0.5216	-0.0099	0.0676	-0.0034	
35.3082	-14.1489	20.5890	0.7650	-0.0720	0.4490	0.4335	-0.6724	-0.3442	-0.4919	-0.0094	0.0675	-0.0050	
35.3837	-14.1582	20.6354	0.7650	-0.0720	0.4490	0.4385	-0.6928	-0.3360	-0.4636	-0.0093	0.0675	-0.0060	
35.4579	-14.1653	20.6798	0.7649	-0.0720	0.4490	0.4441	-0.7097	-0.3326	-0.4347	-0.0088	0.0673	-0.0073	
35.5391	-14.1722	20.7219	0.7650	-0.0720	0.4489	0.4484	-0.7293	-0.3247	-0.4020	-0.0085	0.0675	-0.0084	
35.6168	-14.1805	20.7664	0.7651	-0.0721	0.4489	0.4544	-0.7447	-0.3222	-0.3680	-0.0077	0.0675	-0.0099	
35.6932	-14.1911	20.8118	0.7651	-0.0722	0.4489	0.4590	-0.7582	-0.3178	-0.3373	-0.0070	0.0673	-0.0109	
35.7686	-14.2025	20.8554	0.7651	-0.0723	0.4489	0.4671	-0.7693	-0.3130	-0.3037	-0.0059	0.0672	-0.0120	
35.8463	-14.2095	20.8981	0.7651	-0.0723	0.4488	0.4777	-0.7770	-0.3098	-0.2692	-0.0044	0.0671	-0.0129	
35.9225	-14.2171	20.9430	0.7651	-0.0723	0.4488	0.4819	-0.7860	-0.3068	-0.2373	-0.0035	0.0668	-0.0139	
35.9999	-14.2243	20.9880	0.7651	-0.0723	0.4488	0.4917	-0.7904	-0.3032	-0.2050	-0.0021	0.0666	-0.0145	
36.0799	-14.2346	21.0300	0.7652	-0.0724	0.4487	0.5037	-0.7939	-0.2943	-0.1719	-0.0006	0.0666	-0.0148	
36.1536	-14.2426	21.0755	0.7651	-0.0724	0.4487	0.5142	-0.7959	-0.2879	-0.1404	0.0008	0.0664	-0.0150	
36.2292	-14.2518	21.1209	0.7651	-0.0725	0.4487	0.5260	-0.7960	-0.2794	-0.1093	0.0022	0.0662	-0.0150	
36.3058	-14.2608	21.1661	0.7651	-0.0726	0.4487	0.5369	-0.7957	-0.2702	-0.0762	0.0036	0.0662	-0.0150	
36.3823	-14.2687	21.2096	0.7651	-0.0726	0.4487	0.5498	-0.7928	-0.2595	-0.0476	0.0049	0.0660	-0.0146	
36.4587	-14.2737	21.2522	0.7651	-0.0725	0.4486	0.5597	-0.7905	-0.2486	-0.0153	0.0060	0.0660	-0.0144	
36.5344	-14.2783	21.2938	0.7651	-0.0724	0.4485	0.5719	-0.7851	-0.2383	0.0144	0.0073	0.0658	-0.0139	
36.6134	-14.2862	21.3363	0.7652	-0.0725	0.4484	0.5824	-0.7808	-0.2219	0.0445	0.0082	0.0659	-0.0133	
36.6920	-14.2950	21.3770	0.7652	-0.0725	0.4483	0.5935	-0.7741	-0.2089	0.0724	0.0092	0.0658	-0.0125	
36.7679	-14.3000	21.4217	0.7652	-0.0724	0.4483	0.6053	-0.7658	-0.1952	0.0977	0.0101	0.0656	-0.0116	
36.8436	-14.3071	21.4620	0.7652	-0.0724	0.4482	0.6166	-0.7578	-0.1770	0.1212	0.0105	0.0654	-0.0104	
36.9189	-14.3150	21.5041	0.7651	-0.0725	0.4481	0.6304	-0.7466	-0.1578	0.1442	0.0111	0.0654	-0.0089	
36.9974	-14.3234	21.5448	0.7652	-0.0725	0.4479	0.6407	-0.7365	-0.1378	0.1683	0.0114	0.0654	-0.0077	
37.0752	-14.3294	21.5904	0.7652	-0.0725	0.4480	0.6493	-0.7272	-0.1169	0.1904	0.0114	0.0653	-0.0066	
37.1513	-14.3348	21.6367	0.7652	-0.0724	0.4480	0.6622	-0.7127	-0.0994	0.2107	0.0119	0.0652	-0.0050	
37.2279	-14.3430	21.6785	0.7652	-0.0725	0.4479	0.6715	-0.7000	-0.0758	0.2316	0.0118	0.0652	-0.0037	
37.3020	-14.3494	21.7233	0.7651	-0.0724	0.4479	0.6833	-0.6849	-0.0510	0.2487	0.0115	0.0652	-0.0019	
37.3780	-14.3604	21.7679	0.7651	-0.0725	0.4479	0.6906	-0.6717	-0.0288	0.2672	0.0112	0.0652	-0.0007	
37.4523	-14.3665	21.8115	0.7651	-0.0725	0.4479	0.6997	-0.6565	-0.0013	0.2827	0.0105	0.0652	0.0009	
37.5266	-14.3693	21.8536	0.7650	-0.0724	0.4478	0.7104	-0.6395	0.0221	0.2943	0.0099	0.0650	0.0027	
37.6001	-14.3736	21.8977	0.7649	-0.0723	0.4478	0.7180	-0.6229	0.0495	0.3074	0.0091	0.0650	0.0042	
37.6740	-14.3785	21.9428	0.7648	-0.0722	0.4478	0.7259	-0.6063	0.0762	0.3169	0.0081	0.0648	0.0057	
37.7483	-14.3833	21.9890	0.7647	-0.0722	0.4478	0.7343	-0.5880	0.1048	0.3237	0.0068	0.0646	0.0075	
37.8269	-14.3893	22.0316	0.7648	-0.0721	0.4478	0.7375	-0.5711	0.1346	0.3347	0.0057	0.0647	0.0086	
37.9015	-14.3957	22.0792	0.7647	-0.0721	0.4478	0.7404	-0.5546	0.1648	0.3428	0.0044	0.0646	0.0097	
37.9764	-14.4016	22.1236	0.7647	-0.0721	0.4478	0.7422	-0.5366	0.1940	0.3518	0.0032	0.0646	0.0107	
38.0510	-14.4069	22.1726	0.7646	-0.0720	0.4480	0.7453	-0.5175	0.2223	0.3575	0.0019	0.0645	0.0118	
38.1305	-14.4136	22.2142	0.7647	-0.0720	0.4479	0.7451	-0.4992	0.2548	0.3620	0.0002	0.0645	0.0128	
38.2073	-14.4152	22.2597	0.7647	-0.0718	0.4479	0.7461	-0.4794	0.2866	0.3632	-0.0015	0.0643	0.0138	
38.2830	-14.4240	22.3062	0.7647	-0.0719	0.4479	0.7428	-0.4612	0.3149	0.3694	-0.0027	0.0642	0.0144	
38.3600	-14.4264	22.3520	0.7647	-0.0717	0.4480	0.7414	-0.4434	0.3448	0.3681	-0.0045	0.0639	0.0150	
