-1.0586	-10.2520	-0.7292	0.0000	0.0000	0.0000	0.5194	-0.7329	-0.4090	0.1609	0.0000	0.0000	0.0000	
-0.7035	-10.4468	-0.3487	0.0352	-0.0193	0.0377	0.5192	-0.7350	-0.3878	0.2055	0.0027	0.0173	-0.0092	
-0.5551	-10.5517	-0.0940	0.0717	-0.0483	0.1038	0.4850	-0.7320	-0.4380	0.2049	0.0800	-0.0491	-0.0413	
-0.4386	-10.4939	0.0128	0.1187	-0.0236	0.1467	0.4556	-0.7480	-0.4371	0.2164	0.0426	-0.0220	-0.0677	
-0.3724	-10.5255	0.0764	0.1531	-0.0433	0.1804	0.3979	-0.7770	-0.4178	0.2533	0.0289	-0.0057	-0.1040	
-0.3739	-10.5271	0.0979	0.1425	-0.0409	0.1828	0.3892	-0.7839	-0.3770	0.3132	0.0146	0.0353	-0.0987	
-0.4139	-10.4547	0.1062	0.0939	0.0285	0.1695	0.3743	-0.8025	-0.3413	0.3217	-0.0044	0.0311	-0.0903	
-0.5042	-10.4486	0.2078	-0.0044	0.0330	0.2529	0.3203	-0.8210	-0.2913	0.3693	-0.0089	0.0376	-0.1078	
-0.5686	-10.4936	0.2251	-0.0690	-0.0135	0.2458	0.2751	-0.8312	-0.2675	0.4019	-0.0056	0.0356	-0.1090	
-0.6353	-10.5498	0.1923	-0.1308	-0.0662	0.1869	0.2364	-0.8274	-0.2624	0.4387	0.0038	0.0351	-0.1048	
-0.6511	-10.5385	0.1899	-0.1336	-0.0495	0.1669	0.2105	-0.8240	-0.2496	0.4656	0.0063	0.0354	-0.0992	
-0.6953	-10.5599	0.2233	-0.1620	-0.0651	0.1824	0.1685	-0.8274	-0.2073	0.4933	0.0024	0.0369	-0.1020	
-0.8081	-10.4464	0.2529	-0.2550	0.0477	0.1925	0.1407	-0.8227	-0.1865	0.5196	0.0035	0.0375	-0.0993	
-0.8836	-10.4176	0.2676	-0.2980	0.0673	0.1875	0.1176	-0.8146	-0.1401	0.5509	-0.0009	0.0423	-0.0984	
-0.9760	-10.3783	0.3538	-0.3509	0.0943	0.2471	0.0927	-0.7976	-0.0989	0.5879	-0.0020	0.0475	-0.0976	
-1.0570	-10.3604	0.3590	-0.3891	0.0996	0.2273	0.0594	-0.7815	-0.0531	0.6182	-0.0037	0.0507	-0.0986	
-1.1034	-10.3778	0.4885	-0.3976	0.0828	0.3113	0.0472	-0.7721	-0.0068	0.6354	0.0022	0.0492	-0.1013	
-1.1313	-10.3105	0.5531	-0.3871	0.1295	0.3349	0.0035	-0.7532	0.0319	0.6563	0.0024	0.0506	-0.1026	
-1.1545	-10.2366	0.5392	-0.3800	0.1763	0.3019	0.0318	0.7280	-0.0689	-0.6812	0.0021	0.0477	-0.1030	
-1.1990	-10.2383	0.6392	-0.3865	0.1702	0.3526	0.0591	0.7081	-0.1024	-0.6969	0.0020	0.0458	-0.1053	
-1.2643	-10.2823	0.6254	-0.4087	0.1297	0.3194	0.0932	0.6864	-0.1440	-0.7067	0.0020	0.0437	-0.1066	
-1.2738	-10.2561	0.6227	-0.3919	0.1410	0.2982	0.1240	0.6611	-0.1850	-0.7167	-0.0000	0.0416	-0.1081	
-1.3738	-10.2053	0.6887	-0.4308	0.1682	0.3222	0.1566	0.6386	-0.2273	-0.7185	-0.0010	0.0397	-0.1092	
-1.4761	-10.1726	0.7499	-0.4731	0.1777	0.3419	0.1799	0.6067	-0.2769	-0.7235	-0.0059	0.0380	-0.1117	
-1.5744	-10.1146	0.8365	-0.5029	0.2064	0.3748	0.1980	0.5771	-0.3290	-0.7213	-0.0103	0.0357	-0.1135	
-1.6253	-10.0535	0.9319	-0.5008	0.2349	0.4098	0.2128	0.5469	-0.3817	-0.7147	-0.0147	0.0336	-0.1146	
-1.7580	-9.9835	1.0048	-0.5444	0.2606	0.4275	0.2291	0.5159	-0.4389	-0.6992	-0.0184	0.0317	-0.1165	
-1.8901	-9.8821	1.0286	-0.5848	0.2990	0.4169	0.2486	0.4834	-0.4935	-0.6787	-0.0210	0.0306	-0.1183	
-2.0203	-9.8116	1.0644	-0.6176	0.3199	0.4139	0.2634	0.4533	-0.5482	-0.6517	-0.0235	0.0287	-0.1196	
-2.1233	-9.7142	1.0686	-0.6325	0.3551	0.3965	0.2755	0.4270	-0.5973	-0.6209	-0.0254	0.0264	-0.1197	
-2.2368	-9.6206	1.1509	-0.6525	0.3861	0.4191	0.2833	0.3990	-0.6421	-0.5910	-0.0273	0.0245	-0.1187	
-2.2919	-9.5251	1.2062	-0.6450	0.4148	0.4267	0.2974	0.3713	-0.6793	-0.5594	-0.0279	0.0234	-0.1177	
-2.3803	-9.3785	1.2391	-0.6490	0.4653	0.4250	0.2958	0.3509	-0.7215	-0.5203	-0.0299	0.0202	-0.1164	
-2.4624	-9.2598	1.2467	-0.6537	0.4987	0.4112	0.3076	0.3261	-0.7537	-0.4815	-0.0301	0.0188	-0.1156	
-2.5415	-9.1961	1.2734	-0.6578	0.5060	0.4061	0.3207	0.2990	-0.7817	-0.4444	-0.0301	0.0180	-0.1148	
-2.6613	-9.1171	1.3242	-0.6798	0.5187	0.4113	0.3366	0.2708	-0.8060	-0.4053	-0.0297	0.0175	-0.1143	
-2.7802	-8.9803	1.3312	-0.7008	0.5534	0.3981	0.3576	0.2405	-0.8274	-0.3599	-0.0287	0.0174	-0.1147	
-2.8875	-8.8955	1.2908	-0.7151	0.5674	0.3678	0.3751	0.2156	-0.8432	-0.3207	-0.0276	0.0169	-0.1139	
-2.9640	-8.8567	1.2984	-0.7168	0.5609	0.3566	0.3982	0.1845	-0.8561	-0.2724	-0.0263	0.0167	-0.1146	
-3.0715	-8.7898	1.2923	-0.7303	0.5680	0.3424	0.4129	0.1626	-0.8649	-0.2391	-0.0252	0.0163	-0.1128	
-3.1434	-8.7302	1.2549	-0.7300	0.5706	0.3166	0.4339	0.1329	-0.8700	-0.1933	-0.0237	0.0163	-0.1130	
-3.2526	-8.6259	1.3079	-0.7445	0.5885	0.3243	0.4549	0.0987	-0.8723	-0.1497	-0.0223	0.0169	-0.1131	
-3.3581	-8.5662	1.2738	-0.7562	0.5906	0.3013	0.4771	0.0665	-0.8702	-0.1034	-0.0206	0.0173	-0.1134	
-3.4397	-8.5018	1.2925	-0.7599	0.5941	0.2970	0.4977	0.0296	-0.8647	-0.0634	-0.0193	0.0184	-0.1133	
-3.5472	-8.4192	1.2935	-0.7714	0.6038	0.2878	0.5130	-0.0001	-0.8586	-0.0248	-0.0180	0.0188	-0.1127	
-3.6349	-8.3499	1.2942	-0.7759	0.6087	0.2787	0.5284	-0.0314	-0.8489	0.0126	-0.0168	0.0194	-0.1121	
-3.7311	-8.3255	1.3082	-0.7831	0.5995	0.2740	0.5476	-0.0625	-0.8333	0.0515	-0.0150	0.0202	-0.1118	
-3.8593	-8.2770	1.3074	-0.8000	0.5979	0.2650	0.5633	-0.0969	-0.8158	0.0904	-0.0136	0.0213	-0.1116	
-3.9333	-8.2221	1.3239	-0.7995	0.5981	0.2613	0.5764	-0.1344	-0.7970	0.1234	-0.0127	0.0228	-0.1109	
-4.0343	-8.1596	1.3203	-0.8067	0.6004	0.2522	0.5854	-0.1671	-0.7778	0.1587	-0.0119	0.0237	-0.1104	
-4.1515	-8.1246	1.3577	-0.8184	0.5947	0.2553	0.5937	-0.1984	-0.7590	0.1843	-0.0113	0.0247	-0.1090	
-4.2574	-8.0652	1.3454	-0.8260	0.5960	0.2442	0.5991	-0.2317	-0.7365	0.2142	-0.0109	0.0258	-0.1081	
-4.3832	-8.0319	1.3672	-0.8393	0.5902	0.2431	0.6068	-0.2666	-0.7078	0.2454	-0.0102	0.0274	-0.1076	
-4.5080	-7.9617	1.3648	-0.8513	0.5944	0.2356	0.6091	-0.3019	-0.6800	0.2757	-0.0100	0.0287	-0.1071	
-4.6273	-7.8931	1.4169	-0.8614	0.5980	0.2430	0.6113	-0.3353	-0.6529	0.2983	-0.0100	0.0300	-0.1059	
-4.7457	-7.8227	1.4541	-0.8705	0.6015	0.2463	0.6086	-0.3695	-0.6249	0.3218	-0.0104	0.0311	-0.1050	
-4.8469	-7.7969	1.5121	-0.8744	0.5935	0.2547	0.6070	-0.4023	-0.5936	0.3439	-0.0106	0.0323	-0.1040	
-4.9631	-7.7334	1.5604	-0.8819	0.5950	0.2605	0.5996	-0.4374	-0.5642	0.3630	-0.0116	0.0332	-0.1030	
-5.0886	-7.6740	1.6014	-0.8915	0.5957	0.2644	0.5925	-0.4691	-0.5326	0.3824	-0.0123	0.0341	-0.1021	
-5.2182	-7.6216	1.6659	-0.9014	0.5943	0.2739	0.5796	-0.5040	-0.4978	0.4033	-0.0134	0.0348	-0.1016	
-5.3214	-7.5687	1.7029	-0.9042	0.5929	0.2765	0.5651	-0.5357	-0.4645	0.4225	-0.0145	0.0352	-0.1010	
-5.4355	-7.5063	1.7488	-0.9097	0.5941	0.2811	0.5500	-0.5653	-0.4283	0.4415	-0.0153	0.0357	-0.1005	
-5.5401	-7.4217	1.8057	-0.9125	0.6005	0.2881	0.5338	-0.5941	-0.3947	0.4553	-0.0165	0.0360	-0.0997	
-5.6368	-7.3174	1.8414	-0.9133	0.6112	0.2901	0.5125	-0.6242	-0.3596	0.4681	-0.0180	0.0360	-0.0992	
-5.7454	-7.2255	1.9003	-0.9169	0.6187	0.2970	0.4927	-0.6483	-0.3289	0.4797	-0.0190	0.0357	-0.0984	
-5.8386	-7.1469	1.9293	-0.9165	0.6229	0.2973	0.4668	-0.6748	-0.2916	0.4919	-0.0204	0.0354	-0.0982	
-5.9198	-7.0919	1.9578	-0.9135	0.6215	0.2972	0.4378	-0.6973	-0.2549	0.5072	-0.0212	0.0348	-0.0982	
-5.9931	-7.0126	1.9732	-0.9091	0.6255	0.2942	0.4082	-0.7174	-0.2165	0.5214	-0.0218	0.0344	-0.0982	
-6.0874	-6.9163	2.0208	-0.9095	0.6332	0.2981	0.3801	-0.7334	-0.1826	0.5337	-0.0221	0.0338	-0.0980	
-6.1517	-6.8233	2.0450	-0.9035	0.6398	0.2968	0.3472	-0.7480	-0.1456	0.5467	-0.0222	0.0333	-0.0981	
-6.2134	-6.7517	2.0746	-0.8971	0.6416	0.2967	0.3123	-0.7594	-0.1070	0.5605	-0.0222	0.0328	-0.0984	
-6.2836	-6.6457	2.1144	-0.8930	0.6506	0.2986	0.2775	-0.7679	-0.0691	0.5732	-0.0218	0.0324	-0.0986	
-6.3575	-6.5510	2.1599	-0.8897	0.6569	0.3014	0.2434	-0.7745	-0.0360	0.5833	-0.0214	0.0317	-0.0986	
-6.4302	-6.4861	2.2029	-0.8863	0.6569	0.3033	0.2087	-0.7780	-0.0064	0.5932	-0.0207	0.0307	-0.0986	
-6.5015	-6.4090	2.2299	-0.8828	0.6593	0.3023	0.1700	-0.7777	0.0310	0.6042	-0.0199	0.0304	-0.0989	
-6.5565	-6.3382	2.2536	-0.8763	0.6603	0.3005	0.1311	-0.7751	0.0654	0.6147	-0.0190	0.0301	-0.0992	
-6.6262	-6.2677	2.2871	-0.8728	0.6613	0.3010	0.0941	-0.7706	0.1030	0.6218	-0.0184	0.0300	-0.0993	
-6.6766	-6.1994	2.3180	-0.8659	0.6616	0.3006	0.0576	-0.7626	0.1354	0.6302	-0.0174	0.0300	-0.0993	
-6.7313	-6.1192	2.3205	-0.8596	0.6644	0.2959	0.0222	-0.7507	0.1698	0.6382	-0.0179	0.0302	-0.0993	
-6.7957	-6.0624	2.3425	-0.8556	0.6626	0.2941	0.0151	0.7394	-0.2023	-0.6422	-0.0170	0.0300	-0.0993	
-6.8728	-6.0190	2.3495	-0.8542	0.6582	0.2899	0.0534	0.7217	-0.2423	-0.6458	-0.0164	0.0306	-0.0996	
-6.9430	-5.9727	2.3865	-0.8516	0.6543	0.2910	0.0874	0.7039	-0.2751	-0.6493	-0.0155	0.0310	-0.0994	
-7.0350	-5.9326	2.4140	-0.8533	0.6492	0.2904	0.1200	0.6821	-0.3069	-0.6531	-0.0144	0.0317	-0.0991	
-7.1346	-5.8928	2.4621	-0.8560	0.6443	0.2939	0.1494	0.6584	-0.3432	-0.6531	-0.0141	0.0326	-0.0987	
-7.2254	-5.8362	2.4894	-0.8573	0.6423	0.2934	0.1787	0.6336	-0.3740	-0.6536	-0.0134	0.0335	-0.0982	
-7.2773	-5.7863	2.5018	-0.8515	0.6396	0.2907	0.2103	0.6066	-0.4097	-0.6479	-0.0134	0.0343	-0.0981	
-7.3491	-5.7372	2.5312	-0.8493	0.6365	0.2912	0.2341	0.5808	-0.4433	-0.6418	-0.0137	0.0351	-0.0974	
-7.4205	-5.6845	2.5552	-0.8471	0.6343	0.2907	0.2606	0.5504	-0.4778	-0.6331	-0.0141	0.0361	-0.0971	
-7.5146	-5.6390	2.5900	-0.8488	0.6310	0.2919	0.2890	0.5167	-0.5114	-0.6227	-0.0142	0.0370	-0.0970	
-7.5897	-5.5770	2.6314	-0.8471	0.6305	0.2944	0.3128	0.4835	-0.5443	-0.6100	-0.0147	0.0379	-0.0966	
-7.6685	-5.5200	2.6639	-0.8460	0.6295	0.2953	0.3383	0.4512	-0.5759	-0.5917	-0.0152	0.0382	-0.0966	
-7.7448	-5.4636	2.7030	-0.8447	0.6281	0.2973	0.3584	0.4176	-0.6042	-0.5767	-0.0158	0.0388	-0.0960	
-7.8265	-5.4018	2.7450	-0.8440	0.6279	0.3000	0.3790	0.3815	-0.6362	-0.5530	-0.0170	0.0391	-0.0961	
-7.8907	-5.3521	2.7776	-0.8406	0.6258	0.3009	0.3975	0.3487	-0.6620	-0.5315	-0.0177	0.0391	-0.0957	
-7.9570	-5.2960	2.8113	-0.8376	0.6248	0.3019	0.4167	0.3135	-0.6866	-0.5066	-0.0184	0.0391	-0.0956	
-8.0369	-5.2273	2.8576	-0.8368	0.6258	0.3047	0.4353	0.2789	-0.7083	-0.4808	-0.0188	0.0390	-0.0955	
-8.1184	-5.1645	2.8942	-0.8362	0.6261	0.3059	0.4554	0.2442	-0.7284	-0.4498	-0.0191	0.0385	-0.0958	
-8.1943	-5.1052	2.9288	-0.8349	0.6256	0.3068	0.4723	0.2093	-0.7455	-0.4213	-0.0195	0.0383	-0.0957	
-8.2645	-5.0396	2.9572	-0.8326	0.6263	0.3067	0.4903	0.1731	-0.7609	-0.3879	-0.0196	0.0379	-0.0960	
-8.3481	-4.9829	2.9909	-0.8324	0.6256	0.3073	0.5056	0.1416	-0.7741	-0.3542	-0.0197	0.0370	-0.0961	
-8.4190	-4.9086	3.0254	-0.8304	0.6276	0.3079	0.5213	0.1106	-0.7831	-0.3212	-0.0193	0.0363	-0.0961	
-8.4847	-4.8440	3.0659	-0.8276	0.6281	0.3093	0.5381	0.0777	-0.7898	-0.2839	-0.0188	0.0356	-0.0964	
-8.5580	-4.7835	3.0888	-0.8259	0.6280	0.3082	0.5509	0.0469	-0.7963	-0.2460	-0.0185	0.0346	-0.0967	
-8.6290	-4.7364	3.1185	-0.8241	0.6259	0.3079	0.5664	0.0131	-0.7970	-0.2095	-0.0178	0.0342	-0.0969	
-8.6969	-4.6711	3.1600	-0.8218	0.6265	0.3093	0.5812	-0.0175	-0.7955	-0.1710	-0.0167	0.0336	-0.0972	
-8.7834	-4.6025	3.1730	-0.8223	0.6274	0.3067	0.5929	-0.0503	-0.7927	-0.1327	-0.0160	0.0333	-0.0974	
-8.8534	-4.5300	3.1949	-0.8204	0.6289	0.3053	0.6063	-0.0809	-0.7857	-0.0925	-0.0147	0.0330	-0.0977	
-8.9477	-4.4545	3.2138	-0.8221	0.6307	0.3036	0.6180	-0.1144	-0.7759	-0.0535	-0.0137	0.0331	-0.0978	
-9.0226	-4.4020	3.2354	-0.8211	0.6292	0.3023	0.6282	-0.1464	-0.7641	-0.0184	-0.0128	0.0333	-0.0977	
-9.1006	-4.3212	3.2430	-0.8205	0.6316	0.2991	0.6370	-0.1785	-0.7497	0.0188	-0.0118	0.0337	-0.0976	
-9.1834	-4.2748	3.2600	-0.8206	0.6293	0.2973	0.6450	-0.2075	-0.7342	0.0507	-0.0109	0.0340	-0.0972	
-9.2521	-4.2137	3.2790	-0.8188	0.6290	0.2957	0.6525	-0.2379	-0.7145	0.0856	-0.0098	0.0346	-0.0969	
-9.3303	-4.1665	3.3088	-0.8184	0.6268	0.2957	0.6581	-0.2713	-0.6911	0.1236	-0.0088	0.0353	-0.0971	
-9.4169	-4.1206	3.3230	-0.8191	0.6245	0.2936	0.6628	-0.3012	-0.6682	0.1548	-0.0081	0.0361	-0.0966	
-9.4903	-4.0651	3.3532	-0.8180	0.6235	0.2938	0.6653	-0.3327	-0.6430	0.1833	-0.0077	0.0371	-0.0960	
-9.5761	-4.0104	3.3916	-0.8186	0.6224	0.2950	0.6647	-0.3647	-0.6168	0.2121	-0.0076	0.0379	-0.0955	
-9.6535	-3.9580	3.4163	-0.8181	0.6210	0.2944	0.6632	-0.3955	-0.5872	0.2428	-0.0072	0.0388	-0.0952	
-9.7512	-3.8919	3.4490	-0.8202	0.6215	0.2950	0.6580	-0.4298	-0.5544	0.2732	-0.0074	0.0399	-0.0950	
-9.8303	-3.8355	3.4872	-0.8200	0.6207	0.2962	0.6516	-0.4624	-0.5219	0.2989	-0.0078	0.0409	-0.0946	
-9.9179	-3.7694	3.5136	-0.8207	0.6212	0.2960	0.6411	-0.4950	-0.4889	0.3239	-0.0084	0.0417	-0.0942	
-10.0078	-3.7172	3.5420	-0.8218	0.6200	0.2960	0.6272	-0.5246	-0.4583	0.3486	-0.0091	0.0419	-0.0940	
-10.0957	-3.6710	3.5579	-0.8225	0.6181	0.2946	0.6126	-0.5530	-0.4252	0.3718	-0.0098	0.0422	-0.0937	
-10.1896	-3.6067	3.5812	-0.8240	0.6185	0.2940	0.5940	-0.5809	-0.3938	0.3937	-0.0106	0.0422	-0.0935	
-10.2901	-3.5594	3.6154	-0.8262	0.6169	0.2947	0.5742	-0.6071	-0.3607	0.4145	-0.0115	0.0421	-0.0933	
-10.3747	-3.5019	3.6600	-0.8265	0.6166	0.2967	0.5496	-0.6359	-0.3269	0.4322	-0.0128	0.0418	-0.0934	
-10.4659	-3.4262	3.6896	-0.8276	0.6185	0.2969	0.5218	-0.6614	-0.2916	0.4528	-0.0136	0.0414	-0.0936	
-10.5606	-3.3679	3.7142	-0.8290	0.6183	0.2964	0.4938	-0.6834	-0.2602	0.4709	-0.0143	0.0406	-0.0938	
-10.6394	-3.2883	3.7393	-0.8286	0.6206	0.2960	0.4612	-0.7060	-0.2251	0.4879	-0.0152	0.0399	-0.0941	
-10.7267	-3.2187	3.7645	-0.8291	0.6217	0.2955	0.4264	-0.7256	-0.1882	0.5059	-0.0158	0.0393	-0.0947	
-10.8064	-3.1500	3.7925	-0.8288	0.6227	0.2954	0.3917	-0.7413	-0.1539	0.5228	-0.0160	0.0385	-0.0951	
-10.8941	-3.0786	3.8192	-0.8293	0.6239	0.2951	0.3540	-0.7546	-0.1181	0.5395	-0.0161	0.0377	-0.0956	
-10.9733	-3.0085	3.8347	-0.8289	0.6250	0.2935	0.3147	-0.7646	-0.0815	0.5562	-0.0159	0.0370	-0.0962	
-11.0559	-2.9429	3.8727	-0.8289	0.6255	0.2944	0.2760	-0.7725	-0.0489	0.5698	-0.0157	0.0361	-0.0967	
-11.1427	-2.8740	3.9116	-0.8294	0.6264	0.2953	0.2354	-0.7770	-0.0153	0.5836	-0.0152	0.0352	-0.0973	
-11.2216	-2.8128	3.9388	-0.8289	0.6264	0.2949	0.1981	-0.7786	0.0160	0.5954	-0.0146	0.0345	-0.0974	
-11.3035	-2.7494	3.9546	-0.8289	0.6265	0.2933	0.1570	-0.7749	0.0493	0.6102	-0.0135	0.0341	-0.0979	
-11.3880	-2.6906	3.9833	-0.8291	0.6262	0.2931	0.1179	-0.7705	0.0801	0.6214	-0.0126	0.0336	-0.0981	
-11.4638	-2.6171	4.0167	-0.8283	0.6274	0.2934	0.0818	-0.7639	0.1094	0.6311	-0.0116	0.0333	-0.0980	
-11.5396	-2.5498	4.0506	-0.8276	0.6278	0.2938	0.0454	-0.7535	0.1424	0.6404	-0.0107	0.0335	-0.0980	
-11.6113	-2.4717	4.0705	-0.8264	0.6295	0.2930	0.0045	-0.7398	0.1737	0.6499	-0.0113	0.0338	-0.0976	
-11.6914	-2.4131	4.0996	-0.8262	0.6290	0.2929	0.0323	0.7241	-0.2048	-0.6579	-0.0102	0.0340	-0.0976	
-11.7728	-2.3677	4.1252	-0.8261	0.6270	0.2924	0.0722	0.7028	-0.2402	-0.6654	-0.0091	0.0347	-0.0978	
-11.8513	-2.3013	4.1559	-0.8257	0.6273	0.2925	0.1112	0.6807	-0.2729	-0.6705	-0.0079	0.0352	-0.0980	
-11.9293	-2.2345	4.1850	-0.8253	0.6277	0.2924	0.1461	0.6587	-0.3033	-0.6729	-0.0070	0.0357	-0.0978	
-12.0167	-2.1792	4.2121	-0.8258	0.6268	0.2922	0.1785	0.6356	-0.3351	-0.6723	-0.0066	0.0362	-0.0975	
-12.0960	-2.1153	4.2319	-0.8255	0.6269	0.2914	0.2089	0.6105	-0.3679	-0.6697	-0.0066	0.0370	-0.0971	
-12.1826	-2.0491	4.2583	-0.8259	0.6272	0.2911	0.2429	0.5821	-0.4000	-0.6648	-0.0062	0.0377	-0.0971	
-12.2608	-1.9869	4.2863	-0.8255	0.6270	0.2911	0.2735	0.5524	-0.4328	-0.6577	-0.0063	0.0385	-0.0969	
-12.3546	-1.9312	4.3068	-0.8266	0.6263	0.2904	0.3047	0.5188	-0.4678	-0.6470	-0.0066	0.0393	-0.0969	
-12.4261	-1.8746	4.3404	-0.8254	0.6256	0.2910	0.3344	0.4840	-0.4998	-0.6355	-0.0069	0.0402	-0.0969	
-12.5024	-1.8228	4.3776	-0.8248	0.6246	0.2918	0.3620	0.4505	-0.5285	-0.6218	-0.0071	0.0407	-0.0967	
-12.5819	-1.7642	4.4045	-0.8245	0.6241	0.2918	0.3864	0.4167	-0.5564	-0.6063	-0.0076	0.0412	-0.0964	
-12.6558	-1.7144	4.4341	-0.8236	0.6229	0.2919	0.4094	0.3841	-0.5836	-0.5870	-0.0083	0.0413	-0.0962	
-12.7528	-1.6540	4.4773	-0.8250	0.6228	0.2934	0.4347	0.3457	-0.6096	-0.5653	-0.0087	0.0417	-0.0964	
-12.8353	-1.5998	4.5163	-0.8249	0.6220	0.2944	0.4565	0.3080	-0.6354	-0.5411	-0.0094	0.0418	-0.0964	
-12.9230	-1.5455	4.5546	-0.8253	0.6213	0.2954	0.4777	0.2687	-0.6615	-0.5114	-0.0104	0.0417	-0.0968	
-13.0064	-1.4831	4.5929	-0.8253	0.6214	0.2963	0.4985	0.2309	-0.6823	-0.4821	-0.0108	0.0415	-0.0971	
-13.0843	-1.4309	4.6380	-0.8247	0.6206	0.2978	0.5151	0.1948	-0.7039	-0.4486	-0.0117	0.0408	-0.0974	
-13.1694	-1.3650	4.6712	-0.8249	0.6210	0.2982	0.5313	0.1603	-0.7199	-0.4171	-0.0121	0.0403	-0.0975	
-13.2588	-1.3043	4.7067	-0.8255	0.6209	0.2988	0.5489	0.1218	-0.7331	-0.3823	-0.0122	0.0399	-0.0978	
-13.3387	-1.2464	4.7401	-0.8251	0.6206	0.2991	0.5634	0.0920	-0.7452	-0.3454	-0.0122	0.0386	-0.0981	
-13.4110	-1.1837	4.7697	-0.8241	0.6208	0.2991	0.5776	0.0606	-0.7541	-0.3071	-0.0120	0.0375	-0.0984	
-13.4906	-1.1159	4.7968	-0.8237	0.6214	0.2988	0.5919	0.0249	-0.7602	-0.2662	-0.0117	0.0368	-0.0989	
-13.5746	-1.0500	4.8251	-0.8238	0.6218	0.2986	0.6036	-0.0070	-0.7644	-0.2268	-0.0113	0.0359	-0.0992	
-13.6605	-0.9790	4.8520	-0.8240	0.6226	0.2983	0.6133	-0.0382	-0.7663	-0.1887	-0.0109	0.0352	-0.0993	
-13.7425	-0.9185	4.8733	-0.8239	0.6225	0.2975	0.6243	-0.0718	-0.7635	-0.1491	-0.0102	0.0348	-0.0995	
-13.8210	-0.8506	4.8993	-0.8235	0.6231	0.2972	0.6332	-0.1054	-0.7596	-0.1031	-0.0094	0.0341	-0.1001	
-13.8934	-0.7898	4.9277	-0.8226	0.6229	0.2970	0.6432	-0.1353	-0.7513	-0.0609	-0.0082	0.0336	-0.1004	
-13.9712	-0.7153	4.9552	-0.8221	0.6240	0.2967	0.6511	-0.1690	-0.7395	-0.0141	-0.0070	0.0333	-0.1009	
-14.0466	-0.6580	4.9822	-0.8215	0.6235	0.2964	0.6574	-0.1993	-0.7265	0.0240	-0.0060	0.0333	-0.1008	
-14.1289	-0.6005	5.0018	-0.8215	0.6231	0.2955	0.6630	-0.2302	-0.7096	0.0634	-0.0049	0.0335	-0.1007	
-14.2210	-0.5339	5.0253	-0.8224	0.6234	0.2950	0.6661	-0.2597	-0.6914	0.1040	-0.0039	0.0337	-0.1007	
-14.3003	-0.4639	5.0480	-0.8221	0.6240	0.2943	0.6685	-0.2910	-0.6686	0.1453	-0.0028	0.0341	-0.1008	
-14.3891	-0.4069	5.0697	-0.8227	0.6235	0.2937	0.6684	-0.3196	-0.6468	0.1817	-0.0020	0.0345	-0.1005	
-14.4763	-0.3477	5.0941	-0.8231	0.6232	0.2933	0.6662	-0.3470	-0.6261	0.2115	-0.0018	0.0349	-0.0998	
-14.5618	-0.2954	5.1151	-0.8234	0.6223	0.2926	0.6643	-0.3743	-0.5995	0.2441	-0.0012	0.0356	-0.0993	
-14.6412	-0.2432	5.1444	-0.8232	0.6214	0.2926	0.6618	-0.4013	-0.5726	0.2718	-0.0009	0.0365	-0.0985	
-14.7290	-0.1853	5.1692	-0.8237	0.6210	0.2923	0.6550	-0.4320	-0.5411	0.3025	-0.0010	0.0375	-0.0982	
-14.8144	-0.1321	5.2029	-0.8240	0.6203	0.2927	0.6467	-0.4616	-0.5098	0.3302	-0.0012	0.0383	-0.0977	
-14.9029	-0.0697	5.2281	-0.8245	0.6203	0.2924	0.6351	-0.4908	-0.4787	0.3562	-0.0017	0.0390	-0.0972	
-14.9963	-0.0109	5.2524	-0.8255	0.6201	0.2921	0.6199	-0.5193	-0.4474	0.3823	-0.0024	0.0394	-0.0970	
-15.0819	0.0390	5.2877	-0.8257	0.6191	0.2927	0.6079	-0.5442	-0.4154	0.4031	-0.0029	0.0400	-0.0963	
-15.1616	0.0986	5.3168	-0.8255	0.6189	0.2927	0.5919	-0.5689	-0.3818	0.4251	-0.0035	0.0405	-0.0958	
-15.2420	0.1636	5.3468	-0.8254	0.6192	0.2928	0.5725	-0.5939	-0.3466	0.4468	-0.0042	0.0409	-0.0956	
-15.3229	0.2243	5.3743	-0.8253	0.6191	0.2927	0.5505	-0.6179	-0.3119	0.4671	-0.0049	0.0410	-0.0954	
-15.4113	0.2806	5.3997	-0.8258	0.6187	0.2925	0.5247	-0.6433	-0.2770	0.4842	-0.0062	0.0408	-0.0954	
-15.4979	0.3530	5.4362	-0.8261	0.6196	0.2931	0.4969	-0.6643	-0.2421	0.5032	-0.0068	0.0405	-0.0955	
-15.5823	0.4127	5.4634	-0.8263	0.6196	0.2930	0.4623	-0.6865	-0.2076	0.5213	-0.0077	0.0397	-0.0960	
-15.6696	0.4799	5.4974	-0.8267	0.6201	0.2934	0.4274	-0.7046	-0.1722	0.5394	-0.0082	0.0390	-0.0965	
-15.7500	0.5501	5.5206	-0.8265	0.6208	0.2929	0.3917	-0.7203	-0.1353	0.5560	-0.0086	0.0385	-0.0969	
-15.8390	0.6182	5.5526	-0.8270	0.6214	0.2931	0.3546	-0.7357	-0.1029	0.5680	-0.0092	0.0374	-0.0972	
-15.9228	0.6790	5.5839	-0.8271	0.6213	0.2933	0.3145	-0.7437	-0.0702	0.5856	-0.0087	0.0365	-0.0978	
-16.0144	0.7432	5.6184	-0.8278	0.6215	0.2936	0.2745	-0.7507	-0.0374	0.5997	-0.0084	0.0356	-0.0983	
-16.0996	0.8040	5.6510	-0.8280	0.6215	0.2938	0.2355	-0.7566	-0.0064	0.6102	-0.0082	0.0346	-0.0985	
-16.1768	0.8693	5.6868	-0.8276	0.6218	0.2943	0.1941	-0.7594	0.0290	0.6201	-0.0080	0.0340	-0.0990	
-16.2623	0.9299	5.7055	-0.8278	0.6217	0.2935	0.1459	-0.7578	0.0661	0.6319	-0.0073	0.0334	-0.0998	
-16.3398	0.9915	5.7335	-0.8274	0.6217	0.2933	0.1041	-0.7550	0.0967	0.6403	-0.0066	0.0327	-0.1001	
-16.4281	1.0520	5.7665	-0.8279	0.6216	0.2936	0.0593	-0.7499	0.1266	0.6466	-0.0058	0.0318	-0.1006	
-16.5089	1.1261	5.7846	-0.8277	0.6225	0.2928	0.0121	-0.7396	0.1577	0.6540	-0.0064	0.0325	-0.1000	
-16.5849	1.1939	5.8085	-0.8272	0.6229	0.2924	0.0319	0.7248	-0.1911	-0.6609	-0.0053	0.0326	-0.1003	
-16.6687	1.2581	5.8237	-0.8273	0.6230	0.2913	0.0746	0.7069	-0.2253	-0.6660	-0.0043	0.0329	-0.1006	
-16.7484	1.3160	5.8605	-0.8271	0.6227	0.2918	0.1117	0.6889	-0.2553	-0.6693	-0.0034	0.0332	-0.1004	
-16.8316	1.3701	5.8851	-0.8272	0.6221	0.2915	0.1521	0.6673	-0.2847	-0.6711	-0.0024	0.0334	-0.1004	
-16.9106	1.4304	5.9159	-0.8269	0.6219	0.2916	0.1881	0.6429	-0.3119	-0.6740	-0.0012	0.0340	-0.1001	
-16.9956	1.4813	5.9352	-0.8271	0.6210	0.2909	0.2277	0.6142	-0.3446	-0.6721	-0.0005	0.0349	-0.1002	
-17.0733	1.5469	5.9619	-0.8267	0.6213	0.2907	0.2612	0.5875	-0.3734	-0.6690	-0.0000	0.0355	-0.0999	
-17.1581	1.6119	5.9908	-0.8269	0.6214	0.2907	0.2936	0.5592	-0.4009	-0.6638	0.0004	0.0362	-0.0995	
-17.2400	1.6708	6.0207	-0.8269	0.6212	0.2908	0.3253	0.5287	-0.4313	-0.6547	0.0004	0.0369	-0.0993	
-17.3225	1.7270	6.0461	-0.8268	0.6207	0.2906	0.3526	0.4976	-0.4583	-0.6470	0.0004	0.0377	-0.0988	
-17.4026	1.7917	6.0795	-0.8267	0.6209	0.2909	0.3813	0.4645	-0.4866	-0.6341	0.0002	0.0384	-0.0986	
-17.4857	1.8497	6.1061	-0.8267	0.6206	0.2908	0.4070	0.4325	-0.5135	-0.6196	-0.0003	0.0388	-0.0983	
-17.5692	1.9098	6.1351	-0.8267	0.6205	0.2908	0.4322	0.3975	-0.5413	-0.6019	-0.0009	0.0393	-0.0981	
-17.6495	1.9666	6.1601	-0.8265	0.6201	0.2906	0.4536	0.3635	-0.5647	-0.5863	-0.0014	0.0399	-0.0976	
-17.7383	2.0218	6.1922	-0.8270	0.6196	0.2909	0.4757	0.3257	-0.5903	-0.5650	-0.0021	0.0403	-0.0976	
-17.8159	2.0852	6.2246	-0.8266	0.6197	0.2911	0.4978	0.2905	-0.6135	-0.5399	-0.0027	0.0403	-0.0977	
-17.9069	2.1464	6.2598	-0.8271	0.6197	0.2916	0.5164	0.2518	-0.6382	-0.5124	-0.0038	0.0403	-0.0978	
-17.9936	2.2104	6.2910	-0.8274	0.6199	0.2918	0.5350	0.2139	-0.6573	-0.4858	-0.0043	0.0405	-0.0978	
-18.0753	2.2664	6.3212	-0.8273	0.6195	0.2919	0.5511	0.1761	-0.6767	-0.4554	-0.0051	0.0402	-0.0980	
-18.1529	2.3298	6.3575	-0.8269	0.6196	0.2924	0.5670	0.1411	-0.6940	-0.4209	-0.0056	0.0395	-0.0983	
-18.2331	2.3947	6.3946	-0.8266	0.6198	0.2929	0.5825	0.1045	-0.7088	-0.3838	-0.0060	0.0388	-0.0987	
-18.3116	2.4571	6.4282	-0.8263	0.6199	0.2932	0.5952	0.0692	-0.7220	-0.3460	-0.0064	0.0380	-0.0991	
-18.3959	2.5244	6.4661	-0.8264	0.6203	0.2938	0.6066	0.0365	-0.7322	-0.3079	-0.0064	0.0370	-0.0994	
-18.4768	2.5841	6.4950	-0.8262	0.6202	0.2938	0.6165	0.0056	-0.7400	-0.2698	-0.0064	0.0360	-0.0996	
-18.5611	2.6562	6.5289	-0.8263	0.6209	0.2941	0.6244	-0.0270	-0.7464	-0.2289	-0.0064	0.0350	-0.0999	
-18.6433	2.7153	6.5589	-0.8262	0.6207	0.2941	0.6342	-0.0570	-0.7482	-0.1868	-0.0058	0.0339	-0.1002	
-18.7246	2.7822	6.5937	-0.8261	0.6210	0.2944	0.6434	-0.0900	-0.7466	-0.1426	-0.0050	0.0332	-0.1007	
-18.8067	2.8480	6.6240	-0.8260	0.6213	0.2944	0.6507	-0.1249	-0.7422	-0.0994	-0.0044	0.0329	-0.1010	
-18.8856	2.9178	6.6528	-0.8258	0.6218	0.2944	0.6568	-0.1540	-0.7362	-0.0530	-0.0033	0.0320	-0.1014	
-18.9709	2.9739	6.6777	-0.8259	0.6214	0.2940	0.6628	-0.1822	-0.7264	-0.0110	-0.0022	0.0316	-0.1015	
-19.0509	3.0306	6.7006	-0.8257	0.6210	0.2936	0.6666	-0.2106	-0.7146	0.0307	-0.0012	0.0313	-0.1015	
-19.1293	3.0854	6.7280	-0.8255	0.6205	0.2935	0.6709	-0.2372	-0.6994	0.0700	0.0000	0.0312	-0.1012	
-19.2091	3.1484	6.7515	-0.8253	0.6206	0.2931	0.6719	-0.2663	-0.6819	0.1122	0.0011	0.0313	-0.1013	
-19.2879	3.2104	6.7797	-0.8250	0.6206	0.2930	0.6716	-0.2934	-0.6635	0.1514	0.0020	0.0314	-0.1011	
-19.3596	3.2726	6.8063	-0.8243	0.6206	0.2928	0.6702	-0.3242	-0.6382	0.1947	0.0031	0.0319	-0.1012	
-19.4430	3.3341	6.8360	-0.8244	0.6205	0.2928	0.6687	-0.3509	-0.6139	0.2306	0.0040	0.0326	-0.1008	
-19.5286	3.3933	6.8621	-0.8246	0.6203	0.2926	0.6654	-0.3759	-0.5887	0.2644	0.0046	0.0332	-0.1002	
-19.6119	3.4465	6.8849	-0.8247	0.6197	0.2922	0.6599	-0.4009	-0.5646	0.2932	0.0048	0.0338	-0.0994	
-19.6992	3.5111	6.9142	-0.8250	0.6199	0.2923	0.6524	-0.4253	-0.5393	0.3217	0.0049	0.0343	-0.0987	
-19.7880	3.5764	6.9411	-0.8254	0.6201	0.2921	0.6428	-0.4491	-0.5125	0.3509	0.0049	0.0348	-0.0982	
-19.8761	3.6389	6.9669	-0.8258	0.6201	0.2919	0.6345	-0.4722	-0.4812	0.3788	0.0051	0.0357	-0.0975	
-19.9648	3.6976	7.0006	-0.8261	0.6199	0.2922	0.6224	-0.4951	-0.4531	0.4038	0.0048	0.0361	-0.0969	
-20.0529	3.7603	7.0297	-0.8265	0.6199	0.2922	0.6062	-0.5217	-0.4190	0.4299	0.0043	0.0368	-0.0966	
-20.1464	3.8216	7.0561	-0.8272	0.6199	0.2921	0.5903	-0.5474	-0.3851	0.4517	0.0034	0.0375	-0.0962	
-20.2268	3.8862	7.0810	-0.8270	0.6200	0.2919	0.5720	-0.5698	-0.3531	0.4734	0.0028	0.0378	-0.0958	
-20.3129	3.9453	7.1157	-0.8273	0.6199	0.2922	0.5514	-0.5915	-0.3196	0.4944	0.0021	0.0381	-0.0955	
-20.4006	3.9991	7.1529	-0.8276	0.6194	0.2927	0.5302	-0.6120	-0.2879	0.5120	0.0013	0.0381	-0.0952	
-20.4860	4.0618	7.1823	-0.8277	0.6194	0.2928	0.5044	-0.6324	-0.2522	0.5311	0.0006	0.0381	-0.0952	
-20.5689	4.1268	7.2168	-0.8277	0.6197	0.2931	0.4766	-0.6533	-0.2185	0.5465	-0.0004	0.0378	-0.0952	
-20.6550	4.1867	7.2429	-0.8280	0.6196	0.2929	0.4468	-0.6712	-0.1840	0.5623	-0.0012	0.0375	-0.0952	
-20.7395	4.2514	7.2690	-0.8281	0.6197	0.2927	0.4142	-0.6875	-0.1454	0.5783	-0.0018	0.0374	-0.0955	
-20.8217	4.3137	7.2970	-0.8280	0.6198	0.2927	0.3811	-0.7012	-0.1095	0.5925	-0.0023	0.0371	-0.0957	
-20.9068	4.3767	7.3263	-0.8282	0.6199	0.2927	0.3462	-0.7150	-0.0771	0.6028	-0.0030	0.0363	-0.0959	
-20.9944	4.4350	7.3536	-0.8284	0.6197	0.2926	0.3027	-0.7255	-0.0416	0.6163	-0.0031	0.0353	-0.0967	
-21.0794	4.4964	7.3863	-0.8286	0.6197	0.2928	0.2612	-0.7336	-0.0082	0.6271	-0.0031	0.0344	-0.0973	
-21.1679	4.5564	7.4165	-0.8289	0.6196	0.2928	0.2177	-0.7389	0.0254	0.6370	-0.0030	0.0334	-0.0979	
-21.2494	4.6174	7.4471	-0.8289	0.6196	0.2929	0.1753	-0.7403	0.0562	0.6465	-0.0024	0.0326	-0.0982	
-21.3337	4.6828	7.4769	-0.8289	0.6198	0.2929	0.1314	-0.7399	0.0860	0.6541	-0.0018	0.0316	-0.0987	
-21.4120	4.7459	7.5104	-0.8287	0.6199	0.2931	0.0865	-0.7368	0.1170	0.6601	-0.0012	0.0309	-0.0991	
-21.4914	4.8065	7.5358	-0.8285	0.6198	0.2929	0.0427	-0.7318	0.1475	0.6639	-0.0007	0.0302	-0.0995	
-21.5753	4.8783	7.5595	-0.8285	0.6204	0.2926	-0.0055	-0.7214	0.1790	0.6685	-0.0011	0.0307	-0.0989	
-21.6615	4.9335	7.5871	-0.8287	0.6200	0.2925	0.0525	0.7062	-0.2120	-0.6729	0.0000	0.0307	-0.0994	
-21.7445	4.9966	7.6130	-0.8288	0.6200	0.2923	0.0938	0.6891	-0.2435	-0.6759	0.0009	0.0310	-0.0995	
-21.8293	5.0540	7.6450	-0.8289	0.6198	0.2924	0.1369	0.6695	-0.2754	-0.6758	0.0018	0.0312	-0.0997	
-21.9097	5.1167	7.6685	-0.8287	0.6198	0.2921	0.1767	0.6483	-0.3077	-0.6734	0.0023	0.0317	-0.0998	
-21.9886	5.1743	7.6964	-0.8285	0.6195	0.2920	0.2163	0.6235	-0.3373	-0.6712	0.0031	0.0323	-0.0998	
-22.0658	5.2380	7.7290	-0.8282	0.6196	0.2922	0.2552	0.5984	-0.3615	-0.6680	0.0043	0.0326	-0.0997	
-22.1482	5.2983	7.7566	-0.8282	0.6195	0.2921	0.2916	0.5694	-0.3888	-0.6629	0.0050	0.0334	-0.0995	
-22.2378	5.3552	7.7851	-0.8286	0.6192	0.2921	0.3268	0.5409	-0.4142	-0.6551	0.0056	0.0339	-0.0993	
-22.3222	5.4167	7.8138	-0.8287	0.6192	0.2921	0.3616	0.5074	-0.4423	-0.6448	0.0059	0.0348	-0.0993	
-22.4092	5.4768	7.8426	-0.8289	0.6191	0.2921	0.3899	0.4750	-0.4695	-0.6341	0.0057	0.0357	-0.0989	
-22.4926	5.5351	7.8740	-0.8289	0.6189	0.2922	0.4196	0.4406	-0.4933	-0.6218	0.0059	0.0366	-0.0986	
-22.5762	5.5910	7.8996	-0.8290	0.6185	0.2920	0.4497	0.4005	-0.5207	-0.6048	0.0056	0.0377	-0.0987	
-22.6592	5.6544	7.9273	-0.8290	0.6186	0.2920	0.4722	0.3664	-0.5452	-0.5883	0.0050	0.0384	-0.0983	
-22.7398	5.7155	7.9589	-0.8288	0.6186	0.2921	0.4931	0.3306	-0.5703	-0.5680	0.0041	0.0389	-0.0980	
-22.8230	5.7755	7.9883	-0.8289	0.6185	0.2922	0.5167	0.2926	-0.5925	-0.5442	0.0036	0.0393	-0.0981	
-22.9027	5.8362	8.0153	-0.8287	0.6184	0.2920	0.5375	0.2599	-0.6120	-0.5191	0.0031	0.0391	-0.0980	
-22.9862	5.8889	8.0483	-0.8287	0.6179	0.2923	0.5578	0.2230	-0.6321	-0.4894	0.0024	0.0390	-0.0982	
-23.0699	5.9527	8.0780	-0.8287	0.6180	0.2923	0.5759	0.1841	-0.6512	-0.4585	0.0017	0.0390	-0.0984	
-23.1511	6.0076	8.1107	-0.8286	0.6177	0.2925	0.5925	0.1441	-0.6688	-0.4249	0.0009	0.0390	-0.0988	
-23.2315	6.0593	8.1439	-0.8285	0.6172	0.2927	0.6062	0.1057	-0.6850	-0.3900	0.0001	0.0386	-0.0992	
-23.3113	6.1161	8.1731	-0.8283	0.6169	0.2927	0.6197	0.0670	-0.6978	-0.3526	-0.0004	0.0382	-0.0996	
-23.3942	6.1726	8.2043	-0.8283	0.6167	0.2928	0.6314	0.0294	-0.7095	-0.3110	-0.0009	0.0375	-0.1002	
-23.4747	6.2369	8.2323	-0.8281	0.6168	0.2928	0.6430	-0.0076	-0.7166	-0.2698	-0.0009	0.0369	-0.1007	
-23.5549	6.2980	8.2655	-0.8280	0.6168	0.2930	0.6516	-0.0425	-0.7221	-0.2285	-0.0009	0.0362	-0.1010	
-23.6376	6.3647	8.2967	-0.8280	0.6171	0.2931	0.6582	-0.0773	-0.7255	-0.1852	-0.0009	0.0354	-0.1015	
-23.7197	6.4288	8.3247	-0.8279	0.6172	0.2930	0.6648	-0.1089	-0.7252	-0.1432	-0.0005	0.0346	-0.1017	
-23.8071	6.4942	8.3557	-0.8281	0.6174	0.2931	0.6700	-0.1382	-0.7227	-0.0997	0.0002	0.0337	-0.1019	
-23.8930	6.5596	8.3866	-0.8283	0.6176	0.2931	0.6739	-0.1689	-0.7172	-0.0524	0.0010	0.0328	-0.1023	
-23.9743	6.6246	8.4139	-0.8282	0.6178	0.2930	0.6754	-0.1995	-0.7099	-0.0072	0.0016	0.0322	-0.1026	
-24.0535	6.6920	8.4391	-0.8280	0.6181	0.2928	0.6774	-0.2268	-0.6986	0.0402	0.0029	0.0314	-0.1029	
-24.1387	6.7519	8.4709	-0.8281	0.6180	0.2929	0.6783	-0.2526	-0.6859	0.0795	0.0038	0.0312	-0.1026	
-24.2205	6.8144	8.4994	-0.8280	0.6180	0.2929	0.6777	-0.2794	-0.6696	0.1206	0.0048	0.0311	-0.1024	
-24.2999	6.8769	8.5305	-0.8279	0.6180	0.2930	0.6750	-0.3058	-0.6515	0.1630	0.0058	0.0310	-0.1023	
-24.3816	6.9373	8.5544	-0.8278	0.6179	0.2927	0.6725	-0.3277	-0.6324	0.2026	0.0070	0.0308	-0.1020	
-24.4692	6.9926	8.5833	-0.8281	0.6176	0.2927	0.6701	-0.3508	-0.6089	0.2402	0.0081	0.0313	-0.1015	
-24.5509	7.0498	8.6136	-0.8280	0.6174	0.2927	0.6644	-0.3759	-0.5829	0.2786	0.0089	0.0318	-0.1012	
-24.6301	7.1073	8.6441	-0.8278	0.6171	0.2928	0.6605	-0.3984	-0.5550	0.3124	0.0098	0.0326	-0.1005	
-24.7186	7.1643	8.6737	-0.8281	0.6169	0.2928	0.6508	-0.4220	-0.5267	0.3482	0.0103	0.0331	-0.1002	
-24.8055	7.2200	8.6958	-0.8283	0.6166	0.2924	0.6427	-0.4443	-0.4969	0.3785	0.0106	0.0340	-0.0995	
-24.8924	7.2810	8.7215	-0.8285	0.6165	0.2923	0.6301	-0.4662	-0.4675	0.4092	0.0108	0.0345	-0.0991	
-24.9767	7.3428	8.7464	-0.8286	0.6165	0.2921	0.6190	-0.4883	-0.4341	0.4366	0.0107	0.0355	-0.0984	
-25.0579	7.4022	8.7736	-0.8285	0.6164	0.2920	0.6054	-0.5101	-0.4011	0.4615	0.0104	0.0363	-0.0978	
-25.1439	7.4655	8.8026	-0.8287	0.6165	0.2920	0.5913	-0.5298	-0.3661	0.4861	0.0102	0.0373	-0.0971	
-25.2328	7.5244	8.8361	-0.8290	0.6163	0.2922	0.5742	-0.5522	-0.3310	0.5065	0.0094	0.0380	-0.0966	
-25.3165	7.5847	8.8684	-0.8290	0.6163	0.2924	0.5558	-0.5743	-0.2975	0.5232	0.0082	0.0385	-0.0961	
-25.4006	7.6488	8.8984	-0.8291	0.6164	0.2924	0.5333	-0.5933	-0.2642	0.5425	0.0075	0.0386	-0.0958	
-25.4859	7.7057	8.9244	-0.8292	0.6162	0.2923	0.5048	-0.6131	-0.2262	0.5638	0.0069	0.0388	-0.0960	
-25.5699	7.7644	8.9603	-0.8293	0.6160	0.2926	0.4785	-0.6304	-0.1883	0.5816	0.0062	0.0391	-0.0960	
-25.6525	7.8255	8.9919	-0.8292	0.6160	0.2927	0.4471	-0.6480	-0.1487	0.5982	0.0055	0.0392	-0.0962	
-25.7377	7.8876	9.0245	-0.8293	0.6161	0.2929	0.4134	-0.6640	-0.1119	0.6129	0.0047	0.0388	-0.0965	
-25.8242	7.9512	9.0571	-0.8295	0.6162	0.2931	0.3812	-0.6760	-0.0781	0.6260	0.0043	0.0384	-0.0965	
-25.9044	8.0146	9.0906	-0.8294	0.6163	0.2933	0.3409	-0.6886	-0.0442	0.6384	0.0039	0.0375	-0.0971	
-25.9908	8.0744	9.1177	-0.8296	0.6162	0.2932	0.3050	-0.7003	-0.0110	0.6456	0.0031	0.0367	-0.0972	
-26.0763	8.1349	9.1448	-0.8297	0.6162	0.2931	0.2605	-0.7070	0.0240	0.6567	0.0032	0.0359	-0.0979	
-26.1617	8.1989	9.1742	-0.8298	0.6163	0.2931	0.2155	-0.7108	0.0593	0.6666	0.0035	0.0352	-0.0985	
-26.2481	8.2606	9.2037	-0.8300	0.6163	0.2931	0.1716	-0.7144	0.0930	0.6719	0.0034	0.0343	-0.0990	
-26.3315	8.3219	9.2315	-0.8300	0.6163	0.2930	0.1247	-0.7140	0.1240	0.6775	0.0039	0.0333	-0.0996	
-26.4117	8.3899	9.2649	-0.8299	0.6166	0.2932	0.0819	-0.7110	0.1551	0.6809	0.0043	0.0327	-0.0998	
-26.4928	8.4559	9.2924	-0.8298	0.6168	0.2931	0.0370	-0.7044	0.1852	0.6841	0.0050	0.0322	-0.1001	
-26.5822	8.5274	9.3195	-0.8301	0.6173	0.2930	0.0124	0.6960	-0.2134	-0.6853	0.0050	0.0331	-0.0995	
-26.6680	8.5952	9.3462	-0.8302	0.6175	0.2929	0.0581	0.6821	-0.2444	-0.6865	0.0049	0.0333	-0.0992	
-26.7500	8.6611	9.3737	-0.8301	0.6177	0.2928	0.0991	0.6675	-0.2715	-0.6864	0.0051	0.0337	-0.0992	
-26.8320	8.7283	9.3997	-0.8301	0.6180	0.2927	0.1406	0.6504	-0.2990	-0.6840	0.0053	0.0340	-0.0991	
-26.9131	8.7995	9.4244	-0.8300	0.6184	0.2925	0.1824	0.6301	-0.3228	-0.6824	0.0055	0.0348	-0.0989	
-26.9936	8.8662	9.4487	-0.8299	0.6186	0.2923	0.2239	0.6062	-0.3467	-0.6798	0.0055	0.0356	-0.0987	
-27.0745	8.9260	9.4739	-0.8298	0.6185	0.2921	0.2617	0.5795	-0.3721	-0.6762	0.0053	0.0361	-0.0986	
-27.1603	8.9858	9.4985	-0.8299	0.6184	0.2919	0.2987	0.5501	-0.3967	-0.6714	0.0051	0.0367	-0.0985	
-27.2368	9.0506	9.5252	-0.8296	0.6186	0.2918	0.3319	0.5196	-0.4205	-0.6658	0.0048	0.0372	-0.0985	
-27.3245	9.1135	9.5491	-0.8298	0.6186	0.2916	0.3660	0.4869	-0.4434	-0.6576	0.0046	0.0379	-0.0984	
-27.4030	9.1721	9.5756	-0.8296	0.6185	0.2915	0.3974	0.4520	-0.4670	-0.6479	0.0043	0.0384	-0.0983	
-27.4833	9.2290	9.6019	-0.8295	0.6182	0.2913	0.4262	0.4149	-0.4908	-0.6368	0.0038	0.0389	-0.0982	
-27.5661	9.2843	9.6207	-0.8295	0.6179	0.2909	0.4494	0.3753	-0.5161	-0.6254	0.0028	0.0393	-0.0982	
-27.6498	9.3433	9.6442	-0.8295	0.6178	0.2907	0.4698	0.3369	-0.5416	-0.6106	0.0018	0.0394	-0.0982	
-27.7327	9.4012	9.6726	-0.8295	0.6177	0.2906	0.4907	0.2983	-0.5662	-0.5914	0.0012	0.0394	-0.0983	
-27.8145	9.4629	9.7010	-0.8295	0.6177	0.2906	0.5070	0.2563	-0.5915	-0.5724	0.0001	0.0396	-0.0983	
-27.8953	9.5185	9.7301	-0.8294	0.6174	0.2906	0.5220	0.2145	-0.6177	-0.5476	-0.0010	0.0394	-0.0986	
-27.9735	9.5796	9.7581	-0.8292	0.6174	0.2906	0.5367	0.1742	-0.6408	-0.5205	-0.0017	0.0393	-0.0988	
-28.0557	9.6403	9.7922	-0.8291	0.6173	0.2908	0.5504	0.1364	-0.6644	-0.4866	-0.0022	0.0386	-0.0994	
-28.1380	9.7035	9.8210	-0.8291	0.6174	0.2908	0.5623	0.0968	-0.6846	-0.4534	-0.0027	0.0382	-0.0997	
-28.2250	9.7691	9.8544	-0.8293	0.6176	0.2910	0.5736	0.0615	-0.7020	-0.4176	-0.0029	0.0376	-0.1000	
-28.3066	9.8307	9.8796	-0.8292	0.6176	0.2908	0.5828	0.0266	-0.7162	-0.3835	-0.0032	0.0371	-0.0999	
-28.3895	9.8941	9.9120	-0.8292	0.6177	0.2910	0.5893	-0.0113	-0.7301	-0.3456	-0.0036	0.0367	-0.1002	
-28.4718	9.9575	9.9408	-0.8291	0.6178	0.2910	0.5949	-0.0441	-0.7434	-0.3026	-0.0037	0.0358	-0.1007	
-28.5548	10.0231	9.9706	-0.8291	0.6179	0.2910	0.6023	-0.0758	-0.7508	-0.2606	-0.0034	0.0351	-0.1009	
-28.6408	10.0876	9.9969	-0.8293	0.6180	0.2909	0.6083	-0.1097	-0.7562	-0.2138	-0.0031	0.0346	-0.1016	
-28.7259	10.1469	10.0236	-0.8294	0.6179	0.2908	0.6143	-0.1425	-0.7574	-0.1687	-0.0026	0.0342	-0.1020	
-28.8118	10.2088	10.0509	-0.8295	0.6180	0.2907	0.6209	-0.1694	-0.7557	-0.1214	-0.0016	0.0335	-0.1022	
-28.8951	10.2707	10.0796	-0.8295	0.6180	0.2907	0.6255	-0.1966	-0.7516	-0.0701	-0.0006	0.0327	-0.1029	
-28.9784	10.3311	10.1076	-0.8295	0.6179	0.2906	0.6310	-0.2250	-0.7419	-0.0208	0.0006	0.0324	-0.1033	
-29.0607	10.3903	10.1347	-0.8295	0.6178	0.2905	0.6339	-0.2496	-0.7319	0.0240	0.0016	0.0320	-0.1032	
-29.1456	10.4530	10.1606	-0.8296	0.6178	0.2904	0.6352	-0.2768	-0.7171	0.0732	0.0027	0.0318	-0.1036	
-29.2245	10.5116	10.1848	-0.8294	0.6177	0.2902	0.6360	-0.2995	-0.7002	0.1241	0.0043	0.0314	-0.1040	
-29.3067	10.5701	10.2064	-0.8294	0.6176	0.2899	0.6344	-0.3230	-0.6823	0.1675	0.0052	0.0313	-0.1038	
-29.3911	10.6283	10.2327	-0.8294	0.6174	0.2898	0.6337	-0.3464	-0.6586	0.2116	0.0065	0.0316	-0.1037	
-29.4746	10.6850	10.2598	-0.8295	0.6172	0.2897	0.6311	-0.3682	-0.6349	0.2521	0.0075	0.0318	-0.1033	
-29.5623	10.7389	10.2871	-0.8297	0.6169	0.2896	0.6284	-0.3884	-0.6071	0.2932	0.0088	0.0322	-0.1030	
-29.6484	10.7981	10.3152	-0.8298	0.6168	0.2896	0.6220	-0.4082	-0.5809	0.3312	0.0097	0.0324	-0.1025	
-29.7328	10.8553	10.3429	-0.8299	0.6166	0.2895	0.6138	-0.4290	-0.5506	0.3692	0.0105	0.0329	-0.1022	
-29.8139	10.9084	10.3743	-0.8298	0.6162	0.2896	0.6040	-0.4498	-0.5198	0.4038	0.0110	0.0334	-0.1018	
-29.8990	10.9657	10.4052	-0.8299	0.6161	0.2897	0.5950	-0.4698	-0.4897	0.4319	0.0112	0.0340	-0.1008	
-29.9808	11.0206	10.4341	-0.8299	0.6158	0.2897	0.5838	-0.4908	-0.4530	0.4621	0.0114	0.0350	-0.1003	
-30.0664	11.0743	10.4670	-0.8300	0.6155	0.2898	0.5721	-0.5088	-0.4197	0.4884	0.0114	0.0356	-0.0995	
-30.1528	11.1289	10.4974	-0.8301	0.6152	0.2899	0.5592	-0.5263	-0.3841	0.5135	0.0114	0.0364	-0.0988	
-30.2359	11.1858	10.5289	-0.8301	0.6150	0.2900	0.5434	-0.5450	-0.3485	0.5357	0.0110	0.0371	-0.0981	
-30.3223	11.2442	10.5645	-0.8303	0.6148	0.2903	0.5231	-0.5636	-0.3125	0.5582	0.0105	0.0375	-0.0978	
-30.4069	11.3043	10.5953	-0.8303	0.6148	0.2903	0.5040	-0.5804	-0.2750	0.5780	0.0100	0.0381	-0.0973	
-30.4953	11.3574	10.6307	-0.8305	0.6145	0.2906	0.4819	-0.5967	-0.2384	0.5962	0.0093	0.0384	-0.0969	
-30.5789	11.4197	10.6661	-0.8306	0.6145	0.2908	0.4574	-0.6131	-0.2003	0.6125	0.0085	0.0386	-0.0966	
-30.6623	11.4773	10.7018	-0.8306	0.6143	0.2911	0.4354	-0.6262	-0.1644	0.6263	0.0078	0.0389	-0.0961	
-30.7467	11.5358	10.7360	-0.8306	0.6142	0.2913	0.4115	-0.6391	-0.1334	0.6370	0.0069	0.0385	-0.0955	
-30.8297	11.5971	10.7702	-0.8306	0.6142	0.2915	0.3811	-0.6515	-0.0991	0.6488	0.0063	0.0380	-0.0954	
-30.9150	11.6592	10.8016	-0.8307	0.6142	0.2916	0.3494	-0.6643	-0.0597	0.6582	0.0053	0.0379	-0.0956	
-31.0001	11.7239	10.8317	-0.8308	0.6144	0.2916	0.3153	-0.6736	-0.0254	0.6682	0.0049	0.0373	-0.0957	
-31.0874	11.7818	10.8597	-0.8310	0.6142	0.2916	0.2731	-0.6823	0.0130	0.6777	0.0046	0.0366	-0.0964	
-31.1667	11.8475	10.8927	-0.8308	0.6144	0.2917	0.2350	-0.6881	0.0476	0.6849	0.0044	0.0359	-0.0966	
-31.2526	11.9111	10.9219	-0.8309	0.6145	0.2917	0.1966	-0.6928	0.0784	0.6896	0.0043	0.0349	-0.0968	
-31.3392	11.9738	10.9502	-0.8311	0.6145	0.2917	0.1487	-0.6937	0.1152	0.6947	0.0046	0.0341	-0.0977	
-31.4235	12.0330	10.9790	-0.8311	0.6145	0.2917	0.1046	-0.6930	0.1466	0.6979	0.0050	0.0332	-0.0981	
-31.5085	12.0917	11.0112	-0.8312	0.6143	0.2918	0.0607	-0.6893	0.1778	0.6996	0.0054	0.0325	-0.0984	
-31.5918	12.1558	11.0431	-0.8312	0.6145	0.2919	0.0195	-0.6848	0.2067	0.6987	0.0058	0.0331	-0.0983	
-31.6788	12.2171	11.0710	-0.8313	0.6145	0.2918	0.0245	0.6741	-0.2383	-0.6985	0.0064	0.0328	-0.0986	
-31.7627	12.2816	11.0996	-0.8314	0.6146	0.2918	0.0692	0.6622	-0.2654	-0.6972	0.0074	0.0323	-0.0988	
-31.8439	12.3426	11.1268	-0.8313	0.6146	0.2917	0.1139	0.6460	-0.2934	-0.6953	0.0083	0.0322	-0.0990	
-31.9273	12.4031	11.1546	-0.8313	0.6145	0.2917	0.1613	0.6248	-0.3222	-0.6922	0.0096	0.0324	-0.0993	
-32.0110	12.4639	11.1847	-0.8313	0.6145	0.2917	0.2040	0.6038	-0.3478	-0.6876	0.0106	0.0324	-0.0993	
-32.0931	12.5242	11.2157	-0.8313	0.6144	0.2918	0.2484	0.5788	-0.3730	-0.6810	0.0118	0.0327	-0.0994	
-32.1718	12.5878	11.2440	-0.8311	0.6145	0.2917	0.2869	0.5534	-0.3958	-0.6745	0.0127	0.0332	-0.0992	
-32.2515	12.6482	11.2706	-0.8310	0.6145	0.2916	0.3237	0.5260	-0.4179	-0.6664	0.0135	0.0337	-0.0988	
-32.3344	12.7093	11.2979	-0.8310	0.6145	0.2916	0.3610	0.4955	-0.4430	-0.6540	0.0139	0.0344	-0.0988	
-32.4187	12.7709	11.3273	-0.8311	0.6145	0.2916	0.3981	0.4629	-0.4643	-0.6416	0.0147	0.0351	-0.0986	
-32.5055	12.8313	11.3583	-0.8312	0.6144	0.2917	0.4334	0.4300	-0.4831	-0.6277	0.0155	0.0358	-0.0984	
-32.5848	12.8890	11.3859	-0.8311	0.6143	0.2916	0.4650	0.3941	-0.5068	-0.6095	0.0154	0.0366	-0.0983	
-32.6662	12.9479	11.4146	-0.8310	0.6142	0.2916	0.4935	0.3580	-0.5250	-0.5941	0.0156	0.0376	-0.0979	
-32.7461	13.0078	11.4435	-0.8309	0.6141	0.2916	0.5187	0.3232	-0.5442	-0.5752	0.0154	0.0383	-0.0975	
-32.8298	13.0662	11.4727	-0.8309	0.6140	0.2916	0.5481	0.2810	-0.5635	-0.5501	0.0154	0.0392	-0.0977	
-32.9158	13.1284	11.5034	-0.8310	0.6140	0.2917	0.5737	0.2398	-0.5834	-0.5221	0.0150	0.0399	-0.0980	
-32.9945	13.1909	11.5351	-0.8308	0.6141	0.2918	0.5964	0.2010	-0.6000	-0.4938	0.0146	0.0404	-0.0981	
-33.0804	13.2512	11.5623	-0.8309	0.6140	0.2917	0.6155	0.1643	-0.6156	-0.4641	0.0140	0.0405	-0.0981	
-33.1600	13.3127	11.5922	-0.8308	0.6140	0.2917	0.6314	0.1243	-0.6300	-0.4350	0.0133	0.0410	-0.0981	
-33.2409	13.3756	11.6225	-0.8307	0.6141	0.2918	0.6460	0.0834	-0.6434	-0.4022	0.0126	0.0414	-0.0983	
-33.3286	13.4337	11.6520	-0.8309	0.6139	0.2918	0.6593	0.0446	-0.6537	-0.3690	0.0120	0.0415	-0.0983	
-33.4098	13.4943	11.6804	-0.8308	0.6139	0.2918	0.6708	0.0070	-0.6626	-0.3333	0.0115	0.0414	-0.0985	
-33.4937	13.5588	11.7100	-0.8309	0.6140	0.2918	0.6799	-0.0283	-0.6690	-0.2998	0.0110	0.0413	-0.0983	
-33.5790	13.6211	11.7389	-0.8309	0.6141	0.2918	0.6865	-0.0610	-0.6759	-0.2619	0.0106	0.0406	-0.0985	
-33.6613	13.6813	11.7718	-0.8309	0.6140	0.2919	0.6936	-0.0982	-0.6794	-0.2174	0.0104	0.0402	-0.0991	
-33.7390	13.7444	11.8043	-0.8307	0.6141	0.2921	0.6978	-0.1335	-0.6824	-0.1710	0.0102	0.0394	-0.0997	
-33.8250	13.8088	11.8387	-0.8308	0.6142	0.2922	0.7011	-0.1688	-0.6812	-0.1246	0.0103	0.0388	-0.1003	
-33.9049	13.8721	11.8691	-0.8307	0.6143	0.2923	0.7036	-0.2020	-0.6765	-0.0795	0.0106	0.0384	-0.1006	
-33.9864	13.9379	11.8945	-0.8306	0.6144	0.2921	0.7045	-0.2330	-0.6694	-0.0342	0.0110	0.0379	-0.1008	
-34.0698	14.0010	11.9267	-0.8306	0.6145	0.2923	0.7042	-0.2603	-0.6604	0.0134	0.0119	0.0371	-0.1011	
-34.1523	14.0626	11.9543	-0.8306	0.6145	0.2922	0.7012	-0.2859	-0.6507	0.0578	0.0125	0.0363	-0.1012	
-34.2320	14.1228	11.9827	-0.8305	0.6145	0.2922	0.6975	-0.3101	-0.6373	0.1058	0.0136	0.0356	-0.1014	
-34.3098	14.1850	12.0098	-0.8303	0.6145	0.2921	0.6916	-0.3323	-0.6234	0.1513	0.0146	0.0348	-0.1014	
-34.3918	14.2473	12.0413	-0.8303	0.6145	0.2922	0.6851	-0.3530	-0.6078	0.1929	0.0154	0.0343	-0.1011	
-34.4750	14.3074	12.0698	-0.8303	0.6145	0.2921	0.6798	-0.3707	-0.5883	0.2345	0.0167	0.0341	-0.1006	
-34.5607	14.3676	12.0987	-0.8304	0.6144	0.2921	0.6716	-0.3905	-0.5677	0.2734	0.0175	0.0340	-0.1002	
-34.6458	14.4286	12.1277	-0.8304	0.6144	0.2921	0.6627	-0.4096	-0.5435	0.3131	0.0184	0.0342	-0.0998	
-34.7290	14.4864	12.1540	-0.8304	0.6143	0.2920	0.6536	-0.4271	-0.5157	0.3530	0.0195	0.0346	-0.0993	
-34.8145	14.5464	12.1832	-0.8305	0.6142	0.2920	0.6436	-0.4452	-0.4882	0.3873	0.0200	0.0352	-0.0986	
-34.8946	14.6020	12.2119	-0.8304	0.6140	0.2920	0.6323	-0.4621	-0.4603	0.4190	0.0204	0.0357	-0.0979	
-34.9790	14.6614	12.2399	-0.8305	0.6139	0.2919	0.6218	-0.4780	-0.4321	0.4467	0.0205	0.0363	-0.0969	
-35.0635	14.7187	12.2686	-0.8305	0.6138	0.2919	0.6061	-0.4967	-0.3955	0.4792	0.0207	0.0374	-0.0965	
-35.1503	14.7793	12.2950	-0.8307	0.6138	0.2918	0.5895	-0.5125	-0.3641	0.5079	0.0207	0.0380	-0.0960	
-35.2318	14.8419	12.3264	-0.8306	0.6138	0.2919	0.5731	-0.5275	-0.3274	0.5354	0.0207	0.0390	-0.0954	
-35.3110	14.9043	12.3533	-0.8305	0.6138	0.2918	0.5527	-0.5440	-0.2928	0.5597	0.0203	0.0396	-0.0950	
-35.3974	14.9657	12.3811	-0.8306	0.6138	0.2918	0.5334	-0.5600	-0.2581	0.5798	0.0194	0.0403	-0.0944	
-35.4825	15.0229	12.4131	-0.8306	0.6137	0.2919	0.5125	-0.5752	-0.2243	0.5977	0.0186	0.0407	-0.0939	
-35.5690	15.0844	12.4427	-0.8308	0.6137	0.2919	0.4911	-0.5891	-0.1886	0.6140	0.0176	0.0412	-0.0934	
-35.6549	15.1439	12.4729	-0.8309	0.6136	0.2919	0.4649	-0.6023	-0.1510	0.6314	0.0169	0.0416	-0.0933	
-35.7389	15.2021	12.5060	-0.8309	0.6135	0.2921	0.4347	-0.6173	-0.1161	0.6457	0.0158	0.0414	-0.0934	
-35.8207	15.2627	12.5359	-0.8308	0.6135	0.2921	0.4064	-0.6294	-0.0783	0.6581	0.0148	0.0417	-0.0933	
-35.8983	15.3248	12.5707	-0.8307	0.6135	0.2923	0.3752	-0.6420	-0.0467	0.6676	0.0139	0.0411	-0.0933	
-35.9799	15.3866	12.5994	-0.8306	0.6135	0.2923	0.3411	-0.6506	-0.0090	0.6784	0.0132	0.0411	-0.0934	
-36.0642	15.4482	12.6293	-0.8306	0.6135	0.2923	0.3018	-0.6600	0.0287	0.6872	0.0124	0.0407	-0.0940	
-36.1438	15.5106	12.6572	-0.8305	0.6136	0.2923	0.2620	-0.6659	0.0626	0.6957	0.0121	0.0401	-0.0944	
-36.2266	15.5730	12.6866	-0.8305	0.6136	0.2923	0.2182	-0.6696	0.1002	0.7025	0.0119	0.0397	-0.0950	
-36.3124	15.6359	12.7168	-0.8306	0.6137	0.2923	0.1734	-0.6720	0.1317	0.7077	0.0119	0.0387	-0.0956	
-36.3958	15.6968	12.7480	-0.8306	0.6137	0.2924	0.1330	-0.6715	0.1603	0.7113	0.0120	0.0379	-0.0957	
-36.4756	15.7585	12.7777	-0.8305	0.6137	0.2924	0.0829	-0.6680	0.1928	0.7135	0.0125	0.0371	-0.0965	
-36.5571	15.8214	12.8071	-0.8305	0.6137	0.2924	0.0351	-0.6632	0.2220	0.7137	0.0130	0.0363	-0.0971	
-36.6405	15.8858	12.8357	-0.8305	0.6138	0.2924	0.0104	0.6533	-0.2529	-0.7133	0.0133	0.0363	-0.0968	
-36.7209	15.9533	12.8658	-0.8304	0.6141	0.2924	0.0581	0.6418	-0.2790	-0.7117	0.0135	0.0368	-0.0964	
-36.8030	16.0168	12.8958	-0.8303	0.6141	0.2924	0.1019	0.6272	-0.3067	-0.7086	0.0138	0.0369	-0.0963	
-36.8838	16.0776	12.9187	-0.8303	0.6141	0.2922	0.1458	0.6101	-0.3330	-0.7039	0.0141	0.0370	-0.0961	
-36.9665	16.1445	12.9461	-0.8303	0.6143	0.2922	0.1924	0.5894	-0.3581	-0.6977	0.0142	0.0373	-0.0958	
-37.0504	16.2047	12.9716	-0.8303	0.6142	0.2920	0.2323	0.5681	-0.3809	-0.6917	0.0143	0.0375	-0.0958	
-37.1361	16.2697	12.9960	-0.8304	0.6144	0.2919	0.2746	0.5419	-0.4009	-0.6856	0.0143	0.0383	-0.0956	
-37.2180	16.3358	13.0232	-0.8303	0.6145	0.2918	0.3149	0.5148	-0.4217	-0.6767	0.0144	0.0388	-0.0955	
-37.3001	16.3966	13.0500	-0.8303	0.6145	0.2917	0.3529	0.4855	-0.4417	-0.6668	0.0144	0.0393	-0.0954	
-37.3831	16.4600	13.0782	-0.8303	0.6146	0.2917	0.3875	0.4521	-0.4627	-0.6568	0.0139	0.0397	-0.0954	
-37.4669	16.5214	13.1007	-0.8303	0.6146	0.2915	0.4206	0.4162	-0.4818	-0.6464	0.0135	0.0405	-0.0953	
-37.5492	16.5827	13.1267	-0.8303	0.6145	0.2914	0.4503	0.3785	-0.5008	-0.6352	0.0128	0.0412	-0.0952	
-37.6278	16.6431	13.1511	-0.8302	0.6145	0.2913	0.4791	0.3384	-0.5194	-0.6214	0.0122	0.0420	-0.0952	
-37.7104	16.7043	13.1780	-0.8301	0.6145	0.2912	0.5053	0.2979	-0.5360	-0.6074	0.0117	0.0427	-0.0950	
-37.7930	16.7641	13.2057	-0.8301	0.6144	0.2911	0.5293	0.2572	-0.5545	-0.5884	0.0111	0.0431	-0.0951	
-37.8760	16.8232	13.2331	-0.8301	0.6144	0.2911	0.5480	0.2130	-0.5754	-0.5687	0.0100	0.0435	-0.0952	
-37.9581	16.8850	13.2614	-0.8301	0.6144	0.2911	0.5641	0.1676	-0.5947	-0.5480	0.0088	0.0440	-0.0953	
-38.0415	16.9475	13.2894	-0.8301	0.6144	0.2910	0.5806	0.1232	-0.6115	-0.5233	0.0081	0.0444	-0.0955	
-38.1245	17.0088	13.3202	-0.8301	0.6144	0.2911	0.5960	0.0802	-0.6274	-0.4946	0.0076	0.0445	-0.0957	
-38.2090	17.0698	13.3540	-0.8301	0.6144	0.2913	0.6097	0.0383	-0.6422	-0.4628	0.0071	0.0445	-0.0961	
-38.2930	17.1287	13.3816	-0.8302	0.6143	0.2912	0.6192	-0.0008	-0.6589	-0.4270	0.0066	0.0440	-0.0966	
-38.3762	17.1893	13.4097	-0.8302	0.6143	0.2912	0.6275	-0.0380	-0.6730	-0.3899	0.0062	0.0435	-0.0970	
-38.4611	17.2509	13.4384	-0.8302	0.6143	0.2912	0.6354	-0.0751	-0.6842	-0.3497	0.0061	0.0430	-0.0975	
-38.5410	17.3143	13.4677	-0.8301	0.6144	0.2912	0.6431	-0.1142	-0.6905	-0.3105	0.0060	0.0430	-0.0978	
-38.6214	17.3755	13.4961	-0.8300	0.6144	0.2912	0.6477	-0.1434	-0.6992	-0.2671	0.0062	0.0419	-0.0982	
-38.7056	17.4397	13.5256	-0.8301	0.6144	0.2912	0.6511	-0.1784	-0.7034	-0.2217	0.0063	0.0414	-0.0988	
-38.7882	17.5015	13.5567	-0.8301	0.6145	0.2912	0.6529	-0.2094	-0.7064	-0.1758	0.0065	0.0407	-0.0992	
-38.8705	17.5618	13.5831	-0.8300	0.6144	0.2912	0.6552	-0.2396	-0.7048	-0.1277	0.0071	0.0402	-0.0997	
-38.9506	17.6226	13.6105	-0.8300	0.6144	0.2911	0.6552	-0.2678	-0.7019	-0.0792	0.0077	0.0395	-0.1002	
-39.0279	17.6871	13.6379	-0.8298	0.6145	0.2910	0.6563	-0.2981	-0.6921	-0.0266	0.0087	0.0393	-0.1009	
-39.1104	17.7454	13.6702	-0.8297	0.6144	0.2911	0.6538	-0.3262	-0.6820	0.0243	0.0095	0.0390	-0.1015	
-39.1947	17.8049	13.6983	-0.8298	0.6143	0.2911	0.6512	-0.3496	-0.6696	0.0726	0.0104	0.0385	-0.1016	
-39.2746	17.8666	13.7231	-0.8297	0.6144	0.2910	0.6474	-0.3724	-0.6553	0.1149	0.0111	0.0382	-0.1012	
-39.3563	17.9256	13.7495	-0.8297	0.6143	0.2909	0.6439	-0.3915	-0.6379	0.1601	0.0122	0.0379	-0.1010	
-39.4386	17.9834	13.7736	-0.8296	0.6142	0.2907	0.6383	-0.4123	-0.6161	0.2073	0.0134	0.0379	-0.1010	
-39.5232	18.0401	13.8026	-0.8297	0.6140	0.2907	0.6327	-0.4306	-0.5930	0.2508	0.0145	0.0379	-0.1007	
-39.6055	18.0987	13.8316	-0.8297	0.6139	0.2907	0.6259	-0.4456	-0.5709	0.2908	0.0155	0.0378	-0.1000	
-39.6870	18.1565	13.8569	-0.8296	0.6138	0.2906	0.6161	-0.4623	-0.5436	0.3336	0.0166	0.0380	-0.0998	
-39.7682	18.2112	13.8865	-0.8296	0.6136	0.2906	0.6092	-0.4781	-0.5133	0.3708	0.0176	0.0386	-0.0991	
-39.8497	18.2677	13.9169	-0.8295	0.6135	0.2907	0.5975	-0.4928	-0.4820	0.4098	0.0185	0.0391	-0.0987	
-39.9346	18.3264	13.9403	-0.8296	0.6134	0.2905	0.5844	-0.5076	-0.4479	0.4475	0.0193	0.0397	-0.0982	
-40.0195	18.3827	13.9709	-0.8297	0.6132	0.2905	0.5717	-0.5222	-0.4135	0.4798	0.0197	0.0405	-0.0975	
-40.1017	18.4425	13.9959	-0.8296	0.6132	0.2904	0.5559	-0.5340	-0.3804	0.5116	0.0201	0.0410	-0.0969	
-40.1828	18.5036	14.0249	-0.8296	0.6132	0.2904	0.5376	-0.5458	-0.3426	0.5439	0.0205	0.0418	-0.0965	
-40.2657	18.5613	14.0593	-0.8296	0.6131	0.2906	0.5218	-0.5565	-0.3100	0.5685	0.0205	0.0423	-0.0956	
-40.3522	18.6211	14.0942	-0.8297	0.6130	0.2907	0.5054	-0.5674	-0.2743	0.5903	0.0201	0.0430	-0.0947	
-40.4388	18.6797	14.1255	-0.8298	0.6129	0.2908	0.4837	-0.5784	-0.2363	0.6133	0.0198	0.0436	-0.0942	
-40.5226	18.7413	14.1585	-0.8298	0.6129	0.2909	0.4637	-0.5883	-0.2001	0.6324	0.0192	0.0441	-0.0935	
-40.6093	18.8023	14.1888	-0.8299	0.6129	0.2910	0.4416	-0.5976	-0.1617	0.6500	0.0185	0.0447	-0.0929	
-40.6933	18.8616	14.2239	-0.8300	0.6129	0.2911	0.4199	-0.6067	-0.1238	0.6644	0.0176	0.0452	-0.0923	
-40.7784	18.9218	14.2545	-0.8300	0.6128	0.2912	0.3938	-0.6144	-0.0818	0.6791	0.0167	0.0459	-0.0921	
-40.8633	18.9822	14.2881	-0.8301	0.6128	0.2913	0.3670	-0.6210	-0.0420	0.6917	0.0159	0.0463	-0.0918	
-40.9472	19.0455	14.3243	-0.8301	0.6129	0.2915	0.3350	-0.6270	-0.0040	0.7035	0.0153	0.0462	-0.0919	
-41.0312	19.1102	14.3554	-0.8302	0.6130	0.2916	0.3008	-0.6333	0.0321	0.7126	0.0146	0.0458	-0.0920	
-41.1128	19.1703	14.3871	-0.8301	0.6129	0.2917	0.2682	-0.6363	0.0682	0.7205	0.0140	0.0456	-0.0920	
-41.1982	19.2322	14.4195	-0.8302	0.6130	0.2918	0.2330	-0.6379	0.1047	0.7267	0.0135	0.0453	-0.0921	
-41.2818	19.2955	14.4485	-0.8302	0.6130	0.2918	0.1937	-0.6381	0.1414	0.7316	0.0131	0.0449	-0.0925	
-41.3664	19.3571	14.4806	-0.8302	0.6130	0.2919	0.1525	-0.6380	0.1768	0.7338	0.0128	0.0443	-0.0930	
-41.4489	19.4205	14.5110	-0.8302	0.6131	0.2919	0.1104	-0.6354	0.2095	0.7350	0.0127	0.0435	-0.0934	
-41.5321	19.4793	14.5431	-0.8302	0.6130	0.2920	0.0638	-0.6291	0.2403	0.7363	0.0133	0.0427	-0.0940	
-41.6165	19.5408	14.5768	-0.8303	0.6130	0.2921	0.0213	-0.6243	0.2704	0.7326	0.0142	0.0433	-0.0937	
