-0.2174	-12.1188	-0.8144	0.0000	0.0000	0.0000	0.2969	0.5177	-0.6427	0.4804	0.0000	0.0000	0.0000	
-0.0518	-11.6093	-0.4155	0.0164	0.0504	0.0395	0.1824	0.4938	-0.6592	0.5549	0.0213	-0.0514	0.0049	
-0.1352	-11.4766	-0.3446	-0.0031	0.0832	0.0554	0.2125	0.4448	-0.6649	0.5672	-0.0711	-0.0325	-0.0432	
-0.1308	-11.4221	-0.2163	-0.0008	0.1057	0.1091	0.2043	0.4344	-0.6876	0.5507	-0.0475	-0.0296	0.0176	
-0.1202	-11.4136	-0.1301	0.0057	0.1066	0.1531	0.1885	0.4484	-0.6853	0.5460	-0.0130	-0.0205	0.0225	
-0.1651	-11.4662	-0.1280	-0.0348	0.0513	0.1412	0.1551	0.4010	-0.7090	0.5604	-0.0223	-0.0532	0.0218	
-0.1990	-11.4271	-0.0826	-0.0603	0.0836	0.1696	0.1538	0.4041	-0.7303	0.5319	-0.0221	-0.0343	0.0339	
-0.2487	-11.3580	-0.0940	-0.1021	0.1450	0.1432	0.1374	0.3904	-0.7406	0.5295	-0.0186	-0.0352	0.0308	
-0.2846	-11.4027	-0.1268	-0.1307	0.0776	0.0950	0.1314	0.3893	-0.7646	0.4976	-0.0204	-0.0257	0.0396	
-0.3554	-11.4548	-0.2434	-0.1968	0.0092	-0.0351	0.0969	0.3351	-0.7833	0.5167	-0.0249	-0.0436	0.0326	
-0.3634	-11.5255	-0.3218	-0.1891	-0.0664	-0.1145	0.0550	0.3191	-0.7881	0.5241	-0.0181	-0.0501	0.0311	
-0.4990	-11.6135	-0.3494	-0.3059	-0.1520	-0.1346	0.0442	0.3008	-0.8046	0.5105	-0.0198	-0.0476	0.0327	
-0.5988	-11.6798	-0.3781	-0.3739	-0.2024	-0.1510	0.0274	0.2594	-0.8161	0.5158	-0.0236	-0.0518	0.0294	
-0.7257	-11.7645	-0.4076	-0.4550	-0.2636	-0.1662	-0.0095	0.2299	-0.8266	0.5131	-0.0244	-0.0478	0.0285	
-0.8107	-11.8633	-0.4853	-0.4929	-0.3288	-0.2208	0.0262	-0.1739	0.8341	-0.5229	-0.0292	-0.0534	0.0246	
-0.9234	-12.0126	-0.4676	-0.5488	-0.4284	-0.1896	0.0406	-0.1328	0.8434	-0.5186	-0.0318	-0.0551	0.0242	
-1.0540	-12.1121	-0.5350	-0.6118	-0.4751	-0.2302	0.0530	-0.0938	0.8508	-0.5141	-0.0337	-0.0560	0.0235	
-1.1213	-12.2282	-0.5664	-0.6169	-0.5288	-0.2399	0.0853	-0.0554	0.8510	-0.5147	-0.0329	-0.0598	0.0229	
-1.1723	-12.2225	-0.5947	-0.6085	-0.4852	-0.2447	0.1151	-0.0290	0.8544	-0.5059	-0.0312	-0.0610	0.0238	
-1.2770	-12.3290	-0.6543	-0.6396	-0.5268	-0.2724	0.1415	0.0016	0.8533	-0.5016	-0.0303	-0.0625	0.0235	
-1.3061	-12.4365	-0.7158	-0.6148	-0.5654	-0.2973	0.1637	0.0172	0.8577	-0.4880	-0.0283	-0.0613	0.0249	
-1.3531	-12.5656	-0.8258	-0.6055	-0.6130	-0.3524	0.1905	0.0528	0.8528	-0.4828	-0.0282	-0.0631	0.0243	
-1.3755	-12.6358	-0.8674	-0.5815	-0.6190	-0.3574	0.2164	0.0807	0.8509	-0.4716	-0.0274	-0.0637	0.0247	
-1.4254	-12.7302	-0.9375	-0.5760	-0.6388	-0.3798	0.2421	0.1063	0.8464	-0.4623	-0.0263	-0.0642	0.0247	
-1.4745	-12.7833	-0.9825	-0.5714	-0.6320	-0.3832	0.2609	0.1425	0.8386	-0.4563	-0.0270	-0.0649	0.0237	
-1.5217	-12.9020	-1.0556	-0.5666	-0.6631	-0.4062	0.2919	0.1776	0.8284	-0.4431	-0.0266	-0.0668	0.0240	
-1.6052	-12.9861	-1.1027	-0.5810	-0.6725	-0.4113	0.3174	0.2045	0.8187	-0.4326	-0.0258	-0.0674	0.0238	
-1.6694	-13.0206	-1.1619	-0.5847	-0.6556	-0.4212	0.3364	0.2351	0.8119	-0.4151	-0.0260	-0.0674	0.0243	
-1.7411	-13.1604	-1.2249	-0.5913	-0.6928	-0.4332	0.3585	0.2655	0.7984	-0.4042	-0.0257	-0.0681	0.0239	
-1.7777	-13.2312	-1.2366	-0.5806	-0.6935	-0.4177	0.3812	0.2948	0.7840	-0.3910	-0.0255	-0.0687	0.0236	
-1.8751	-13.3651	-1.2568	-0.5982	-0.7241	-0.4060	0.3940	0.3153	0.7748	-0.3821	-0.0250	-0.0677	0.0231	
-1.9614	-13.4341	-1.3244	-0.6105	-0.7213	-0.4189	0.4116	0.3508	0.7539	-0.3725	-0.0258	-0.0687	0.0221	
-2.0535	-13.5506	-1.3890	-0.6239	-0.7404	-0.4281	0.4227	0.3817	0.7370	-0.3644	-0.0265	-0.0686	0.0211	
-2.2058	-13.6358	-1.3957	-0.6634	-0.7448	-0.4118	0.4346	0.4096	0.7222	-0.3492	-0.0268	-0.0684	0.0210	
-2.2924	-13.7234	-1.4494	-0.6715	-0.7498	-0.4164	0.4474	0.4369	0.7031	-0.3387	-0.0270	-0.0684	0.0203	
-2.3113	-13.7822	-1.5305	-0.6510	-0.7429	-0.4338	0.4670	0.4620	0.6805	-0.3243	-0.0267	-0.0690	0.0199	
-2.3510	-13.8417	-1.5658	-0.6405	-0.7372	-0.4298	0.4817	0.4834	0.6623	-0.3096	-0.0264	-0.0688	0.0196	
-2.4273	-13.9579	-1.5958	-0.6450	-0.7535	-0.4242	0.4947	0.5070	0.6404	-0.2971	-0.0264	-0.0688	0.0191	
-2.5286	-14.0535	-1.6458	-0.6590	-0.7604	-0.4273	0.5065	0.5354	0.6138	-0.2826	-0.0269	-0.0692	0.0186	
-2.6529	-14.1725	-1.6670	-0.6811	-0.7755	-0.4178	0.5116	0.5636	0.5899	-0.2697	-0.0278	-0.0690	0.0181	
-2.7235	-14.2416	-1.7306	-0.6819	-0.7719	-0.4257	0.5211	0.5904	0.5612	-0.2544	-0.0284	-0.0694	0.0175	
-2.8176	-14.3340	-1.7772	-0.6906	-0.7769	-0.4258	0.5279	0.6119	0.5371	-0.2424	-0.0287	-0.0691	0.0170	
-2.9132	-14.3958	-1.7966	-0.7009	-0.7710	-0.4172	0.5333	0.6381	0.5088	-0.2219	-0.0294	-0.0692	0.0170	
-2.9740	-14.4763	-1.8478	-0.6977	-0.7718	-0.4201	0.5398	0.6610	0.4791	-0.2051	-0.0298	-0.0694	0.0166	
-3.0732	-14.5765	-1.8724	-0.7075	-0.7793	-0.4130	0.5445	0.6791	0.4543	-0.1909	-0.0300	-0.0690	0.0163	
-3.1203	-14.6587	-1.8836	-0.7004	-0.7805	-0.4034	0.5514	0.6996	0.4209	-0.1699	-0.0302	-0.0693	0.0162	
-3.2082	-14.7423	-1.9515	-0.7063	-0.7819	-0.4124	0.5554	0.7183	0.3920	-0.1475	-0.0304	-0.0695	0.0163	
-3.2880	-14.8261	-1.9812	-0.7098	-0.7836	-0.4084	0.5584	0.7350	0.3636	-0.1259	-0.0304	-0.0694	0.0165	
-3.3519	-14.9027	-2.0192	-0.7081	-0.7829	-0.4080	0.5619	0.7509	0.3314	-0.1013	-0.0305	-0.0697	0.0167	
-3.4442	-14.9965	-2.0484	-0.7148	-0.7875	-0.4037	0.5639	0.7634	0.3045	-0.0830	-0.0304	-0.0694	0.0166	
-3.4946	-15.1064	-2.1162	-0.7082	-0.7964	-0.4125	0.5677	0.7750	0.2705	-0.0609	-0.0303	-0.0697	0.0164	
-3.5826	-15.1879	-2.1920	-0.7134	-0.7968	-0.4221	0.5669	0.7861	0.2436	-0.0385	-0.0302	-0.0695	0.0166	
-3.6769	-15.2748	-2.2202	-0.7205	-0.7986	-0.4175	0.5641	0.7978	0.2120	-0.0173	-0.0304	-0.0694	0.0168	
-3.7247	-15.3737	-2.2701	-0.7138	-0.8038	-0.4194	0.5624	0.8070	0.1801	0.0028	-0.0306	-0.0694	0.0167	
-3.7867	-15.4325	-2.3221	-0.7120	-0.7978	-0.4222	0.5584	0.8153	0.1500	0.0291	-0.0305	-0.0694	0.0172	
-3.8295	-15.5240	-2.3460	-0.7046	-0.8010	-0.4173	0.5561	0.8212	0.1160	0.0516	-0.0305	-0.0695	0.0172	
-3.9006	-15.6089	-2.3779	-0.7051	-0.8020	-0.4154	0.5530	0.8254	0.0809	0.0776	-0.0303	-0.0698	0.0173	
-3.9514	-15.6963	-2.4435	-0.7004	-0.8037	-0.4216	0.5468	0.8293	0.0509	0.1033	-0.0301	-0.0699	0.0178	
-4.0251	-15.7748	-2.4938	-0.7012	-0.8033	-0.4236	0.5438	0.8299	0.0203	0.1236	-0.0299	-0.0698	0.0176	
-4.0908	-15.8650	-2.5345	-0.7001	-0.8059	-0.4229	0.5401	0.8294	-0.0089	0.1435	-0.0296	-0.0697	0.0174	
-4.1694	-15.9564	-2.6030	-0.7023	-0.8085	-0.4290	0.5335	0.8291	-0.0378	0.1635	-0.0294	-0.0696	0.0174	
-4.2487	-16.0173	-2.6456	-0.7053	-0.8034	-0.4289	0.5236	0.8281	-0.0664	0.1888	-0.0291	-0.0696	0.0179	
-4.3048	-16.0935	-2.6907	-0.7021	-0.8024	-0.4294	0.5155	0.8248	-0.0960	0.2114	-0.0288	-0.0696	0.0181	
-4.3789	-16.1540	-2.7602	-0.7035	-0.7977	-0.4352	0.5057	0.8222	-0.1219	0.2318	-0.0285	-0.0693	0.0183	
-4.4850	-16.2599	-2.8278	-0.7115	-0.8035	-0.4405	0.4964	0.8173	-0.1538	0.2492	-0.0286	-0.0693	0.0180	
-4.5478	-16.3490	-2.8701	-0.7094	-0.8057	-0.4400	0.4910	0.8091	-0.1815	0.2678	-0.0282	-0.0692	0.0176	
-4.5960	-16.4379	-2.9054	-0.7042	-0.8078	-0.4380	0.4817	0.8005	-0.2118	0.2870	-0.0281	-0.0692	0.0175	
-4.6799	-16.5326	-2.9234	-0.7071	-0.8106	-0.4328	0.4697	0.7888	-0.2479	0.3086	-0.0282	-0.0697	0.0174	
-4.7660	-16.6372	-2.9533	-0.7103	-0.8155	-0.4302	0.4570	0.7763	-0.2814	0.3300	-0.0281	-0.0700	0.0173	
-4.8347	-16.7231	-2.9824	-0.7098	-0.8163	-0.4274	0.4434	0.7627	-0.3140	0.3504	-0.0281	-0.0703	0.0173	
-4.8942	-16.8135	-3.0320	-0.7075	-0.8180	-0.4290	0.4282	0.7496	-0.3413	0.3718	-0.0277	-0.0705	0.0175	
-4.9532	-16.9014	-3.0813	-0.7050	-0.8193	-0.4304	0.4148	0.7343	-0.3696	0.3899	-0.0276	-0.0706	0.0174	
-5.0246	-16.9649	-3.1247	-0.7052	-0.8154	-0.4307	0.3996	0.7174	-0.3976	0.4092	-0.0273	-0.0708	0.0174	
-5.0981	-17.0497	-3.1804	-0.7056	-0.8161	-0.4331	0.3854	0.6998	-0.4260	0.4245	-0.0274	-0.0708	0.0171	
-5.1774	-17.1458	-3.2279	-0.7072	-0.8192	-0.4336	0.3725	0.6833	-0.4525	0.4358	-0.0276	-0.0706	0.0167	
-5.2476	-17.2129	-3.2700	-0.7071	-0.8164	-0.4333	0.3575	0.6646	-0.4784	0.4491	-0.0277	-0.0705	0.0166	
-5.3227	-17.2977	-3.3200	-0.7078	-0.8170	-0.4346	0.3398	0.6441	-0.5047	0.4634	-0.0277	-0.0706	0.0165	
-5.3944	-17.3679	-3.3477	-0.7080	-0.8147	-0.4317	0.3209	0.6215	-0.5303	0.4789	-0.0275	-0.0709	0.0166	
-5.4731	-17.4397	-3.3883	-0.7093	-0.8128	-0.4313	0.3026	0.5962	-0.5564	0.4931	-0.0276	-0.0711	0.0164	
-5.5316	-17.5354	-3.4477	-0.7071	-0.8153	-0.4345	0.2844	0.5738	-0.5747	0.5097	-0.0270	-0.0713	0.0163	
-5.6200	-17.6144	-3.5064	-0.7104	-0.8146	-0.4374	0.2643	0.5496	-0.5951	0.5234	-0.0266	-0.0714	0.0163	
-5.6936	-17.7010	-3.5754	-0.7108	-0.8155	-0.4419	0.2457	0.5251	-0.6159	0.5335	-0.0267	-0.0714	0.0161	
-5.7775	-17.7873	-3.6214	-0.7128	-0.8163	-0.4422	0.2226	0.4956	-0.6395	0.5435	-0.0269	-0.0717	0.0162	
-5.8449	-17.8736	-3.6424	-0.7121	-0.8173	-0.4380	0.2042	0.4683	-0.6590	0.5520	-0.0270	-0.0717	0.0160	
-5.9087	-17.9704	-3.6954	-0.7109	-0.8202	-0.4395	0.1824	0.4441	-0.6774	0.5575	-0.0270	-0.0715	0.0162	
-5.9626	-18.0592	-3.7193	-0.7077	-0.8217	-0.4358	0.1651	0.4147	-0.6966	0.5617	-0.0275	-0.0714	0.0160	
-6.0356	-18.1506	-3.7783	-0.7080	-0.8235	-0.4382	0.1460	0.3857	-0.7149	0.5647	-0.0280	-0.0713	0.0158	
-6.1172	-18.2345	-3.8304	-0.7096	-0.8239	-0.4393	0.1250	0.3534	-0.7337	0.5665	-0.0285	-0.0713	0.0157	
-6.1971	-18.3243	-3.8710	-0.7112	-0.8254	-0.4386	0.1042	0.3265	-0.7487	0.5677	-0.0286	-0.0711	0.0158	
-6.2787	-18.4248	-3.9085	-0.7128	-0.8284	-0.4375	0.0816	0.2931	-0.7622	0.5711	-0.0287	-0.0713	0.0158	
-6.3679	-18.5299	-3.9599	-0.7158	-0.8323	-0.4386	0.0604	0.2646	-0.7752	0.5706	-0.0289	-0.0711	0.0158	
-6.4355	-18.6210	-4.0129	-0.7151	-0.8336	-0.4400	0.0387	0.2320	-0.7861	0.5715	-0.0290	-0.0711	0.0158	
-6.4894	-18.7095	-4.0561	-0.7123	-0.8344	-0.4400	0.0190	0.1976	-0.7965	0.5711	-0.0285	-0.0712	0.0158	
-6.5640	-18.7936	-4.1136	-0.7129	-0.8346	-0.4420	0.0059	-0.1668	0.8059	-0.5680	-0.0285	-0.0712	0.0161	
-6.6442	-18.8792	-4.1477	-0.7144	-0.8350	-0.4405	0.0328	-0.1358	0.8117	-0.5669	-0.0281	-0.0714	0.0164	
-6.7121	-18.9775	-4.1826	-0.7138	-0.8373	-0.4390	0.0561	-0.1032	0.8160	-0.5660	-0.0280	-0.0715	0.0164	
-6.7932	-19.0757	-4.2258	-0.7154	-0.8397	-0.4388	0.0777	-0.0715	0.8216	-0.5602	-0.0281	-0.0714	0.0165	
-6.8645	-19.1625	-4.2604	-0.7155	-0.8404	-0.4374	0.1063	-0.0423	0.8259	-0.5520	-0.0279	-0.0715	0.0173	
-6.9286	-19.2527	-4.3016	-0.7145	-0.8415	-0.4370	0.1302	-0.0124	0.8279	-0.5454	-0.0277	-0.0714	0.0176	
-6.9909	-19.3548	-4.3541	-0.7132	-0.8443	-0.4383	0.1515	0.0138	0.8287	-0.5390	-0.0275	-0.0711	0.0177	
-7.0653	-19.4311	-4.3905	-0.7138	-0.8431	-0.4374	0.1786	0.0431	0.8262	-0.5325	-0.0269	-0.0713	0.0180	
-7.1384	-19.5214	-4.4247	-0.7141	-0.8440	-0.4361	0.1986	0.0684	0.8239	-0.5269	-0.0265	-0.0710	0.0179	
-7.2270	-19.6169	-4.4704	-0.7167	-0.8456	-0.4364	0.2231	0.0962	0.8199	-0.5186	-0.0260	-0.0711	0.0181	
-7.2975	-19.7043	-4.5288	-0.7165	-0.8461	-0.4385	0.2437	0.1272	0.8157	-0.5091	-0.0261	-0.0710	0.0181	
-7.3822	-19.7802	-4.5792	-0.7184	-0.8449	-0.4394	0.2664	0.1592	0.8107	-0.4963	-0.0261	-0.0711	0.0183	
-7.4461	-19.8610	-4.6418	-0.7173	-0.8444	-0.4420	0.2908	0.1926	0.8019	-0.4846	-0.0260	-0.0714	0.0184	
-7.5023	-19.9558	-4.6842	-0.7152	-0.8459	-0.4417	0.3116	0.2209	0.7943	-0.4726	-0.0259	-0.0713	0.0186	
-7.5712	-20.0532	-4.7313	-0.7147	-0.8477	-0.4420	0.3299	0.2544	0.7829	-0.4620	-0.0261	-0.0714	0.0182	
-7.6589	-20.1272	-4.7703	-0.7169	-0.8462	-0.4412	0.3463	0.2861	0.7718	-0.4502	-0.0263	-0.0714	0.0179	
-7.7401	-20.2137	-4.8162	-0.7182	-0.8465	-0.4415	0.3646	0.3144	0.7599	-0.4368	-0.0262	-0.0714	0.0179	
-7.8082	-20.3009	-4.8737	-0.7178	-0.8468	-0.4433	0.3888	0.3433	0.7441	-0.4206	-0.0258	-0.0718	0.0181	
-7.8680	-20.3858	-4.9237	-0.7161	-0.8469	-0.4440	0.4064	0.3714	0.7295	-0.4059	-0.0258	-0.0717	0.0180	
-7.9381	-20.4825	-4.9696	-0.7159	-0.8484	-0.4442	0.4232	0.3969	0.7125	-0.3948	-0.0256	-0.0717	0.0176	
-8.0044	-20.5616	-5.0175	-0.7152	-0.8476	-0.4446	0.4402	0.4245	0.6936	-0.3806	-0.0256	-0.0718	0.0173	
-8.0679	-20.6302	-5.0624	-0.7141	-0.8455	-0.4447	0.4595	0.4515	0.6734	-0.3622	-0.0254	-0.0721	0.0174	
-8.1344	-20.7080	-5.1171	-0.7135	-0.8447	-0.4460	0.4761	0.4791	0.6520	-0.3440	-0.0254	-0.0724	0.0173	
-8.2004	-20.7901	-5.1537	-0.7128	-0.8444	-0.4449	0.4910	0.5054	0.6296	-0.3271	-0.0254	-0.0725	0.0171	
-8.2609	-20.8676	-5.1925	-0.7114	-0.8435	-0.4441	0.5047	0.5315	0.6061	-0.3087	-0.0256	-0.0726	0.0170	
-8.3387	-20.9561	-5.2381	-0.7122	-0.8440	-0.4442	0.5158	0.5566	0.5817	-0.2927	-0.0258	-0.0727	0.0166	
-8.4051	-21.0444	-5.2804	-0.7116	-0.8445	-0.4438	0.5234	0.5817	0.5581	-0.2761	-0.0263	-0.0724	0.0164	
-8.4839	-21.1151	-5.3218	-0.7125	-0.8427	-0.4434	0.5333	0.6046	0.5330	-0.2567	-0.0265	-0.0724	0.0163	
-8.5706	-21.2028	-5.3670	-0.7143	-0.8431	-0.4435	0.5430	0.6230	0.5084	-0.2427	-0.0264	-0.0723	0.0157	
-8.6347	-21.2743	-5.4057	-0.7134	-0.8415	-0.4427	0.5510	0.6427	0.4821	-0.2259	-0.0266	-0.0721	0.0154	
-8.7095	-21.3617	-5.4562	-0.7138	-0.8419	-0.4434	0.5597	0.6615	0.4544	-0.2065	-0.0266	-0.0722	0.0153	
-8.7849	-21.4516	-5.4986	-0.7143	-0.8426	-0.4431	0.5644	0.6792	0.4302	-0.1881	-0.0268	-0.0718	0.0153	
-8.8583	-21.5251	-5.5463	-0.7145	-0.8413	-0.4434	0.5677	0.6978	0.4034	-0.1675	-0.0271	-0.0716	0.0154	
-8.9279	-21.6204	-5.5773	-0.7143	-0.8426	-0.4417	0.5712	0.7159	0.3725	-0.1499	-0.0275	-0.0715	0.0151	
-9.0049	-21.7112	-5.6271	-0.7149	-0.8434	-0.4423	0.5722	0.7339	0.3416	-0.1318	-0.0281	-0.0714	0.0149	
-9.0856	-21.7966	-5.6853	-0.7160	-0.8434	-0.4438	0.5740	0.7468	0.3160	-0.1168	-0.0282	-0.0709	0.0146	
-9.1564	-21.8711	-5.7239	-0.7159	-0.8423	-0.4431	0.5765	0.7614	0.2800	-0.0951	-0.0286	-0.0712	0.0144	
-9.2376	-21.9506	-5.7612	-0.7170	-0.8418	-0.4423	0.5779	0.7735	0.2500	-0.0727	-0.0286	-0.0712	0.0145	
-9.3109	-22.0382	-5.8137	-0.7172	-0.8421	-0.4431	0.5784	0.7840	0.2194	-0.0526	-0.0287	-0.0711	0.0144	
-9.3801	-22.1265	-5.8618	-0.7170	-0.8426	-0.4435	0.5762	0.7948	0.1882	-0.0271	-0.0287	-0.0711	0.0148	
-9.4519	-22.2159	-5.9016	-0.7171	-0.8432	-0.4430	0.5725	0.8042	0.1600	-0.0027	-0.0286	-0.0709	0.0153	
-9.5178	-22.2951	-5.9359	-0.7165	-0.8426	-0.4418	0.5691	0.8119	0.1275	0.0221	-0.0286	-0.0710	0.0156	
-9.5867	-22.3739	-5.9768	-0.7162	-0.8420	-0.4414	0.5659	0.8178	0.0951	0.0432	-0.0288	-0.0710	0.0155	
-9.6582	-22.4720	-6.0213	-0.7163	-0.8435	-0.4415	0.5610	0.8220	0.0676	0.0710	-0.0282	-0.0710	0.0161	
-9.7308	-22.5511	-6.0739	-0.7164	-0.8429	-0.4423	0.5554	0.8261	0.0379	0.0898	-0.0284	-0.0707	0.0161	
-9.8019	-22.6214	-6.1253	-0.7164	-0.8414	-0.4431	0.5495	0.8278	0.0099	0.1133	-0.0281	-0.0705	0.0164	
-9.8773	-22.7084	-6.1710	-0.7168	-0.8417	-0.4432	0.5416	0.8288	-0.0249	0.1371	-0.0282	-0.0707	0.0165	
-9.9534	-22.7801	-6.2213	-0.7173	-0.8403	-0.4439	0.5344	0.8277	-0.0553	0.1618	-0.0280	-0.0708	0.0167	
-10.0252	-22.8590	-6.2717	-0.7174	-0.8398	-0.4445	0.5255	0.8255	-0.0832	0.1883	-0.0275	-0.0709	0.0171	
-10.0940	-22.9483	-6.3014	-0.7172	-0.8403	-0.4430	0.5144	0.8227	-0.1124	0.2141	-0.0271	-0.0710	0.0177	
-10.1602	-23.0168	-6.3409	-0.7166	-0.8387	-0.4425	0.5039	0.8195	-0.1398	0.2351	-0.0269	-0.0707	0.0179	
-10.2276	-23.1077	-6.3740	-0.7162	-0.8394	-0.4413	0.4942	0.8125	-0.1722	0.2565	-0.0268	-0.0708	0.0178	
-10.2968	-23.1950	-6.4115	-0.7159	-0.8398	-0.4406	0.4840	0.8032	-0.2081	0.2773	-0.0271	-0.0712	0.0175	
-10.3679	-23.2834	-6.4553	-0.7159	-0.8402	-0.4407	0.4728	0.7908	-0.2400	0.3051	-0.0266	-0.0717	0.0176	
-10.4374	-23.3596	-6.5104	-0.7156	-0.8394	-0.4418	0.4646	0.7799	-0.2682	0.3229	-0.0264	-0.0717	0.0171	
-10.5080	-23.4437	-6.5457	-0.7156	-0.8394	-0.4409	0.4525	0.7664	-0.2966	0.3460	-0.0260	-0.0719	0.0171	
-10.5773	-23.5215	-6.5881	-0.7154	-0.8388	-0.4407	0.4385	0.7548	-0.3232	0.3656	-0.0258	-0.0718	0.0172	
-10.6525	-23.6122	-6.6237	-0.7157	-0.8395	-0.4399	0.4224	0.7395	-0.3568	0.3836	-0.0261	-0.0720	0.0172	
-10.7301	-23.7047	-6.6676	-0.7163	-0.8404	-0.4399	0.4080	0.7211	-0.3875	0.4038	-0.0260	-0.0724	0.0169	
-10.7951	-23.7893	-6.7098	-0.7157	-0.8404	-0.4397	0.3922	0.7070	-0.4133	0.4192	-0.0259	-0.0722	0.0170	
-10.8696	-23.8639	-6.7517	-0.7159	-0.8395	-0.4395	0.3777	0.6879	-0.4419	0.4345	-0.0261	-0.0723	0.0167	
-10.9446	-23.9431	-6.8025	-0.7163	-0.8391	-0.4401	0.3651	0.6720	-0.4624	0.4494	-0.0257	-0.0720	0.0164	
-11.0096	-24.0352	-6.8406	-0.7156	-0.8399	-0.4396	0.3510	0.6501	-0.4900	0.4626	-0.0260	-0.0720	0.0160	
-11.0740	-24.1171	-6.8833	-0.7149	-0.8397	-0.4394	0.3370	0.6296	-0.5125	0.4771	-0.0258	-0.0719	0.0157	
-11.1432	-24.2053	-6.9218	-0.7146	-0.8401	-0.4389	0.3221	0.6079	-0.5371	0.4882	-0.0260	-0.0718	0.0153	
-11.2143	-24.2951	-6.9613	-0.7146	-0.8407	-0.4385	0.3049	0.5820	-0.5616	0.5027	-0.0260	-0.0721	0.0150	
-11.2893	-24.3659	-6.9977	-0.7149	-0.8394	-0.4378	0.2854	0.5556	-0.5869	0.5149	-0.0262	-0.0723	0.0149	
-11.3749	-24.4610	-7.0487	-0.7162	-0.8405	-0.4384	0.2671	0.5314	-0.6116	0.5218	-0.0268	-0.0722	0.0148	
-11.4380	-24.5408	-7.0904	-0.7154	-0.8401	-0.4382	0.2498	0.5046	-0.6335	0.5306	-0.0270	-0.0721	0.0145	
-11.4991	-24.6271	-7.1308	-0.7144	-0.8404	-0.4379	0.2301	0.4762	-0.6529	0.5421	-0.0270	-0.0723	0.0143	
-11.5718	-24.7089	-7.1638	-0.7145	-0.8402	-0.4368	0.2114	0.4471	-0.6759	0.5464	-0.0276	-0.0723	0.0142	
-11.6467	-24.7930	-7.2081	-0.7148	-0.8403	-0.4369	0.1891	0.4159	-0.6980	0.5512	-0.0281	-0.0724	0.0142	
-11.7105	-24.8825	-7.2524	-0.7141	-0.8408	-0.4369	0.1684	0.3909	-0.7155	0.5542	-0.0283	-0.0721	0.0144	
-11.7824	-24.9704	-7.2945	-0.7142	-0.8412	-0.4367	0.1452	0.3616	-0.7326	0.5579	-0.0285	-0.0721	0.0146	
-11.8578	-25.0638	-7.3441	-0.7145	-0.8420	-0.4372	0.1251	0.3296	-0.7497	0.5599	-0.0290	-0.0721	0.0144	
-11.9304	-25.1476	-7.3886	-0.7146	-0.8420	-0.4372	0.1076	0.3005	-0.7638	0.5612	-0.0293	-0.0718	0.0142	
-11.9979	-25.2302	-7.4349	-0.7143	-0.8419	-0.4374	0.0837	0.2695	-0.7767	0.5629	-0.0293	-0.0719	0.0143	
-12.0713	-25.3156	-7.4715	-0.7144	-0.8420	-0.4368	0.0621	0.2384	-0.7889	0.5629	-0.0295	-0.0718	0.0144	
-12.1436	-25.4071	-7.5076	-0.7145	-0.8427	-0.4361	0.0408	0.2105	-0.7987	0.5625	-0.0294	-0.0716	0.0145	
-12.2145	-25.4939	-7.5590	-0.7145	-0.8429	-0.4368	0.0164	0.1805	-0.8073	0.5617	-0.0294	-0.0717	0.0140	
-12.2907	-25.5783	-7.5988	-0.7149	-0.8429	-0.4365	0.0049	-0.1491	0.8140	-0.5614	-0.0293	-0.0716	0.0139	
-12.3572	-25.6535	-7.6412	-0.7145	-0.8421	-0.4364	0.0320	-0.1184	0.8186	-0.5610	-0.0289	-0.0718	0.0142	
-12.4155	-25.7462	-7.6771	-0.7134	-0.8429	-0.4357	0.0573	-0.0887	0.8211	-0.5610	-0.0284	-0.0720	0.0144	
-12.4950	-25.8292	-7.7177	-0.7141	-0.8428	-0.4355	0.0826	-0.0585	0.8238	-0.5578	-0.0281	-0.0720	0.0146	
-12.5704	-25.9146	-7.7646	-0.7144	-0.8429	-0.4358	0.1082	-0.0245	0.8268	-0.5511	-0.0282	-0.0722	0.0149	
-12.6342	-25.9908	-7.8146	-0.7138	-0.8422	-0.4363	0.1315	0.0022	0.8284	-0.5448	-0.0280	-0.0719	0.0153	
-12.7071	-26.0723	-7.8584	-0.7140	-0.8420	-0.4363	0.1553	0.0355	0.8284	-0.5368	-0.0281	-0.0720	0.0155	
-12.7754	-26.1625	-7.9109	-0.7137	-0.8425	-0.4371	0.1786	0.0651	0.8252	-0.5319	-0.0278	-0.0720	0.0154	
-12.8424	-26.2469	-7.9552	-0.7133	-0.8425	-0.4371	0.1986	0.0931	0.8225	-0.5251	-0.0276	-0.0718	0.0154	
-12.9112	-26.3268	-7.9890	-0.7132	-0.8422	-0.4363	0.2246	0.1227	0.8168	-0.5170	-0.0271	-0.0720	0.0157	
-12.9734	-26.4069	-8.0322	-0.7124	-0.8419	-0.4363	0.2453	0.1526	0.8115	-0.5080	-0.0271	-0.0719	0.0157	
-13.0496	-26.4872	-8.0740	-0.7128	-0.8415	-0.4361	0.2648	0.1811	0.8048	-0.4997	-0.0269	-0.0717	0.0156	
-13.1151	-26.5775	-8.1094	-0.7124	-0.8421	-0.4355	0.2842	0.2123	0.7963	-0.4900	-0.0270	-0.0717	0.0155	
-13.1865	-26.6575	-8.1485	-0.7124	-0.8417	-0.4351	0.3033	0.2406	0.7882	-0.4786	-0.0269	-0.0715	0.0156	
-13.2539	-26.7367	-8.1880	-0.7121	-0.8413	-0.4348	0.3254	0.2688	0.7773	-0.4666	-0.0266	-0.0716	0.0157	
-13.3254	-26.8168	-8.2292	-0.7121	-0.8410	-0.4346	0.3433	0.2988	0.7649	-0.4558	-0.0266	-0.0716	0.0155	
-13.3958	-26.9013	-8.2741	-0.7121	-0.8411	-0.4348	0.3635	0.3274	0.7529	-0.4401	-0.0265	-0.0717	0.0158	
-13.4627	-26.9909	-8.3197	-0.7117	-0.8415	-0.4349	0.3797	0.3576	0.7379	-0.4283	-0.0267	-0.0716	0.0155	
-13.5289	-27.0717	-8.3605	-0.7113	-0.8412	-0.4347	0.3996	0.3841	0.7200	-0.4176	-0.0263	-0.0718	0.0151	
-13.5930	-27.1592	-8.4123	-0.7108	-0.8415	-0.4353	0.4188	0.4119	0.7020	-0.4025	-0.0262	-0.0720	0.0151	
-13.6588	-27.2464	-8.4613	-0.7104	-0.8417	-0.4357	0.4365	0.4399	0.6827	-0.3869	-0.0262	-0.0722	0.0150	
-13.7258	-27.3296	-8.5045	-0.7100	-0.8416	-0.4357	0.4526	0.4712	0.6601	-0.3702	-0.0265	-0.0725	0.0148	
-13.7937	-27.4162	-8.5520	-0.7098	-0.8418	-0.4360	0.4672	0.4965	0.6399	-0.3546	-0.0265	-0.0725	0.0146	
-13.8674	-27.5033	-8.5882	-0.7100	-0.8420	-0.4354	0.4777	0.5190	0.6207	-0.3430	-0.0266	-0.0721	0.0142	
-13.9310	-27.5839	-8.6307	-0.7094	-0.8418	-0.4353	0.4889	0.5474	0.5965	-0.3244	-0.0271	-0.0722	0.0141	
-14.0084	-27.6638	-8.6701	-0.7099	-0.8415	-0.4350	0.5004	0.5714	0.5737	-0.3064	-0.0272	-0.0721	0.0140	
-14.0746	-27.7510	-8.7160	-0.7096	-0.8417	-0.4351	0.5098	0.5946	0.5500	-0.2903	-0.0274	-0.0720	0.0138	
-14.1435	-27.8357	-8.7652	-0.7094	-0.8417	-0.4356	0.5184	0.6160	0.5260	-0.2744	-0.0276	-0.0717	0.0135	
-14.2210	-27.9191	-8.8123	-0.7099	-0.8416	-0.4358	0.5267	0.6366	0.5000	-0.2598	-0.0278	-0.0716	0.0131	
-14.2977	-28.0067	-8.8569	-0.7103	-0.8419	-0.4359	0.5356	0.6558	0.4724	-0.2451	-0.0280	-0.0715	0.0126	
-14.3714	-28.0935	-8.9025	-0.7105	-0.8421	-0.4360	0.5422	0.6762	0.4463	-0.2224	-0.0281	-0.0715	0.0128	
-14.4441	-28.1740	-8.9532	-0.7106	-0.8418	-0.4365	0.5479	0.6950	0.4185	-0.2040	-0.0284	-0.0714	0.0127	
-14.5214	-28.2552	-8.9984	-0.7110	-0.8416	-0.4366	0.5533	0.7121	0.3906	-0.1850	-0.0285	-0.0713	0.0126	
-14.5879	-28.3425	-9.0391	-0.7107	-0.8418	-0.4364	0.5563	0.7282	0.3648	-0.1657	-0.0286	-0.0710	0.0127	
-14.6629	-28.4337	-9.0817	-0.7110	-0.8423	-0.4363	0.5581	0.7430	0.3406	-0.1442	-0.0286	-0.0706	0.0130	
-14.7368	-28.5239	-9.1245	-0.7112	-0.8428	-0.4362	0.5605	0.7574	0.3109	-0.1247	-0.0288	-0.0705	0.0130	
-14.8103	-28.6089	-9.1681	-0.7114	-0.8428	-0.4362	0.5625	0.7708	0.2810	-0.1020	-0.0289	-0.0705	0.0131	
-14.8778	-28.6946	-9.2151	-0.7111	-0.8429	-0.4364	0.5653	0.7826	0.2476	-0.0797	-0.0290	-0.0707	0.0130	
-14.9446	-28.7823	-9.2587	-0.7108	-0.8431	-0.4364	0.5627	0.7949	0.2197	-0.0572	-0.0291	-0.0705	0.0134	
-15.0138	-28.8561	-9.2950	-0.7107	-0.8424	-0.4359	0.5608	0.8062	0.1849	-0.0309	-0.0294	-0.0707	0.0137	
-15.0857	-28.9378	-9.3468	-0.7108	-0.8422	-0.4364	0.5582	0.8145	0.1585	-0.0081	-0.0293	-0.0704	0.0140	
-15.1545	-29.0252	-9.3933	-0.7107	-0.8424	-0.4366	0.5573	0.8204	0.1255	0.0188	-0.0291	-0.0707	0.0142	
-15.2255	-29.1151	-9.4373	-0.7107	-0.8428	-0.4366	0.5545	0.8258	0.0912	0.0435	-0.0291	-0.0710	0.0143	
-15.2941	-29.1958	-9.4805	-0.7105	-0.8426	-0.4366	0.5534	0.8278	0.0617	0.0689	-0.0286	-0.0711	0.0144	
-15.3637	-29.2765	-9.5304	-0.7104	-0.8423	-0.4371	0.5500	0.8289	0.0286	0.0963	-0.0284	-0.0714	0.0146	
-15.4314	-29.3597	-9.5807	-0.7102	-0.8423	-0.4375	0.5450	0.8297	0.0025	0.1218	-0.0279	-0.0713	0.0150	
-15.4960	-29.4439	-9.6211	-0.7098	-0.8423	-0.4373	0.5367	0.8302	-0.0278	0.1481	-0.0277	-0.0713	0.0155	
-15.5664	-29.5230	-9.6657	-0.7097	-0.8419	-0.4373	0.5317	0.8278	-0.0574	0.1698	-0.0275	-0.0713	0.0154	
-15.6358	-29.6073	-9.7065	-0.7096	-0.8419	-0.4371	0.5244	0.8248	-0.0872	0.1926	-0.0273	-0.0713	0.0155	
-15.7017	-29.6892	-9.7542	-0.7093	-0.8418	-0.4374	0.5162	0.8187	-0.1191	0.2208	-0.0269	-0.0717	0.0157	
-15.7700	-29.7804	-9.7939	-0.7091	-0.8422	-0.4371	0.5061	0.8130	-0.1513	0.2446	-0.0268	-0.0718	0.0159	
-15.8340	-29.8578	-9.8338	-0.7087	-0.8418	-0.4369	0.4968	0.8047	-0.1815	0.2693	-0.0265	-0.0720	0.0160	
-15.8987	-29.9390	-9.8743	-0.7083	-0.8416	-0.4367	0.4873	0.7944	-0.2131	0.2931	-0.0263	-0.0723	0.0160	
-15.9675	-30.0316	-9.9163	-0.7081	-0.8421	-0.4366	0.4764	0.7827	-0.2457	0.3158	-0.0262	-0.0725	0.0158	
-16.0317	-30.1146	-9.9652	-0.7077	-0.8420	-0.4369	0.4656	0.7707	-0.2740	0.3380	-0.0259	-0.0726	0.0158	
-16.1008	-30.2015	-10.0097	-0.7076	-0.8422	-0.4370	0.4531	0.7562	-0.3060	0.3590	-0.0259	-0.0729	0.0156	
-16.1714	-30.2878	-10.0570	-0.7076	-0.8424	-0.4372	0.4395	0.7432	-0.3346	0.3775	-0.0259	-0.0729	0.0156	
-16.2369	-30.3777	-10.0991	-0.7072	-0.8427	-0.4371	0.4266	0.7262	-0.3658	0.3958	-0.0260	-0.0730	0.0154	
-16.3069	-30.4674	-10.1413	-0.7072	-0.8431	-0.4370	0.4133	0.7090	-0.3940	0.4139	-0.0260	-0.0731	0.0152	
-16.3789	-30.5551	-10.1929	-0.7073	-0.8433	-0.4375	0.4006	0.6912	-0.4216	0.4290	-0.0261	-0.0730	0.0148	
-16.4448	-30.6398	-10.2329	-0.7070	-0.8433	-0.4373	0.3843	0.6700	-0.4507	0.4472	-0.0261	-0.0733	0.0147	
-16.5153	-30.7242	-10.2770	-0.7069	-0.8433	-0.4373	0.3696	0.6494	-0.4783	0.4615	-0.0263	-0.0733	0.0144	
-16.5898	-30.8082	-10.3174	-0.7072	-0.8433	-0.4371	0.3535	0.6275	-0.5058	0.4747	-0.0265	-0.0734	0.0142	
-16.6540	-30.8877	-10.3611	-0.7068	-0.8430	-0.4371	0.3375	0.6077	-0.5283	0.4878	-0.0264	-0.0732	0.0142	
-16.7217	-30.9673	-10.3971	-0.7066	-0.8427	-0.4366	0.3232	0.5816	-0.5563	0.4978	-0.0270	-0.0732	0.0137	
-16.7870	-31.0438	-10.4463	-0.7062	-0.8423	-0.4369	0.3079	0.5603	-0.5776	0.5079	-0.0271	-0.0729	0.0135	
-16.8558	-31.1265	-10.4897	-0.7061	-0.8422	-0.4369	0.2942	0.5353	-0.5986	0.5185	-0.0271	-0.0728	0.0130	
-16.9259	-31.2098	-10.5320	-0.7061	-0.8421	-0.4368	0.2751	0.5100	-0.6205	0.5284	-0.0272	-0.0728	0.0130	
-16.9990	-31.2940	-10.5755	-0.7062	-0.8421	-0.4368	0.2543	0.4815	-0.6451	0.5358	-0.0277	-0.0729	0.0130	
-17.0825	-31.3861	-10.6165	-0.7070	-0.8426	-0.4366	0.2337	0.4539	-0.6681	0.5412	-0.0282	-0.0728	0.0130	
-17.1526	-31.4643	-10.6595	-0.7070	-0.8422	-0.4366	0.2117	0.4310	-0.6839	0.5496	-0.0278	-0.0726	0.0133	
-17.2213	-31.5554	-10.7060	-0.7069	-0.8427	-0.4367	0.1878	0.4017	-0.7028	0.5560	-0.0279	-0.0728	0.0135	
-17.2919	-31.6346	-10.7500	-0.7069	-0.8424	-0.4368	0.1676	0.3773	-0.7200	0.5581	-0.0281	-0.0724	0.0137	
-17.3616	-31.7217	-10.7958	-0.7068	-0.8426	-0.4369	0.1479	0.3520	-0.7362	0.5591	-0.0284	-0.0720	0.0139	
-17.4290	-31.8001	-10.8359	-0.7066	-0.8422	-0.4367	0.1254	0.3219	-0.7498	0.5643	-0.0283	-0.0721	0.0139	
-17.5007	-31.8796	-10.8771	-0.7067	-0.8419	-0.4365	0.1051	0.2910	-0.7639	0.5664	-0.0285	-0.0720	0.0138	
-17.5767	-31.9728	-10.9227	-0.7070	-0.8425	-0.4366	0.0832	0.2593	-0.7770	0.5674	-0.0287	-0.0720	0.0138	
-17.6504	-32.0549	-10.9659	-0.7072	-0.8424	-0.4366	0.0552	0.2256	-0.7896	0.5677	-0.0288	-0.0723	0.0142	
-17.7191	-32.1390	-11.0078	-0.7071	-0.8424	-0.4365	0.0306	0.1979	-0.7985	0.5679	-0.0285	-0.0723	0.0145	
-17.7803	-32.2303	-11.0486	-0.7065	-0.8428	-0.4363	0.0108	0.1673	-0.8076	0.5656	-0.0281	-0.0726	0.0144	
-17.8542	-32.3146	-11.0876	-0.7067	-0.8428	-0.4360	0.0153	-0.1357	0.8126	-0.5665	-0.0277	-0.0728	0.0145	
-17.9231	-32.3978	-11.1331	-0.7066	-0.8427	-0.4362	0.0422	-0.1030	0.8171	-0.5654	-0.0275	-0.0731	0.0146	
-17.9964	-32.4806	-11.1783	-0.7068	-0.8426	-0.4363	0.0706	-0.0693	0.8200	-0.5635	-0.0272	-0.0734	0.0148	
-18.0611	-32.5600	-11.2207	-0.7064	-0.8423	-0.4362	0.0924	-0.0435	0.8221	-0.5606	-0.0269	-0.0731	0.0149	
-18.1313	-32.6427	-11.2626	-0.7064	-0.8423	-0.4361	0.1158	-0.0104	0.8232	-0.5556	-0.0269	-0.0732	0.0149	
-18.2028	-32.7246	-11.3023	-0.7064	-0.8421	-0.4359	0.1412	0.0153	0.8228	-0.5506	-0.0263	-0.0730	0.0152	
-18.2758	-32.8109	-11.3484	-0.7066	-0.8423	-0.4360	0.1682	0.0440	0.8220	-0.5423	-0.0260	-0.0731	0.0157	
-18.3491	-32.8938	-11.3959	-0.7067	-0.8422	-0.4362	0.1933	0.0786	0.8175	-0.5365	-0.0259	-0.0734	0.0156	
-18.4162	-32.9788	-11.4428	-0.7065	-0.8422	-0.4364	0.2189	0.1118	0.8131	-0.5275	-0.0258	-0.0736	0.0158	
-18.4895	-33.0609	-11.4829	-0.7067	-0.8421	-0.4362	0.2424	0.1410	0.8076	-0.5189	-0.0255	-0.0736	0.0159	
-18.5604	-33.1477	-11.5265	-0.7067	-0.8423	-0.4362	0.2639	0.1687	0.8015	-0.5096	-0.0253	-0.0735	0.0159	
-18.6280	-33.2334	-11.5689	-0.7065	-0.8423	-0.4361	0.2837	0.2030	0.7929	-0.4996	-0.0255	-0.0735	0.0157	
-18.7036	-33.3135	-11.6088	-0.7068	-0.8421	-0.4359	0.3021	0.2319	0.7846	-0.4894	-0.0255	-0.0733	0.0156	
-18.7739	-33.3904	-11.6473	-0.7068	-0.8417	-0.4357	0.3226	0.2610	0.7736	-0.4789	-0.0254	-0.0733	0.0154	
-18.8479	-33.4772	-11.6859	-0.7070	-0.8418	-0.4354	0.3397	0.2899	0.7637	-0.4664	-0.0254	-0.0731	0.0154	
-18.9180	-33.5589	-11.7317	-0.7069	-0.8417	-0.4355	0.3583	0.3150	0.7511	-0.4567	-0.0252	-0.0729	0.0152	
-18.9907	-33.6383	-11.7776	-0.7071	-0.8414	-0.4356	0.3761	0.3472	0.7355	-0.4438	-0.0254	-0.0731	0.0149	
-19.0658	-33.7186	-11.8182	-0.7073	-0.8412	-0.4355	0.3890	0.3723	0.7232	-0.4331	-0.0255	-0.0726	0.0146	
-19.1357	-33.8021	-11.8613	-0.7072	-0.8412	-0.4354	0.4070	0.4006	0.7056	-0.4195	-0.0255	-0.0727	0.0143	
-19.2072	-33.8889	-11.9052	-0.7073	-0.8413	-0.4355	0.4262	0.4252	0.6891	-0.4034	-0.0251	-0.0727	0.0145	
-19.2823	-33.9743	-11.9460	-0.7075	-0.8414	-0.4353	0.4421	0.4544	0.6686	-0.3884	-0.0253	-0.0729	0.0142	
-19.3492	-34.0593	-11.9890	-0.7073	-0.8414	-0.4353	0.4557	0.4816	0.6468	-0.3769	-0.0255	-0.0729	0.0136	
-19.4157	-34.1427	-12.0302	-0.7071	-0.8414	-0.4351	0.4729	0.5077	0.6228	-0.3613	-0.0255	-0.0732	0.0133	
-19.4939	-34.2239	-12.0748	-0.7075	-0.8412	-0.4352	0.4856	0.5337	0.6007	-0.3442	-0.0257	-0.0732	0.0131	
-19.5665	-34.3133	-12.1209	-0.7076	-0.8415	-0.4353	0.4975	0.5603	0.5765	-0.3255	-0.0260	-0.0732	0.0131	
-19.6378	-34.4024	-12.1630	-0.7076	-0.8418	-0.4352	0.5069	0.5846	0.5538	-0.3078	-0.0263	-0.0731	0.0130	
-19.7102	-34.4871	-12.2077	-0.7077	-0.8418	-0.4353	0.5155	0.6097	0.5272	-0.2907	-0.0268	-0.0730	0.0127	
-19.7838	-34.5719	-12.2502	-0.7078	-0.8419	-0.4352	0.5233	0.6349	0.4984	-0.2728	-0.0274	-0.0731	0.0123	
-19.8544	-34.6558	-12.2966	-0.7078	-0.8418	-0.4354	0.5315	0.6570	0.4693	-0.2560	-0.0277	-0.0731	0.0119	
-19.9180	-34.7385	-12.3419	-0.7075	-0.8418	-0.4355	0.5418	0.6772	0.4404	-0.2316	-0.0277	-0.0734	0.0121	
-19.9858	-34.8272	-12.3878	-0.7073	-0.8420	-0.4356	0.5494	0.6945	0.4149	-0.2091	-0.0275	-0.0733	0.0124	
-20.0514	-34.9076	-12.4279	-0.7070	-0.8418	-0.4354	0.5561	0.7123	0.3853	-0.1866	-0.0276	-0.0734	0.0124	
-20.1224	-34.9929	-12.4673	-0.7071	-0.8419	-0.4352	0.5617	0.7259	0.3598	-0.1691	-0.0275	-0.0730	0.0123	
-20.1924	-35.0715	-12.5110	-0.7070	-0.8416	-0.4352	0.5661	0.7409	0.3299	-0.1472	-0.0277	-0.0730	0.0123	
-20.2629	-35.1495	-12.5549	-0.7070	-0.8412	-0.4352	0.5678	0.7553	0.3038	-0.1223	-0.0277	-0.0728	0.0128	
-20.3311	-35.2287	-12.6005	-0.7069	-0.8410	-0.4353	0.5705	0.7671	0.2759	-0.1015	-0.0277	-0.0726	0.0128	
-20.4119	-35.3126	-12.6453	-0.7074	-0.8410	-0.4354	0.5704	0.7785	0.2500	-0.0800	-0.0276	-0.0722	0.0130	
-20.4811	-35.4024	-12.6878	-0.7073	-0.8413	-0.4353	0.5695	0.7900	0.2201	-0.0556	-0.0277	-0.0722	0.0133	
-20.5518	-35.4873	-12.7349	-0.7073	-0.8413	-0.4355	0.5678	0.8001	0.1907	-0.0319	-0.0278	-0.0720	0.0136	
-20.6229	-35.5700	-12.7767	-0.7074	-0.8412	-0.4354	0.5681	0.8073	0.1594	-0.0067	-0.0276	-0.0721	0.0137	
-20.6924	-35.6581	-12.8202	-0.7073	-0.8414	-0.4354	0.5664	0.8139	0.1283	0.0174	-0.0276	-0.0722	0.0139	
-20.7649	-35.7399	-12.8675	-0.7074	-0.8413	-0.4356	0.5638	0.8193	0.0945	0.0409	-0.0277	-0.0723	0.0139	
-20.8338	-35.8234	-12.9115	-0.7073	-0.8413	-0.4356	0.5601	0.8233	0.0623	0.0663	-0.0277	-0.0724	0.0141	
-20.9033	-35.9063	-12.9575	-0.7072	-0.8412	-0.4357	0.5564	0.8250	0.0315	0.0936	-0.0273	-0.0725	0.0143	
-20.9707	-35.9930	-12.9985	-0.7071	-0.8413	-0.4356	0.5497	0.8270	-0.0017	0.1173	-0.0274	-0.0726	0.0145	
-21.0444	-36.0810	-13.0447	-0.7072	-0.8415	-0.4357	0.5432	0.8271	-0.0317	0.1408	-0.0273	-0.0725	0.0147	
-21.1161	-36.1626	-13.0869	-0.7073	-0.8414	-0.4356	0.5377	0.8248	-0.0622	0.1634	-0.0271	-0.0725	0.0146	
-21.1885	-36.2461	-13.1370	-0.7074	-0.8414	-0.4360	0.5326	0.8212	-0.0866	0.1867	-0.0265	-0.0723	0.0148	
-21.2570	-36.3337	-13.1826	-0.7073	-0.8416	-0.4361	0.5247	0.8169	-0.1160	0.2098	-0.0262	-0.0723	0.0149	
-21.3271	-36.4153	-13.2263	-0.7072	-0.8414	-0.4361	0.5159	0.8116	-0.1453	0.2325	-0.0261	-0.0723	0.0150	
-21.3953	-36.5013	-13.2681	-0.7071	-0.8415	-0.4360	0.5102	0.8029	-0.1765	0.2528	-0.0259	-0.0723	0.0145	
-21.4653	-36.5858	-13.3121	-0.7071	-0.8415	-0.4360	0.5005	0.7953	-0.2043	0.2746	-0.0257	-0.0723	0.0146	
-21.5348	-36.6681	-13.3514	-0.7070	-0.8414	-0.4358	0.4901	0.7843	-0.2344	0.2990	-0.0254	-0.0725	0.0147	
-21.6031	-36.7503	-13.3960	-0.7069	-0.8413	-0.4359	0.4800	0.7734	-0.2637	0.3193	-0.0253	-0.0725	0.0145	
-21.6708	-36.8339	-13.4400	-0.7068	-0.8413	-0.4359	0.4689	0.7592	-0.2942	0.3420	-0.0251	-0.0728	0.0144	
-21.7416	-36.9195	-13.4875	-0.7068	-0.8414	-0.4361	0.4585	0.7459	-0.3233	0.3591	-0.0252	-0.0727	0.0140	
-21.8140	-37.0028	-13.5330	-0.7068	-0.8414	-0.4362	0.4448	0.7335	-0.3495	0.3770	-0.0251	-0.0726	0.0141	
-21.8813	-37.0833	-13.5820	-0.7067	-0.8412	-0.4364	0.4324	0.7191	-0.3745	0.3949	-0.0249	-0.0724	0.0140	
-21.9533	-37.1635	-13.6243	-0.7067	-0.8410	-0.4363	0.4198	0.7020	-0.4017	0.4119	-0.0249	-0.0724	0.0138	
-22.0238	-37.2492	-13.6658	-0.7067	-0.8411	-0.4362	0.4043	0.6831	-0.4302	0.4297	-0.0249	-0.0726	0.0137	
-22.0901	-37.3336	-13.7152	-0.7065	-0.8411	-0.4365	0.3939	0.6653	-0.4547	0.4426	-0.0250	-0.0724	0.0132	
-22.1557	-37.4166	-13.7559	-0.7063	-0.8410	-0.4364	0.3788	0.6429	-0.4837	0.4572	-0.0253	-0.0725	0.0129	
-22.2239	-37.4976	-13.8010	-0.7062	-0.8409	-0.4364	0.3641	0.6209	-0.5079	0.4732	-0.0253	-0.0726	0.0127	
-22.2919	-37.5842	-13.8466	-0.7060	-0.8410	-0.4365	0.3461	0.5980	-0.5360	0.4850	-0.0257	-0.0727	0.0126	
-22.3671	-37.6701	-13.8948	-0.7062	-0.8411	-0.4367	0.3295	0.5779	-0.5595	0.4946	-0.0260	-0.0724	0.0125	
-22.4389	-37.7536	-13.9374	-0.7063	-0.8411	-0.4367	0.3129	0.5522	-0.5834	0.5066	-0.0261	-0.0725	0.0122	
-22.5054	-37.8403	-13.9812	-0.7061	-0.8412	-0.4367	0.2963	0.5304	-0.6042	0.5159	-0.0262	-0.0722	0.0122	
-22.5774	-37.9243	-14.0242	-0.7062	-0.8412	-0.4367	0.2784	0.5070	-0.6265	0.5226	-0.0266	-0.0720	0.0121	
-22.6461	-38.0118	-14.0672	-0.7061	-0.8414	-0.4366	0.2579	0.4831	-0.6461	0.5317	-0.0266	-0.0719	0.0123	
-22.7232	-38.0957	-14.1141	-0.7064	-0.8413	-0.4368	0.2395	0.4566	-0.6685	0.5360	-0.0272	-0.0717	0.0122	
-22.7933	-38.1834	-14.1583	-0.7064	-0.8415	-0.4368	0.2170	0.4290	-0.6889	0.5423	-0.0274	-0.0718	0.0124	
-22.8633	-38.2639	-14.1943	-0.7063	-0.8413	-0.4364	0.1926	0.3983	-0.7083	0.5497	-0.0275	-0.0721	0.0126	
-22.9363	-38.3510	-14.2418	-0.7064	-0.8415	-0.4366	0.1727	0.3698	-0.7266	0.5527	-0.0279	-0.0719	0.0125	
-23.0106	-38.4351	-14.2883	-0.7066	-0.8415	-0.4367	0.1506	0.3393	-0.7433	0.5565	-0.0282	-0.0720	0.0125	
-23.0825	-38.5222	-14.3353	-0.7067	-0.8416	-0.4369	0.1270	0.3128	-0.7560	0.5610	-0.0280	-0.0719	0.0128	
-23.1536	-38.6076	-14.3829	-0.7067	-0.8417	-0.4371	0.1042	0.2844	-0.7698	0.5619	-0.0281	-0.0718	0.0130	
-23.2256	-38.6886	-14.4300	-0.7067	-0.8415	-0.4372	0.0802	0.2556	-0.7817	0.5631	-0.0281	-0.0718	0.0132	
-23.2977	-38.7742	-14.4746	-0.7068	-0.8416	-0.4372	0.0541	0.2247	-0.7943	0.5617	-0.0283	-0.0718	0.0137	
-23.3689	-38.8605	-14.5213	-0.7068	-0.8417	-0.4374	0.0289	0.1955	-0.8046	0.5599	-0.0284	-0.0718	0.0141	
-23.4402	-38.9437	-14.5638	-0.7069	-0.8417	-0.4373	0.0054	0.1665	-0.8126	0.5587	-0.0282	-0.0720	0.0137	
-23.5170	-39.0268	-14.6124	-0.7071	-0.8416	-0.4375	0.0215	-0.1353	0.8188	-0.5573	-0.0280	-0.0721	0.0139	
-23.5926	-39.1141	-14.6541	-0.7074	-0.8418	-0.4374	0.0500	-0.1023	0.8232	-0.5559	-0.0278	-0.0725	0.0142	
-23.6597	-39.1990	-14.6930	-0.7072	-0.8418	-0.4372	0.0718	-0.0759	0.8278	-0.5515	-0.0277	-0.0721	0.0145	
-23.7311	-39.2790	-14.7381	-0.7072	-0.8416	-0.4373	0.0971	-0.0443	0.8304	-0.5468	-0.0276	-0.0722	0.0147	
-23.8043	-39.3619	-14.7844	-0.7073	-0.8416	-0.4374	0.1240	-0.0123	0.8297	-0.5440	-0.0272	-0.0725	0.0148	
-23.8742	-39.4449	-14.8314	-0.7073	-0.8415	-0.4376	0.1481	0.0200	0.8285	-0.5396	-0.0271	-0.0726	0.0147	
-23.9447	-39.5312	-14.8750	-0.7073	-0.8416	-0.4375	0.1697	0.0534	0.8266	-0.5339	-0.0272	-0.0726	0.0146	
-24.0181	-39.6137	-14.9202	-0.7074	-0.8415	-0.4376	0.1955	0.0851	0.8227	-0.5268	-0.0270	-0.0728	0.0147	
-24.0832	-39.6990	-14.9661	-0.7072	-0.8416	-0.4377	0.2188	0.1147	0.8152	-0.5239	-0.0266	-0.0729	0.0144	
-24.1511	-39.7841	-15.0058	-0.7070	-0.8416	-0.4375	0.2408	0.1409	0.8100	-0.5162	-0.0262	-0.0727	0.0145	
-24.2212	-39.8683	-15.0513	-0.7070	-0.8416	-0.4376	0.2637	0.1713	0.8013	-0.5089	-0.0260	-0.0729	0.0144	
-24.2884	-39.9500	-15.0966	-0.7069	-0.8415	-0.4377	0.2884	0.1992	0.7918	-0.5002	-0.0255	-0.0730	0.0145	
-24.3577	-40.0326	-15.1413	-0.7068	-0.8414	-0.4377	0.3089	0.2302	0.7815	-0.4907	-0.0255	-0.0730	0.0143	
-24.4313	-40.1158	-15.1837	-0.7069	-0.8414	-0.4377	0.3311	0.2637	0.7676	-0.4810	-0.0255	-0.0734	0.0141	
-24.5014	-40.2025	-15.2213	-0.7069	-0.8415	-0.4374	0.3526	0.2908	0.7559	-0.4688	-0.0252	-0.0734	0.0142	
-24.5678	-40.2888	-15.2635	-0.7067	-0.8416	-0.4373	0.3713	0.3195	0.7411	-0.4592	-0.0251	-0.0734	0.0139	
-24.6348	-40.3706	-15.3069	-0.7066	-0.8415	-0.4373	0.3930	0.3498	0.7234	-0.4468	-0.0250	-0.0737	0.0137	
-24.7036	-40.4533	-15.3496	-0.7065	-0.8414	-0.4373	0.4108	0.3815	0.7042	-0.4354	-0.0252	-0.0739	0.0133	
-24.7731	-40.5368	-15.3940	-0.7064	-0.8414	-0.4373	0.4269	0.4103	0.6859	-0.4229	-0.0254	-0.0739	0.0130	
-24.8449	-40.6251	-15.4376	-0.7065	-0.8416	-0.4373	0.4413	0.4384	0.6665	-0.4110	-0.0256	-0.0738	0.0125	
-24.9116	-40.7084	-15.4789	-0.7063	-0.8416	-0.4372	0.4571	0.4642	0.6461	-0.3977	-0.0255	-0.0738	0.0123	
-24.9828	-40.7917	-15.5240	-0.7063	-0.8415	-0.4372	0.4664	0.4909	0.6271	-0.3855	-0.0260	-0.0734	0.0119	
-25.0532	-40.8719	-15.5670	-0.7063	-0.8413	-0.4372	0.4778	0.5176	0.6066	-0.3685	-0.0263	-0.0732	0.0119	
-25.1270	-40.9557	-15.6130	-0.7065	-0.8413	-0.4373	0.4908	0.5442	0.5813	-0.3533	-0.0266	-0.0734	0.0115	
-25.2005	-41.0405	-15.6561	-0.7066	-0.8414	-0.4373	0.5027	0.5670	0.5587	-0.3373	-0.0266	-0.0733	0.0114	
-25.2706	-41.1221	-15.6989	-0.7066	-0.8413	-0.4372	0.5151	0.5944	0.5307	-0.3150	-0.0269	-0.0736	0.0115	
-25.3449	-41.2074	-15.7461	-0.7067	-0.8413	-0.4374	0.5219	0.6167	0.5090	-0.2973	-0.0272	-0.0732	0.0115	
-25.4154	-41.2893	-15.7892	-0.7067	-0.8412	-0.4373	0.5298	0.6371	0.4874	-0.2757	-0.0272	-0.0730	0.0119	
-25.4845	-41.3737	-15.8354	-0.7066	-0.8412	-0.4374	0.5377	0.6590	0.4603	-0.2541	-0.0274	-0.0730	0.0120	
-25.5572	-41.4536	-15.8794	-0.7067	-0.8410	-0.4374	0.5466	0.6760	0.4351	-0.2346	-0.0272	-0.0729	0.0120	
-25.6296	-41.5363	-15.9271	-0.7068	-0.8410	-0.4376	0.5528	0.6934	0.4108	-0.2123	-0.0271	-0.0727	0.0123	
-25.7011	-41.6167	-15.9704	-0.7068	-0.8408	-0.4376	0.5600	0.7127	0.3779	-0.1877	-0.0273	-0.0731	0.0124	
-25.7780	-41.7055	-16.0172	-0.7071	-0.8410	-0.4377	0.5639	0.7288	0.3519	-0.1647	-0.0273	-0.0729	0.0126	
-25.8475	-41.7881	-16.0607	-0.7070	-0.8410	-0.4377	0.5691	0.7424	0.3252	-0.1386	-0.0270	-0.0729	0.0131	
-25.9159	-41.8749	-16.1039	-0.7069	-0.8411	-0.4377	0.5723	0.7547	0.2985	-0.1184	-0.0269	-0.0726	0.0131	
-25.9885	-41.9618	-16.1510	-0.7070	-0.8412	-0.4378	0.5734	0.7665	0.2734	-0.0969	-0.0268	-0.0723	0.0133	
-26.0594	-42.0472	-16.1956	-0.7070	-0.8412	-0.4378	0.5748	0.7772	0.2465	-0.0700	-0.0265	-0.0723	0.0138	
-26.1299	-42.1306	-16.2390	-0.7070	-0.8412	-0.4378	0.5762	0.7869	0.2161	-0.0428	-0.0264	-0.0724	0.0142	
-26.2002	-42.2149	-16.2860	-0.7070	-0.8412	-0.4380	0.5749	0.7964	0.1865	-0.0177	-0.0263	-0.0724	0.0145	
-26.2689	-42.3003	-16.3285	-0.7069	-0.8413	-0.4379	0.5731	0.8041	0.1580	0.0079	-0.0262	-0.0723	0.0148	
-26.3411	-42.3834	-16.3723	-0.7070	-0.8412	-0.4379	0.5718	0.8100	0.1250	0.0329	-0.0262	-0.0725	0.0149	
-26.4129	-42.4665	-16.4170	-0.7070	-0.8412	-0.4379	0.5677	0.8160	0.0947	0.0552	-0.0263	-0.0723	0.0150	
-26.4814	-42.5505	-16.4624	-0.7070	-0.8412	-0.4380	0.5652	0.8186	0.0676	0.0782	-0.0260	-0.0721	0.0151	
-26.5500	-42.6362	-16.5034	-0.7069	-0.8412	-0.4379	0.5603	0.8211	0.0353	0.1024	-0.0260	-0.0722	0.0152	
-26.6182	-42.7193	-16.5422	-0.7068	-0.8412	-0.4377	0.5584	0.8201	0.0059	0.1253	-0.0256	-0.0722	0.0151	
-26.6922	-42.8031	-16.5883	-0.7069	-0.8412	-0.4378	0.5537	0.8188	-0.0241	0.1496	-0.0253	-0.0723	0.0151	
-26.7667	-42.8846	-16.6365	-0.7071	-0.8411	-0.4380	0.5467	0.8175	-0.0526	0.1738	-0.0251	-0.0722	0.0153	
-26.8324	-42.9631	-16.6831	-0.7069	-0.8409	-0.4381	0.5424	0.8132	-0.0822	0.1950	-0.0249	-0.0722	0.0151	
-26.8999	-43.0482	-16.7295	-0.7067	-0.8409	-0.4382	0.5380	0.8076	-0.1085	0.2167	-0.0244	-0.0721	0.0149	
-26.9707	-43.1290	-16.7736	-0.7067	-0.8408	-0.4382	0.5293	0.8006	-0.1393	0.2435	-0.0240	-0.0724	0.0151	
-27.0407	-43.2146	-16.8172	-0.7067	-0.8408	-0.4382	0.5220	0.7935	-0.1683	0.2641	-0.0239	-0.0723	0.0149	
-27.1132	-43.3066	-16.8616	-0.7068	-0.8411	-0.4382	0.5124	0.7853	-0.2004	0.2838	-0.0240	-0.0723	0.0147	
-27.1829	-43.3898	-16.9100	-0.7067	-0.8411	-0.4384	0.5045	0.7736	-0.2323	0.3048	-0.0240	-0.0725	0.0143	
-27.2570	-43.4772	-16.9489	-0.7069	-0.8412	-0.4382	0.4937	0.7604	-0.2661	0.3268	-0.0241	-0.0729	0.0141	
-27.3257	-43.5588	-16.9967	-0.7068	-0.8411	-0.4383	0.4821	0.7466	-0.2943	0.3512	-0.0236	-0.0732	0.0141	
-27.3993	-43.6447	-17.0381	-0.7069	-0.8412	-0.4382	0.4689	0.7333	-0.3250	0.3696	-0.0238	-0.0732	0.0141	
-27.4651	-43.7274	-17.0812	-0.7067	-0.8412	-0.4382	0.4559	0.7175	-0.3545	0.3894	-0.0237	-0.0734	0.0140	
-27.5322	-43.8137	-17.1260	-0.7066	-0.8412	-0.4383	0.4422	0.7011	-0.3837	0.4070	-0.0238	-0.0734	0.0138	
-27.6059	-43.8952	-17.1735	-0.7067	-0.8411	-0.4384	0.4299	0.6846	-0.4079	0.4247	-0.0236	-0.0734	0.0136	
-27.6767	-43.9776	-17.2168	-0.7067	-0.8411	-0.4384	0.4134	0.6635	-0.4397	0.4417	-0.0239	-0.0737	0.0134	
-27.7442	-44.0616	-17.2576	-0.7066	-0.8411	-0.4383	0.3975	0.6439	-0.4672	0.4571	-0.0240	-0.0737	0.0133	
-27.8144	-44.1475	-17.2982	-0.7066	-0.8411	-0.4381	0.3839	0.6232	-0.4929	0.4706	-0.0242	-0.0736	0.0130	
-27.8837	-44.2318	-17.3426	-0.7065	-0.8412	-0.4382	0.3639	0.6020	-0.5212	0.4831	-0.0245	-0.0737	0.0131	
-27.9569	-44.3172	-17.3882	-0.7066	-0.8412	-0.4382	0.3468	0.5803	-0.5475	0.4932	-0.0249	-0.0736	0.0130	
-28.0287	-44.4027	-17.4319	-0.7067	-0.8413	-0.4382	0.3253	0.5572	-0.5747	0.5032	-0.0254	-0.0736	0.0132	
-28.0994	-44.4876	-17.4752	-0.7067	-0.8413	-0.4382	0.3041	0.5331	-0.6000	0.5131	-0.0257	-0.0737	0.0133	
-28.1720	-44.5717	-17.5210	-0.7067	-0.8413	-0.4383	0.2857	0.5072	-0.6247	0.5204	-0.0262	-0.0736	0.0131	
-28.2441	-44.6564	-17.5628	-0.7068	-0.8413	-0.4382	0.2680	0.4817	-0.6448	0.5297	-0.0262	-0.0735	0.0128	
-28.3126	-44.7442	-17.6045	-0.7067	-0.8414	-0.4381	0.2465	0.4564	-0.6660	0.5361	-0.0265	-0.0734	0.0130	
-28.3836	-44.8278	-17.6476	-0.7067	-0.8414	-0.4381	0.2205	0.4284	-0.6866	0.5441	-0.0266	-0.0736	0.0134	
-28.4588	-44.9164	-17.6923	-0.7069	-0.8416	-0.4381	0.1966	0.3981	-0.7055	0.5521	-0.0266	-0.0739	0.0134	
-28.5305	-44.9997	-17.7343	-0.7069	-0.8416	-0.4380	0.1766	0.3733	-0.7212	0.5565	-0.0266	-0.0736	0.0134	
-28.5989	-45.0820	-17.7747	-0.7068	-0.8415	-0.4379	0.1560	0.3454	-0.7354	0.5619	-0.0266	-0.0735	0.0133	
-28.6684	-45.1674	-17.8177	-0.7068	-0.8415	-0.4379	0.1295	0.3189	-0.7484	0.5670	-0.0263	-0.0735	0.0137	
-28.7356	-45.2516	-17.8596	-0.7067	-0.8415	-0.4378	0.1079	0.2947	-0.7605	0.5688	-0.0262	-0.0731	0.0139	
-28.8094	-45.3346	-17.9046	-0.7068	-0.8415	-0.4379	0.0825	0.2631	-0.7737	0.5702	-0.0263	-0.0733	0.0141	
-28.8789	-45.4193	-17.9448	-0.7067	-0.8415	-0.4377	0.0592	0.2361	-0.7844	0.5707	-0.0262	-0.0731	0.0143	
-28.9498	-45.5033	-17.9867	-0.7068	-0.8415	-0.4377	0.0345	0.2084	-0.7939	0.5703	-0.0261	-0.0730	0.0146	
-29.0161	-45.5888	-18.0330	-0.7066	-0.8416	-0.4378	0.0114	0.1788	-0.8011	0.5711	-0.0261	-0.0731	0.0145	
-29.0854	-45.6750	-18.0754	-0.7065	-0.8416	-0.4377	0.0121	-0.1517	0.8073	-0.5704	-0.0258	-0.0729	0.0146	
-29.1596	-45.7623	-18.1228	-0.7067	-0.8418	-0.4378	0.0391	-0.1180	0.8114	-0.5708	-0.0256	-0.0732	0.0146	
-29.2320	-45.8476	-18.1649	-0.7067	-0.8418	-0.4378	0.0659	-0.0894	0.8148	-0.5690	-0.0252	-0.0733	0.0149	
-29.3012	-45.9282	-18.2087	-0.7067	-0.8417	-0.4378	0.0926	-0.0616	0.8165	-0.5666	-0.0247	-0.0733	0.0151	
-29.3721	-46.0123	-18.2552	-0.7067	-0.8417	-0.4379	0.1164	-0.0259	0.8160	-0.5654	-0.0247	-0.0736	0.0147	
-29.4397	-46.0969	-18.2956	-0.7066	-0.8417	-0.4378	0.1404	0.0059	0.8147	-0.5626	-0.0245	-0.0737	0.0146	
-29.5100	-46.1799	-18.3348	-0.7066	-0.8416	-0.4376	0.1622	0.0345	0.8131	-0.5582	-0.0243	-0.0736	0.0145	
-29.5789	-46.2644	-18.3796	-0.7065	-0.8417	-0.4376	0.1901	0.0650	0.8105	-0.5500	-0.0240	-0.0738	0.0150	
-29.6474	-46.3488	-18.4258	-0.7064	-0.8417	-0.4377	0.2137	0.0957	0.8056	-0.5443	-0.0238	-0.0738	0.0149	
-29.7155	-46.4325	-18.4670	-0.7063	-0.8416	-0.4376	0.2358	0.1291	0.7992	-0.5375	-0.0239	-0.0740	0.0146	
-29.7873	-46.5125	-18.5109	-0.7064	-0.8415	-0.4376	0.2587	0.1559	0.7930	-0.5293	-0.0235	-0.0738	0.0147	
-29.8583	-46.5968	-18.5531	-0.7064	-0.8415	-0.4376	0.2812	0.1855	0.7855	-0.5192	-0.0234	-0.0738	0.0148	
-29.9298	-46.6799	-18.5945	-0.7064	-0.8415	-0.4375	0.2989	0.2175	0.7761	-0.5111	-0.0236	-0.0737	0.0144	
-30.0008	-46.7636	-18.6411	-0.7064	-0.8415	-0.4376	0.3215	0.2480	0.7659	-0.4984	-0.0235	-0.0739	0.0146	
-30.0665	-46.8498	-18.6863	-0.7063	-0.8415	-0.4376	0.3433	0.2811	0.7517	-0.4877	-0.0235	-0.0742	0.0143	
-30.1391	-46.9306	-18.7321	-0.7063	-0.8414	-0.4377	0.3618	0.3134	0.7371	-0.4768	-0.0237	-0.0743	0.0139	
-30.2065	-47.0146	-18.7762	-0.7062	-0.8414	-0.4377	0.3801	0.3464	0.7209	-0.4644	-0.0240	-0.0744	0.0136	
-30.2777	-47.0974	-18.8218	-0.7062	-0.8414	-0.4378	0.3987	0.3796	0.7021	-0.4513	-0.0243	-0.0747	0.0132	
-30.3491	-47.1798	-18.8655	-0.7063	-0.8413	-0.4378	0.4146	0.4081	0.6852	-0.4383	-0.0244	-0.0747	0.0130	
-30.4165	-47.2638	-18.9090	-0.7062	-0.8413	-0.4378	0.4280	0.4367	0.6689	-0.4228	-0.0247	-0.0744	0.0129	
-30.4900	-47.3506	-18.9527	-0.7063	-0.8414	-0.4378	0.4416	0.4648	0.6512	-0.4061	-0.0250	-0.0743	0.0129	
-30.5588	-47.4356	-18.9967	-0.7062	-0.8414	-0.4378	0.4543	0.4905	0.6319	-0.3924	-0.0251	-0.0741	0.0126	
-30.6289	-47.5207	-19.0387	-0.7062	-0.8414	-0.4377	0.4679	0.5174	0.6089	-0.3777	-0.0253	-0.0741	0.0122	
-30.7015	-47.6077	-19.0835	-0.7062	-0.8415	-0.4377	0.4773	0.5433	0.5894	-0.3603	-0.0257	-0.0738	0.0122	
-30.7696	-47.6926	-19.1260	-0.7062	-0.8416	-0.4377	0.4900	0.5670	0.5667	-0.3425	-0.0257	-0.0738	0.0121	
-30.8379	-47.7770	-19.1670	-0.7061	-0.8416	-0.4376	0.5002	0.5897	0.5443	-0.3255	-0.0259	-0.0736	0.0120	
-30.9140	-47.8606	-19.2116	-0.7063	-0.8416	-0.4376	0.5087	0.6105	0.5240	-0.3071	-0.0259	-0.0733	0.0121	
-30.9824	-47.9478	-19.2573	-0.7062	-0.8417	-0.4377	0.5194	0.6312	0.4988	-0.2881	-0.0259	-0.0733	0.0120	
-31.0526	-48.0305	-19.3005	-0.7062	-0.8416	-0.4377	0.5276	0.6546	0.4706	-0.2675	-0.0263	-0.0734	0.0119	
-31.1219	-48.1140	-19.3457	-0.7061	-0.8416	-0.4377	0.5360	0.6742	0.4453	-0.2444	-0.0263	-0.0733	0.0121	
-31.1896	-48.1966	-19.3916	-0.7060	-0.8415	-0.4378	0.5448	0.6921	0.4200	-0.2186	-0.0261	-0.0734	0.0126	
-31.2615	-48.2801	-19.4353	-0.7061	-0.8415	-0.4378	0.5478	0.7100	0.3964	-0.1978	-0.0263	-0.0730	0.0128	
-31.3333	-48.3636	-19.4798	-0.7061	-0.8415	-0.4378	0.5530	0.7235	0.3758	-0.1732	-0.0259	-0.0727	0.0133	
-31.4067	-48.4449	-19.5229	-0.7062	-0.8414	-0.4378	0.5582	0.7378	0.3474	-0.1534	-0.0260	-0.0726	0.0131	
-31.4755	-48.5271	-19.5655	-0.7061	-0.8413	-0.4377	0.5627	0.7495	0.3242	-0.1300	-0.0256	-0.0723	0.0135	
-31.5424	-48.6097	-19.6076	-0.7060	-0.8413	-0.4377	0.5670	0.7615	0.2957	-0.1052	-0.0254	-0.0724	0.0136	
-31.6157	-48.6933	-19.6519	-0.7061	-0.8413	-0.4377	0.5693	0.7727	0.2687	-0.0831	-0.0254	-0.0722	0.0137	
-31.6870	-48.7763	-19.6955	-0.7061	-0.8412	-0.4377	0.5728	0.7821	0.2385	-0.0557	-0.0251	-0.0724	0.0139	
-31.7589	-48.8585	-19.7374	-0.7062	-0.8412	-0.4376	0.5717	0.7932	0.2073	-0.0288	-0.0253	-0.0725	0.0142	
-31.8282	-48.9421	-19.7829	-0.7061	-0.8411	-0.4377	0.5724	0.8004	0.1781	-0.0031	-0.0250	-0.0726	0.0144	
-31.9011	-49.0252	-19.8238	-0.7062	-0.8411	-0.4376	0.5721	0.8063	0.1488	0.0221	-0.0248	-0.0726	0.0146	
-31.9713	-49.1089	-19.8640	-0.7062	-0.8411	-0.4375	0.5699	0.8116	0.1207	0.0452	-0.0247	-0.0724	0.0147	
-32.0416	-49.1959	-19.9107	-0.7062	-0.8412	-0.4376	0.5692	0.8141	0.0927	0.0693	-0.0244	-0.0724	0.0147	
-32.1132	-49.2753	-19.9549	-0.7062	-0.8410	-0.4376	0.5666	0.8162	0.0652	0.0933	-0.0241	-0.0723	0.0149	
-32.1862	-49.3608	-19.9989	-0.7063	-0.8411	-0.4376	0.5648	0.8165	0.0314	0.1151	-0.0242	-0.0724	0.0145	
-32.2560	-49.4433	-20.0427	-0.7063	-0.8410	-0.4376	0.5623	0.8150	-0.0017	0.1397	-0.0241	-0.0726	0.0143	
-32.3249	-49.5268	-20.0846	-0.7062	-0.8410	-0.4375	0.5566	0.8126	-0.0338	0.1685	-0.0237	-0.0730	0.0146	
-32.3919	-49.6144	-20.1298	-0.7061	-0.8411	-0.4376	0.5511	0.8086	-0.0676	0.1937	-0.0237	-0.0733	0.0145	
-32.4627	-49.6958	-20.1728	-0.7061	-0.8410	-0.4376	0.5447	0.8036	-0.1050	0.2151	-0.0241	-0.0735	0.0141	
-32.5340	-49.7819	-20.2150	-0.7061	-0.8411	-0.4375	0.5359	0.7999	-0.1355	0.2342	-0.0242	-0.0733	0.0141	
-32.6044	-49.8653	-20.2555	-0.7061	-0.8411	-0.4374	0.5282	0.7900	-0.1693	0.2605	-0.0240	-0.0737	0.0140	
-32.6736	-49.9481	-20.2984	-0.7061	-0.8410	-0.4374	0.5164	0.7817	-0.2035	0.2839	-0.0242	-0.0740	0.0141	
-32.7456	-50.0280	-20.3430	-0.7061	-0.8409	-0.4374	0.5067	0.7729	-0.2348	0.3013	-0.0244	-0.0738	0.0139	
-32.8155	-50.1136	-20.3879	-0.7061	-0.8409	-0.4374	0.4955	0.7619	-0.2654	0.3217	-0.0244	-0.0738	0.0138	
-32.8868	-50.1961	-20.4306	-0.7061	-0.8409	-0.4374	0.4848	0.7487	-0.2964	0.3414	-0.0245	-0.0739	0.0136	
-32.9559	-50.2806	-20.4775	-0.7061	-0.8409	-0.4375	0.4730	0.7353	-0.3256	0.3601	-0.0245	-0.0739	0.0134	
-33.0246	-50.3673	-20.5213	-0.7060	-0.8410	-0.4375	0.4617	0.7183	-0.3570	0.3785	-0.0246	-0.0741	0.0130	
-33.0932	-50.4495	-20.5674	-0.7059	-0.8409	-0.4376	0.4479	0.7038	-0.3836	0.3962	-0.0245	-0.0740	0.0130	
-33.1629	-50.5343	-20.6098	-0.7059	-0.8410	-0.4375	0.4356	0.6858	-0.4151	0.4095	-0.0250	-0.0739	0.0126	
-33.2340	-50.6173	-20.6555	-0.7059	-0.8409	-0.4376	0.4240	0.6672	-0.4423	0.4238	-0.0252	-0.0738	0.0121	
-33.3061	-50.7053	-20.7021	-0.7060	-0.8410	-0.4377	0.4116	0.6482	-0.4700	0.4355	-0.0255	-0.0736	0.0117	
-33.3784	-50.7888	-20.7458	-0.7060	-0.8410	-0.4377	0.3943	0.6275	-0.4974	0.4508	-0.0256	-0.0737	0.0117	
-33.4476	-50.8712	-20.7909	-0.7060	-0.8410	-0.4377	0.3788	0.6102	-0.5193	0.4637	-0.0255	-0.0734	0.0117	
-33.5201	-50.9513	-20.8366	-0.7061	-0.8408	-0.4378	0.3614	0.5911	-0.5430	0.4747	-0.0256	-0.0732	0.0118	
-33.5909	-51.0370	-20.8804	-0.7061	-0.8409	-0.4378	0.3420	0.5669	-0.5708	0.4854	-0.0261	-0.0733	0.0117	
-33.6646	-51.1176	-20.9244	-0.7062	-0.8408	-0.4378	0.3240	0.5459	-0.5925	0.4961	-0.0261	-0.0731	0.0117	
-33.7348	-51.1999	-20.9664	-0.7061	-0.8407	-0.4377	0.3029	0.5216	-0.6166	0.5059	-0.0263	-0.0731	0.0119	
-33.8063	-51.2819	-21.0080	-0.7062	-0.8407	-0.4377	0.2782	0.4989	-0.6379	0.5164	-0.0262	-0.0732	0.0124	
-33.8774	-51.3633	-21.0512	-0.7062	-0.8406	-0.4377	0.2551	0.4770	-0.6569	0.5254	-0.0260	-0.0730	0.0128	
-33.9500	-51.4480	-21.0945	-0.7063	-0.8406	-0.4376	0.2307	0.4526	-0.6759	0.5339	-0.0259	-0.0731	0.0132	
-34.0191	-51.5299	-21.1355	-0.7062	-0.8405	-0.4376	0.2084	0.4253	-0.6936	0.5428	-0.0259	-0.0731	0.0132	
-34.0887	-51.6123	-21.1807	-0.7062	-0.8405	-0.4376	0.1812	0.3976	-0.7094	0.5528	-0.0255	-0.0734	0.0136	
-34.1602	-51.6952	-21.2242	-0.7062	-0.8405	-0.4376	0.1597	0.3723	-0.7240	0.5585	-0.0254	-0.0733	0.0136	
-34.2283	-51.7788	-21.2688	-0.7061	-0.8404	-0.4376	0.1373	0.3436	-0.7391	0.5629	-0.0256	-0.0732	0.0136	
-34.2987	-51.8638	-21.3135	-0.7061	-0.8405	-0.4376	0.1134	0.3172	-0.7506	0.5686	-0.0253	-0.0732	0.0138	
-34.3673	-51.9490	-21.3601	-0.7061	-0.8405	-0.4377	0.0885	0.2890	-0.7627	0.5718	-0.0252	-0.0732	0.0140	
-34.4341	-52.0341	-21.3989	-0.7059	-0.8405	-0.4376	0.0629	0.2627	-0.7740	0.5727	-0.0251	-0.0730	0.0144	
-34.5081	-52.1174	-21.4449	-0.7060	-0.8405	-0.4376	0.0386	0.2325	-0.7846	0.5734	-0.0252	-0.0730	0.0145	
-34.5749	-52.2038	-21.4844	-0.7059	-0.8406	-0.4375	0.0134	0.2023	-0.7929	0.5746	-0.0251	-0.0731	0.0143	
-34.6439	-52.2877	-21.5279	-0.7059	-0.8406	-0.4375	0.0113	-0.1765	0.7984	-0.5758	-0.0246	-0.0729	0.0145	
-34.7177	-52.3731	-21.5712	-0.7060	-0.8406	-0.4375	0.0373	-0.1446	0.8009	-0.5797	-0.0242	-0.0732	0.0143	
-34.7897	-52.4511	-21.6147	-0.7060	-0.8404	-0.4375	0.0645	-0.1122	0.8038	-0.5805	-0.0238	-0.0735	0.0143	
-34.8587	-52.5350	-21.6601	-0.7060	-0.8404	-0.4375	0.0913	-0.0813	0.8041	-0.5817	-0.0234	-0.0738	0.0142	
-34.9304	-52.6193	-21.7069	-0.7060	-0.8404	-0.4376	0.1173	-0.0484	0.8060	-0.5779	-0.0234	-0.0739	0.0144	
-35.0016	-52.7009	-21.7539	-0.7060	-0.8404	-0.4377	0.1454	-0.0152	0.8057	-0.5737	-0.0232	-0.0742	0.0146	
-35.0732	-52.7866	-21.7956	-0.7061	-0.8404	-0.4377	0.1692	0.0177	0.8045	-0.5690	-0.0232	-0.0743	0.0146	
-35.1431	-52.8696	-21.8386	-0.7060	-0.8404	-0.4376	0.1903	0.0460	0.8035	-0.5625	-0.0232	-0.0740	0.0147	
-35.2149	-52.9526	-21.8803	-0.7061	-0.8404	-0.4376	0.2144	0.0785	0.8002	-0.5544	-0.0232	-0.0741	0.0148	
-35.2874	-53.0359	-21.9220	-0.7061	-0.8403	-0.4375	0.2355	0.1079	0.7953	-0.5483	-0.0231	-0.0740	0.0147	
