-0.0694	-9.5683	0.1077	0.0000	0.0000	0.0000	0.6021	-0.5597	-0.4469	-0.3529	0.0000	0.0000	0.0000	
-0.1618	-10.2863	0.0309	-0.0091	-0.0711	-0.0076	0.5913	-0.5226	-0.5203	-0.3372	0.0253	-0.0213	-0.0066	
-0.1891	-10.5505	0.0164	-0.0174	-0.1391	-0.0109	0.6307	-0.5062	-0.4990	-0.3184	0.0518	0.0518	0.0462	
-0.2260	-10.7075	0.0459	-0.0361	-0.2069	0.0027	0.6062	-0.5209	-0.5324	-0.3001	0.0378	0.0027	-0.0317	
-0.1871	-10.8243	0.0262	-0.0111	-0.2711	-0.0089	0.5809	-0.5219	-0.5636	-0.2691	0.0473	-0.0125	-0.0514	
-0.1627	-10.8700	-0.0003	0.0079	-0.2870	-0.0295	0.5737	-0.5006	-0.5849	-0.2877	0.0384	-0.0302	-0.0259	
-0.2828	-10.9382	0.0059	-0.1028	-0.3278	-0.0213	0.5294	-0.4757	-0.6498	-0.2676	0.0506	-0.0536	-0.0407	
-0.3273	-11.0839	0.0572	-0.1402	-0.4496	0.0304	0.4842	-0.4650	-0.6901	-0.2700	0.0444	-0.0656	-0.0456	
-0.3632	-11.1557	0.0911	-0.1633	-0.4792	0.0612	0.4600	-0.4708	-0.7131	-0.2448	0.0417	-0.0574	-0.0518	
-0.3887	-11.2112	0.0523	-0.1746	-0.4899	0.0207	0.4076	-0.4705	-0.7427	-0.2471	0.0341	-0.0657	-0.0541	
-0.4434	-11.2427	0.0535	-0.2121	-0.4717	0.0180	0.3962	-0.4732	-0.7565	-0.2235	0.0332	-0.0558	-0.0537	
-0.4677	-11.3073	-0.0258	-0.2156	-0.4920	-0.0589	0.3714	-0.4681	-0.7716	-0.2211	0.0301	-0.0552	-0.0499	
-0.5666	-11.2909	-0.0777	-0.2905	-0.4272	-0.1019	0.3348	-0.4703	-0.7905	-0.2046	0.0278	-0.0548	-0.0525	
-0.6493	-11.2821	-0.1104	-0.3403	-0.3771	-0.1223	0.2899	-0.4611	-0.8167	-0.1880	0.0281	-0.0575	-0.0550	
-0.7011	-11.3803	-0.0815	-0.3551	-0.4337	-0.0859	0.2596	-0.4478	-0.8361	-0.1831	0.0277	-0.0583	-0.0529	
-0.7383	-11.4711	-0.1856	-0.3567	-0.4748	-0.1647	0.2292	-0.4434	-0.8504	-0.1679	0.0270	-0.0570	-0.0529	
-0.8124	-11.5203	-0.1750	-0.3869	-0.4778	-0.1423	0.1915	-0.4258	-0.8689	-0.1643	0.0268	-0.0592	-0.0514	
-0.9047	-11.5480	-0.2315	-0.4262	-0.4645	-0.1756	0.1791	-0.4204	-0.8769	-0.1577	0.0256	-0.0559	-0.0485	
-0.9369	-11.5699	-0.2581	-0.4186	-0.4454	-0.1828	0.1461	-0.4085	-0.8895	-0.1435	0.0257	-0.0558	-0.0488	
-0.9861	-11.6472	-0.3146	-0.4235	-0.4686	-0.2101	0.1212	-0.4018	-0.8993	-0.1259	0.0255	-0.0539	-0.0489	
-1.1167	-11.6546	-0.2901	-0.4833	-0.4427	-0.1801	0.0877	-0.3888	-0.9093	-0.1199	0.0247	-0.0548	-0.0481	
-1.1591	-11.6896	-0.2875	-0.4805	-0.4367	-0.1679	0.0563	-0.3890	-0.9135	-0.1082	0.0228	-0.0539	-0.0486	
-1.2886	-11.7662	-0.3635	-0.5306	-0.4554	-0.2054	0.0202	-0.3896	-0.9146	-0.1112	0.0252	-0.0534	-0.0494	
-1.3238	-11.7697	-0.4143	-0.5191	-0.4300	-0.2243	0.0049	0.3787	0.9205	0.0995	0.0248	-0.0525	-0.0489	
-1.4243	-11.8276	-0.4409	-0.5467	-0.4400	-0.2256	0.0387	0.3616	0.9268	0.0946	0.0244	-0.0535	-0.0479	
-1.4736	-11.8131	-0.4887	-0.5438	-0.4073	-0.2402	0.0752	0.3471	0.9306	0.0876	0.0238	-0.0543	-0.0476	
-1.5862	-11.8712	-0.5050	-0.5742	-0.4185	-0.2340	0.1067	0.3274	0.9350	0.0866	0.0236	-0.0553	-0.0461	
-1.5820	-11.8815	-0.5526	-0.5415	-0.4019	-0.2459	0.1416	0.3074	0.9376	0.0787	0.0237	-0.0560	-0.0457	
-1.5975	-11.9134	-0.5698	-0.5222	-0.3979	-0.2416	0.1824	0.2905	0.9363	0.0726	0.0230	-0.0573	-0.0456	
-1.6648	-11.8955	-0.5906	-0.5289	-0.3704	-0.2387	0.2163	0.2671	0.9364	0.0705	0.0231	-0.0583	-0.0445	
-1.7254	-11.9443	-0.5725	-0.5316	-0.3779	-0.2156	0.2505	0.2462	0.9334	0.0759	0.0227	-0.0596	-0.0428	
-1.7727	-11.9531	-0.5709	-0.5283	-0.3657	-0.2031	0.2853	0.2247	0.9286	0.0772	0.0225	-0.0607	-0.0417	
-1.8688	-11.9891	-0.5675	-0.5471	-0.3666	-0.1896	0.3233	0.1943	0.9226	0.0794	0.0229	-0.0625	-0.0405	
-1.8996	-12.0028	-0.5729	-0.5361	-0.3576	-0.1816	0.3585	0.1700	0.9142	0.0818	0.0228	-0.0637	-0.0394	
-1.9163	-12.0338	-0.6031	-0.5195	-0.3566	-0.1845	0.3874	0.1476	0.9065	0.0818	0.0229	-0.0640	-0.0383	
-1.9707	-12.0462	-0.6274	-0.5199	-0.3479	-0.1846	0.4256	0.1159	0.8931	0.0852	0.0233	-0.0658	-0.0372	
-2.0322	-12.1088	-0.6083	-0.5229	-0.3606	-0.1668	0.4554	0.0962	0.8805	0.0921	0.0229	-0.0665	-0.0357	
-2.0684	-12.1195	-0.6651	-0.5156	-0.3518	-0.1806	0.4885	0.0694	0.8643	0.0968	0.0230	-0.0677	-0.0345	
-2.1256	-12.1494	-0.6803	-0.5169	-0.3509	-0.1777	0.5162	0.0479	0.8494	0.1009	0.0228	-0.0682	-0.0334	
-2.1609	-12.1932	-0.7140	-0.5098	-0.3552	-0.1809	0.5447	0.0214	0.8316	0.1066	0.0231	-0.0690	-0.0321	
-2.1837	-12.1959	-0.7287	-0.4985	-0.3447	-0.1770	0.5709	-0.0027	0.8129	0.1165	0.0232	-0.0697	-0.0305	
-2.1788	-12.2119	-0.7302	-0.4783	-0.3391	-0.1687	0.5956	-0.0256	0.7936	0.1234	0.0233	-0.0701	-0.0292	
-2.2818	-12.2441	-0.7310	-0.4963	-0.3397	-0.1594	0.6145	-0.0541	0.7763	0.1323	0.0242	-0.0703	-0.0275	
-2.3400	-12.2709	-0.7488	-0.4982	-0.3382	-0.1556	0.6332	-0.0869	0.7562	0.1416	0.0254	-0.0707	-0.0259	
-2.3956	-12.2569	-0.7631	-0.4995	-0.3229	-0.1514	0.6548	-0.1260	0.7302	0.1477	0.0269	-0.0716	-0.0246	
-2.4337	-12.2795	-0.7808	-0.4949	-0.3203	-0.1502	0.6743	-0.1515	0.7065	0.1532	0.0273	-0.0718	-0.0235	
-2.4694	-12.2928	-0.7796	-0.4900	-0.3148	-0.1406	0.6905	-0.1882	0.6795	0.1615	0.0289	-0.0723	-0.0221	
-2.4687	-12.2986	-0.7629	-0.4740	-0.3073	-0.1264	0.7029	-0.2208	0.6542	0.1723	0.0304	-0.0724	-0.0207	
-2.5195	-12.3073	-0.7623	-0.4745	-0.3011	-0.1201	0.7170	-0.2475	0.6267	0.1792	0.0310	-0.0725	-0.0196	
-2.5529	-12.3288	-0.7576	-0.4699	-0.2987	-0.1106	0.7251	-0.2809	0.6001	0.1888	0.0327	-0.0723	-0.0182	
-2.5853	-12.3544	-0.7544	-0.4651	-0.2977	-0.1025	0.7314	-0.3091	0.5748	0.1997	0.0339	-0.0720	-0.0169	
-2.6586	-12.3236	-0.7614	-0.4727	-0.2804	-0.0979	0.7375	-0.3459	0.5422	0.2059	0.0357	-0.0721	-0.0159	
-2.6970	-12.3460	-0.7558	-0.4702	-0.2786	-0.0898	0.7422	-0.3799	0.5096	0.2127	0.0374	-0.0720	-0.0150	
-2.7446	-12.3547	-0.7644	-0.4703	-0.2731	-0.0857	0.7428	-0.4132	0.4788	0.2203	0.0392	-0.0717	-0.0140	
-2.7881	-12.3422	-0.7782	-0.4693	-0.2620	-0.0830	0.7407	-0.4474	0.4466	0.2284	0.0411	-0.0713	-0.0131	
-2.8539	-12.3572	-0.7827	-0.4745	-0.2588	-0.0785	0.7375	-0.4783	0.4153	0.2352	0.0428	-0.0707	-0.0123	
-2.8914	-12.3538	-0.7872	-0.4726	-0.2506	-0.0736	0.7298	-0.5101	0.3872	0.2410	0.0446	-0.0697	-0.0118	
-2.9625	-12.3484	-0.7942	-0.4797	-0.2421	-0.0698	0.7200	-0.5416	0.3596	0.2447	0.0463	-0.0687	-0.0116	
-3.0468	-12.3310	-0.7942	-0.4903	-0.2308	-0.0640	0.7069	-0.5767	0.3282	0.2459	0.0484	-0.0678	-0.0116	
-3.1424	-12.3317	-0.8264	-0.5031	-0.2245	-0.0672	0.6941	-0.6083	0.2985	0.2445	0.0500	-0.0668	-0.0118	
-3.2258	-12.3031	-0.8355	-0.5127	-0.2113	-0.0646	0.6784	-0.6394	0.2681	0.2442	0.0517	-0.0658	-0.0121	
-3.3004	-12.2972	-0.8495	-0.5198	-0.2040	-0.0638	0.6634	-0.6680	0.2372	0.2408	0.0530	-0.0649	-0.0125	
-3.3888	-12.3107	-0.8764	-0.5298	-0.2016	-0.0659	0.6458	-0.6955	0.2078	0.2381	0.0543	-0.0639	-0.0129	
-3.4492	-12.2819	-0.8959	-0.5327	-0.1896	-0.0670	0.6296	-0.7193	0.1772	0.2353	0.0553	-0.0630	-0.0133	
-3.5266	-12.2832	-0.9274	-0.5399	-0.1847	-0.0705	0.6091	-0.7443	0.1509	0.2308	0.0563	-0.0618	-0.0140	
-3.5853	-12.2833	-0.9524	-0.5428	-0.1797	-0.0726	0.5881	-0.7683	0.1231	0.2224	0.0572	-0.0608	-0.0151	
-3.6658	-12.2765	-0.9642	-0.5508	-0.1732	-0.0714	0.5623	-0.7927	0.0978	0.2168	0.0582	-0.0595	-0.0162	
-3.7264	-12.2836	-0.9831	-0.5542	-0.1699	-0.0719	0.5349	-0.8167	0.0687	0.2068	0.0593	-0.0586	-0.0176	
-3.7744	-12.2956	-1.0515	-0.5545	-0.1679	-0.0835	0.5078	-0.8384	0.0459	0.1957	0.0599	-0.0573	-0.0190	
-3.8454	-12.3040	-1.1186	-0.5597	-0.1655	-0.0952	0.4830	-0.8572	0.0219	0.1801	0.0600	-0.0565	-0.0205	
-3.8903	-12.3317	-1.1698	-0.5596	-0.1668	-0.1025	0.4522	-0.8769	-0.0011	0.1659	0.0606	-0.0554	-0.0223	
-3.9735	-12.3400	-1.2175	-0.5674	-0.1641	-0.1091	0.4197	-0.8951	-0.0298	0.1487	0.0611	-0.0549	-0.0240	
-4.0281	-12.3583	-1.2565	-0.5691	-0.1639	-0.1144	0.3916	-0.9102	-0.0514	0.1287	0.0607	-0.0543	-0.0259	
-4.0996	-12.3672	-1.2891	-0.5739	-0.1618	-0.1182	0.3609	-0.9234	-0.0745	0.1112	0.0606	-0.0537	-0.0275	
-4.1443	-12.3671	-1.3383	-0.5733	-0.1578	-0.1252	0.3288	-0.9353	-0.0973	0.0908	0.0604	-0.0532	-0.0294	
-4.2022	-12.4127	-1.3615	-0.5754	-0.1632	-0.1272	0.2976	-0.9456	-0.1159	0.0691	0.0598	-0.0527	-0.0313	
-4.2590	-12.4264	-1.4006	-0.5774	-0.1621	-0.1323	0.2623	-0.9550	-0.1346	0.0440	0.0592	-0.0524	-0.0335	
-4.3054	-12.4568	-1.4275	-0.5769	-0.1645	-0.1351	0.2318	-0.9604	-0.1551	0.0180	0.0583	-0.0524	-0.0353	
-4.3379	-12.4864	-1.4813	-0.5738	-0.1667	-0.1431	0.1999	-0.9641	-0.1757	-0.0123	0.0572	-0.0527	-0.0372	
-4.3752	-12.5178	-1.5202	-0.5719	-0.1691	-0.1482	0.1659	-0.9668	-0.1916	-0.0417	0.0561	-0.0528	-0.0393	
-4.4171	-12.5628	-1.5572	-0.5704	-0.1741	-0.1527	0.1346	-0.9672	-0.2061	-0.0688	0.0548	-0.0527	-0.0410	
-4.4497	-12.6051	-1.5825	-0.5676	-0.1784	-0.1552	0.1009	-0.9653	-0.2205	-0.1002	0.0534	-0.0530	-0.0429	
-4.4986	-12.6410	-1.6008	-0.5677	-0.1815	-0.1563	0.0659	-0.9596	-0.2388	-0.1339	0.0521	-0.0538	-0.0448	
-4.5474	-12.6618	-1.6287	-0.5676	-0.1819	-0.1593	0.0327	-0.9548	-0.2484	-0.1626	0.0505	-0.0539	-0.0465	
-4.5875	-12.6561	-1.6454	-0.5636	-0.1778	-0.1589	-0.0002	-0.9479	-0.2591	-0.1876	0.0513	-0.0544	-0.0449	
-4.6353	-12.6793	-1.6629	-0.5632	-0.1790	-0.1602	0.0284	0.9370	0.2694	0.2221	0.0493	-0.0551	-0.0462	
-4.6763	-12.6938	-1.6648	-0.5614	-0.1786	-0.1588	0.0549	0.9257	0.2763	0.2546	0.0473	-0.0557	-0.0474	
-4.7180	-12.7270	-1.6763	-0.5596	-0.1814	-0.1587	0.0812	0.9118	0.2865	0.2839	0.0457	-0.0561	-0.0483	
-4.7534	-12.7475	-1.6822	-0.5569	-0.1819	-0.1579	0.1110	0.8947	0.2963	0.3157	0.0440	-0.0568	-0.0495	
-4.7959	-12.7800	-1.6898	-0.5552	-0.1845	-0.1574	0.1371	0.8758	0.3053	0.3483	0.0422	-0.0576	-0.0504	
-4.8377	-12.7963	-1.6809	-0.5534	-0.1845	-0.1542	0.1603	0.8567	0.3110	0.3798	0.0402	-0.0584	-0.0510	
-4.8806	-12.8204	-1.6736	-0.5517	-0.1857	-0.1512	0.1853	0.8334	0.3208	0.4104	0.0387	-0.0593	-0.0515	
-4.9443	-12.8382	-1.6837	-0.5531	-0.1859	-0.1509	0.2034	0.8116	0.3301	0.4377	0.0373	-0.0599	-0.0513	
-5.0118	-12.8913	-1.6850	-0.5552	-0.1916	-0.1492	0.2256	0.7856	0.3394	0.4658	0.0360	-0.0608	-0.0514	
-5.0605	-12.9419	-1.6618	-0.5541	-0.1969	-0.1436	0.2433	0.7575	0.3487	0.4956	0.0348	-0.0618	-0.0511	
-5.1249	-12.9777	-1.6564	-0.5554	-0.1997	-0.1409	0.2613	0.7306	0.3554	0.5216	0.0335	-0.0625	-0.0509	
-5.1733	-12.9929	-1.6567	-0.5542	-0.1993	-0.1391	0.2768	0.6994	0.3658	0.5482	0.0325	-0.0634	-0.0505	
-5.2526	-13.0368	-1.6609	-0.5576	-0.2032	-0.1377	0.2908	0.6716	0.3752	0.5694	0.0318	-0.0638	-0.0498	
-5.3140	-13.0660	-1.6654	-0.5582	-0.2047	-0.1364	0.3038	0.6404	0.3866	0.5903	0.0313	-0.0643	-0.0491	
-5.3876	-13.0958	-1.6655	-0.5605	-0.2063	-0.1343	0.3127	0.6099	0.3967	0.6112	0.0309	-0.0648	-0.0481	
-5.4638	-13.1404	-1.6804	-0.5632	-0.2101	-0.1345	0.3207	0.5768	0.4087	0.6308	0.0308	-0.0653	-0.0470	
-5.5234	-13.1863	-1.6960	-0.5634	-0.2139	-0.1347	0.3300	0.5395	0.4208	0.6504	0.0309	-0.0660	-0.0461	
-5.5969	-13.2241	-1.7071	-0.5655	-0.2163	-0.1341	0.3359	0.5104	0.4322	0.6639	0.0309	-0.0658	-0.0451	
-5.6654	-13.2508	-1.7274	-0.5669	-0.2171	-0.1348	0.3388	0.4772	0.4447	0.6785	0.0312	-0.0659	-0.0438	
-5.7416	-13.2992	-1.7500	-0.5692	-0.2210	-0.1358	0.3387	0.4424	0.4562	0.6944	0.0316	-0.0662	-0.0424	
-5.8129	-13.3422	-1.7696	-0.5710	-0.2240	-0.1364	0.3404	0.4070	0.4676	0.7073	0.0321	-0.0663	-0.0413	
-5.8808	-13.3784	-1.7856	-0.5722	-0.2259	-0.1362	0.3386	0.3724	0.4824	0.7175	0.0330	-0.0661	-0.0400	
-5.9660	-13.4237	-1.7980	-0.5759	-0.2290	-0.1355	0.3363	0.3340	0.4983	0.7263	0.0342	-0.0660	-0.0389	
-6.0247	-13.4672	-1.7997	-0.5758	-0.2318	-0.1334	0.3319	0.3000	0.5113	0.7344	0.0350	-0.0656	-0.0377	
-6.0974	-13.5049	-1.8080	-0.5778	-0.2336	-0.1321	0.3288	0.2666	0.5265	0.7379	0.0360	-0.0649	-0.0369	
-6.1647	-13.5533	-1.8185	-0.5791	-0.2367	-0.1311	0.3238	0.2362	0.5436	0.7383	0.0372	-0.0637	-0.0361	
-6.2366	-13.5836	-1.8251	-0.5810	-0.2375	-0.1296	0.3186	0.1989	0.5610	0.7381	0.0386	-0.0630	-0.0355	
-6.2966	-13.6277	-1.8415	-0.5812	-0.2400	-0.1296	0.3131	0.1641	0.5766	0.7371	0.0397	-0.0622	-0.0350	
-6.3721	-13.6740	-1.8587	-0.5837	-0.2427	-0.1295	0.3074	0.1298	0.5942	0.7324	0.0410	-0.0611	-0.0348	
-6.4334	-13.7251	-1.8754	-0.5842	-0.2460	-0.1295	0.3023	0.0944	0.6106	0.7263	0.0421	-0.0601	-0.0347	
-6.5026	-13.7692	-1.8826	-0.5860	-0.2482	-0.1282	0.2986	0.0624	0.6307	0.7143	0.0433	-0.0584	-0.0352	
-6.5695	-13.8118	-1.8940	-0.5874	-0.2503	-0.1275	0.2953	0.0284	0.6490	0.7011	0.0443	-0.0571	-0.0357	
-6.6354	-13.8459	-1.8975	-0.5886	-0.2512	-0.1259	0.2905	-0.0037	0.6654	0.6882	0.0451	-0.0557	-0.0361	
-6.7102	-13.8776	-1.9089	-0.5910	-0.2518	-0.1253	0.2877	-0.0360	0.6821	0.6719	0.0457	-0.0544	-0.0368	
-6.7762	-13.9061	-1.9142	-0.5923	-0.2521	-0.1241	0.2873	-0.0667	0.6967	0.6545	0.0459	-0.0531	-0.0377	
-6.8510	-13.9392	-1.9288	-0.5947	-0.2529	-0.1241	0.2848	-0.0979	0.7120	0.6349	0.0463	-0.0518	-0.0386	
-6.9127	-13.9894	-1.9243	-0.5954	-0.2557	-0.1217	0.2851	-0.1290	0.7278	0.6108	0.0465	-0.0504	-0.0401	
-6.9770	-14.0180	-1.9334	-0.5966	-0.2560	-0.1211	0.2892	-0.1571	0.7431	0.5834	0.0461	-0.0490	-0.0418	
-7.0511	-14.0493	-1.9370	-0.5988	-0.2565	-0.1199	0.2885	-0.1897	0.7564	0.5559	0.0463	-0.0479	-0.0433	
-7.1125	-14.0857	-1.9511	-0.5995	-0.2577	-0.1200	0.2915	-0.2148	0.7696	0.5269	0.0457	-0.0465	-0.0449	
-7.1849	-14.1093	-1.9624	-0.6015	-0.2573	-0.1198	0.2921	-0.2434	0.7833	0.4924	0.0454	-0.0453	-0.0469	
-7.2455	-14.1439	-1.9828	-0.6019	-0.2583	-0.1207	0.2928	-0.2664	0.7938	0.4628	0.0448	-0.0441	-0.0482	
-7.2984	-14.1706	-2.0090	-0.6016	-0.2584	-0.1223	0.2988	-0.2867	0.8052	0.4257	0.0436	-0.0428	-0.0503	
-7.3588	-14.2078	-2.0150	-0.6020	-0.2596	-0.1216	0.3039	-0.3075	0.8130	0.3911	0.0424	-0.0419	-0.0519	
-7.4254	-14.2390	-2.0231	-0.6032	-0.2602	-0.1212	0.3100	-0.3279	0.8204	0.3522	0.0410	-0.0410	-0.0539	
-7.4950	-14.2655	-2.0397	-0.6047	-0.2602	-0.1218	0.3163	-0.3459	0.8265	0.3130	0.0395	-0.0401	-0.0557	
-7.5602	-14.2880	-2.0634	-0.6057	-0.2599	-0.1232	0.3249	-0.3641	0.8302	0.2706	0.0378	-0.0395	-0.0577	
-7.6440	-14.3150	-2.0894	-0.6087	-0.2600	-0.1248	0.3339	-0.3822	0.8312	0.2277	0.0360	-0.0391	-0.0595	
-7.7021	-14.3418	-2.1060	-0.6088	-0.2601	-0.1254	0.3417	-0.3979	0.8314	0.1850	0.0343	-0.0387	-0.0612	
-7.7518	-14.3791	-2.1291	-0.6078	-0.2615	-0.1267	0.3524	-0.4098	0.8291	0.1459	0.0322	-0.0385	-0.0625	
-7.8203	-14.4131	-2.1538	-0.6089	-0.2624	-0.1282	0.3619	-0.4234	0.8243	0.1034	0.0302	-0.0384	-0.0639	
-7.8809	-14.4391	-2.1825	-0.6092	-0.2624	-0.1301	0.3706	-0.4324	0.8200	0.0626	0.0282	-0.0381	-0.0650	
-7.9457	-14.4736	-2.2117	-0.6098	-0.2634	-0.1321	0.3806	-0.4430	0.8117	0.0220	0.0262	-0.0382	-0.0660	
-8.0073	-14.5126	-2.2279	-0.6101	-0.2649	-0.1326	0.3896	-0.4496	0.8040	-0.0177	0.0240	-0.0382	-0.0668	
-8.0610	-14.5435	-2.2545	-0.6095	-0.2654	-0.1342	0.3977	-0.4544	0.7951	-0.0613	0.0219	-0.0381	-0.0679	
-8.1116	-14.5679	-2.2737	-0.6086	-0.2653	-0.1349	0.4097	-0.4579	0.7827	-0.1027	0.0195	-0.0384	-0.0687	
-8.1716	-14.6005	-2.3034	-0.6087	-0.2661	-0.1369	0.4246	-0.4603	0.7662	-0.1455	0.0169	-0.0391	-0.0694	
-8.2240	-14.6394	-2.3261	-0.6079	-0.2676	-0.1380	0.4389	-0.4624	0.7491	-0.1820	0.0146	-0.0398	-0.0696	
-8.2785	-14.6819	-2.3472	-0.6073	-0.2693	-0.1389	0.4485	-0.4642	0.7337	-0.2142	0.0128	-0.0401	-0.0694	
-8.3224	-14.7196	-2.3783	-0.6057	-0.2707	-0.1408	0.4631	-0.4626	0.7155	-0.2464	0.0106	-0.0408	-0.0690	
-8.3773	-14.7529	-2.3971	-0.6052	-0.2715	-0.1414	0.4765	-0.4640	0.6927	-0.2800	0.0087	-0.0418	-0.0688	
-8.4344	-14.7894	-2.4158	-0.6049	-0.2725	-0.1420	0.4865	-0.4653	0.6708	-0.3120	0.0071	-0.0425	-0.0684	
-8.4865	-14.8296	-2.4367	-0.6041	-0.2741	-0.1428	0.5017	-0.4621	0.6491	-0.3387	0.0053	-0.0434	-0.0675	
-8.5361	-14.8651	-2.4626	-0.6030	-0.2750	-0.1441	0.5129	-0.4613	0.6243	-0.3674	0.0038	-0.0443	-0.0669	
-8.5864	-14.9099	-2.4888	-0.6020	-0.2769	-0.1453	0.5276	-0.4622	0.5955	-0.3925	0.0027	-0.0457	-0.0658	
-8.6386	-14.9535	-2.5079	-0.6012	-0.2787	-0.1458	0.5416	-0.4664	0.5611	-0.4178	0.0019	-0.0473	-0.0649	
-8.6882	-15.0034	-2.5372	-0.6002	-0.2810	-0.1473	0.5518	-0.4696	0.5312	-0.4398	0.0014	-0.0484	-0.0638	
-8.7329	-15.0480	-2.5543	-0.5986	-0.2828	-0.1475	0.5637	-0.4700	0.5018	-0.4587	0.0008	-0.0494	-0.0625	
-8.7810	-15.0954	-2.5803	-0.5975	-0.2848	-0.1486	0.5762	-0.4673	0.4685	-0.4802	0.0000	-0.0508	-0.0614	
-8.8267	-15.1330	-2.6006	-0.5961	-0.2858	-0.1491	0.5879	-0.4680	0.4347	-0.4972	-0.0002	-0.0520	-0.0601	
-8.8663	-15.1864	-2.6046	-0.5942	-0.2883	-0.1480	0.5991	-0.4659	0.4014	-0.5135	-0.0005	-0.0532	-0.0588	
-8.9097	-15.2279	-2.6254	-0.5926	-0.2897	-0.1486	0.6080	-0.4653	0.3705	-0.5268	-0.0005	-0.0540	-0.0574	
-8.9607	-15.2735	-2.6397	-0.5918	-0.2914	-0.1485	0.6172	-0.4655	0.3337	-0.5400	-0.0003	-0.0552	-0.0562	
-9.0170	-15.3105	-2.6491	-0.5916	-0.2923	-0.1479	0.6282	-0.4668	0.3028	-0.5453	0.0003	-0.0559	-0.0544	
-9.0601	-15.3525	-2.6658	-0.5901	-0.2936	-0.1479	0.6389	-0.4684	0.2697	-0.5488	0.0012	-0.0567	-0.0526	
-9.0961	-15.3867	-2.6748	-0.5879	-0.2942	-0.1473	0.6479	-0.4687	0.2309	-0.5549	0.0019	-0.0578	-0.0512	
-9.1411	-15.4285	-2.6771	-0.5867	-0.2954	-0.1460	0.6543	-0.4715	0.1898	-0.5604	0.0030	-0.0588	-0.0501	
-9.1764	-15.4688	-2.6877	-0.5845	-0.2965	-0.1455	0.6601	-0.4728	0.1505	-0.5645	0.0040	-0.0596	-0.0489	
-9.2209	-15.5006	-2.6947	-0.5833	-0.2968	-0.1447	0.6672	-0.4727	0.1137	-0.5652	0.0051	-0.0603	-0.0476	
-9.2674	-15.5379	-2.7125	-0.5822	-0.2976	-0.1449	0.6722	-0.4747	0.0787	-0.5637	0.0063	-0.0606	-0.0463	
-9.3032	-15.5611	-2.7154	-0.5802	-0.2971	-0.1437	0.6746	-0.4786	0.0397	-0.5613	0.0078	-0.0610	-0.0453	
-9.3480	-15.5883	-2.7231	-0.5791	-0.2970	-0.1429	0.6754	-0.4831	0.0012	-0.5579	0.0093	-0.0612	-0.0445	
-9.3979	-15.6146	-2.7250	-0.5785	-0.2967	-0.1417	0.6738	-0.4879	-0.0364	-0.5544	0.0107	-0.0613	-0.0438	
-9.4418	-15.6360	-2.7292	-0.5773	-0.2961	-0.1406	0.6708	-0.4935	-0.0754	-0.5490	0.0123	-0.0613	-0.0433	
-9.4957	-15.6581	-2.7291	-0.5771	-0.2954	-0.1393	0.6676	-0.4975	-0.1126	-0.5430	0.0137	-0.0612	-0.0427	
-9.5393	-15.6816	-2.7306	-0.5759	-0.2950	-0.1380	0.6607	-0.5031	-0.1490	-0.5374	0.0150	-0.0608	-0.0425	
-9.5940	-15.7137	-2.7233	-0.5758	-0.2952	-0.1360	0.6515	-0.5116	-0.1835	-0.5300	0.0165	-0.0601	-0.0425	
-9.6454	-15.7319	-2.7192	-0.5754	-0.2943	-0.1344	0.6385	-0.5218	-0.2206	-0.5215	0.0179	-0.0594	-0.0428	
-9.6991	-15.7556	-2.7219	-0.5752	-0.2938	-0.1333	0.6239	-0.5306	-0.2546	-0.5148	0.0190	-0.0585	-0.0432	
-9.7472	-15.7787	-2.7265	-0.5745	-0.2933	-0.1325	0.6104	-0.5391	-0.2859	-0.5058	0.0201	-0.0576	-0.0435	
-9.8002	-15.7902	-2.7224	-0.5743	-0.2918	-0.1309	0.5940	-0.5490	-0.3169	-0.4960	0.0211	-0.0565	-0.0440	
-9.8616	-15.8074	-2.7314	-0.5748	-0.2909	-0.1305	0.5757	-0.5577	-0.3432	-0.4905	0.0214	-0.0553	-0.0445	
-9.9305	-15.8271	-2.7450	-0.5759	-0.2901	-0.1304	0.5544	-0.5685	-0.3701	-0.4829	0.0218	-0.0540	-0.0454	
-9.9827	-15.8427	-2.7499	-0.5756	-0.2890	-0.1297	0.5272	-0.5785	-0.4000	-0.4772	0.0220	-0.0529	-0.0466	
-10.0370	-15.8569	-2.7580	-0.5755	-0.2879	-0.1292	0.4997	-0.5917	-0.4236	-0.4707	0.0219	-0.0513	-0.0479	
-10.0922	-15.8740	-2.7644	-0.5755	-0.2869	-0.1287	0.4696	-0.5993	-0.4517	-0.4652	0.0218	-0.0504	-0.0492	
-10.1479	-15.8912	-2.7820	-0.5755	-0.2860	-0.1290	0.4392	-0.6090	-0.4754	-0.4589	0.0215	-0.0492	-0.0504	
-10.2088	-15.8965	-2.7911	-0.5759	-0.2842	-0.1287	0.4031	-0.6169	-0.5000	-0.4550	0.0208	-0.0483	-0.0520	
-10.2646	-15.9191	-2.7951	-0.5759	-0.2837	-0.1280	0.3671	-0.6255	-0.5191	-0.4527	0.0197	-0.0471	-0.0534	
-10.3239	-15.9319	-2.8089	-0.5762	-0.2825	-0.1281	0.3281	-0.6319	-0.5392	-0.4500	0.0186	-0.0463	-0.0549	
-10.3829	-15.9553	-2.8221	-0.5764	-0.2821	-0.1282	0.2870	-0.6343	-0.5590	-0.4502	0.0172	-0.0457	-0.0563	
-10.4430	-15.9666	-2.8383	-0.5768	-0.2808	-0.1284	0.2485	-0.6376	-0.5762	-0.4470	0.0160	-0.0451	-0.0575	
-10.4985	-15.9775	-2.8527	-0.5767	-0.2795	-0.1286	0.2099	-0.6420	-0.5882	-0.4453	0.0144	-0.0442	-0.0585	
-10.5573	-15.9945	-2.8802	-0.5769	-0.2787	-0.1298	0.1689	-0.6446	-0.6003	-0.4425	0.0128	-0.0435	-0.0597	
-10.6160	-16.0209	-2.8950	-0.5771	-0.2786	-0.1300	0.1288	-0.6440	-0.6116	-0.4414	0.0112	-0.0431	-0.0605	
-10.6762	-16.0407	-2.9166	-0.5774	-0.2781	-0.1307	0.0863	-0.6426	-0.6206	-0.4411	0.0093	-0.0427	-0.0614	
-10.7260	-16.0566	-2.9313	-0.5768	-0.2772	-0.1309	0.0429	-0.6397	-0.6267	-0.4432	0.0071	-0.0425	-0.0621	
-10.7972	-16.0623	-2.9645	-0.5779	-0.2755	-0.1324	0.0026	-0.6337	-0.6326	-0.4455	0.0085	-0.0428	-0.0617	
-10.8529	-16.0933	-2.9768	-0.5778	-0.2758	-0.1324	0.0396	0.6239	0.6377	0.4502	0.0063	-0.0431	-0.0620	
-10.9022	-16.1155	-2.9989	-0.5772	-0.2755	-0.1331	0.0809	0.6140	0.6416	0.4527	0.0043	-0.0433	-0.0623	
-10.9540	-16.1414	-3.0263	-0.5767	-0.2754	-0.1343	0.1215	0.6027	0.6430	0.4571	0.0022	-0.0436	-0.0623	
-11.0071	-16.1700	-3.0511	-0.5764	-0.2756	-0.1352	0.1611	0.5881	0.6447	0.4611	0.0004	-0.0442	-0.0621	
-11.0579	-16.1942	-3.0766	-0.5759	-0.2754	-0.1361	0.2015	0.5759	0.6422	0.4644	-0.0017	-0.0446	-0.0621	
-11.1133	-16.2226	-3.0931	-0.5758	-0.2756	-0.1364	0.2381	0.5592	0.6393	0.4716	-0.0037	-0.0453	-0.0615	
-11.1716	-16.2442	-3.1188	-0.5758	-0.2752	-0.1373	0.2707	0.5437	0.6362	0.4764	-0.0052	-0.0458	-0.0607	
-11.2164	-16.2617	-3.1419	-0.5749	-0.2746	-0.1381	0.3072	0.5242	0.6314	0.4822	-0.0070	-0.0468	-0.0600	
-11.2729	-16.2882	-3.1571	-0.5748	-0.2746	-0.1382	0.3358	0.5040	0.6271	0.4908	-0.0082	-0.0476	-0.0588	
-11.3215	-16.3171	-3.1759	-0.5741	-0.2747	-0.1386	0.3644	0.4835	0.6203	0.4996	-0.0095	-0.0486	-0.0575	
-11.3662	-16.3459	-3.1967	-0.5732	-0.2749	-0.1391	0.3992	0.4598	0.6119	0.5051	-0.0110	-0.0497	-0.0567	
-11.4092	-16.3641	-3.2165	-0.5721	-0.2744	-0.1395	0.4302	0.4342	0.6038	0.5121	-0.0121	-0.0510	-0.0555	
-11.4565	-16.3909	-3.2371	-0.5714	-0.2744	-0.1400	0.4537	0.4096	0.5959	0.5219	-0.0128	-0.0521	-0.0539	
-11.5100	-16.4159	-3.2591	-0.5711	-0.2743	-0.1406	0.4757	0.3833	0.5889	0.5301	-0.0132	-0.0532	-0.0523	
-11.5547	-16.4461	-3.2789	-0.5701	-0.2746	-0.1410	0.4981	0.3517	0.5819	0.5388	-0.0133	-0.0546	-0.0508	
-11.6068	-16.4710	-3.3033	-0.5698	-0.2745	-0.1417	0.5201	0.3254	0.5713	0.5461	-0.0138	-0.0557	-0.0493	
-11.6651	-16.4943	-3.3279	-0.5699	-0.2743	-0.1424	0.5405	0.2945	0.5615	0.5537	-0.0139	-0.0570	-0.0478	
-11.7152	-16.5256	-3.3397	-0.5693	-0.2746	-0.1422	0.5575	0.2622	0.5524	0.5624	-0.0136	-0.0583	-0.0461	
-11.7763	-16.5442	-3.3576	-0.5696	-0.2741	-0.1424	0.5741	0.2262	0.5421	0.5711	-0.0132	-0.0599	-0.0444	
-11.8304	-16.5663	-3.3726	-0.5694	-0.2738	-0.1424	0.5893	0.1942	0.5298	0.5790	-0.0130	-0.0611	-0.0428	
-11.8789	-16.5836	-3.3854	-0.5688	-0.2731	-0.1422	0.6020	0.1565	0.5193	0.5868	-0.0122	-0.0626	-0.0412	
-11.9311	-16.6095	-3.3947	-0.5684	-0.2731	-0.1418	0.6139	0.1233	0.5075	0.5926	-0.0117	-0.0635	-0.0398	
-11.9802	-16.6355	-3.4130	-0.5679	-0.2730	-0.1421	0.6264	0.0835	0.4967	0.5952	-0.0108	-0.0649	-0.0386	
-12.0375	-16.6543	-3.4302	-0.5679	-0.2725	-0.1422	0.6352	0.0411	0.4859	0.5995	-0.0095	-0.0663	-0.0373	
-12.0883	-16.6761	-3.4494	-0.5674	-0.2722	-0.1425	0.6391	0.0012	0.4749	0.6058	-0.0080	-0.0675	-0.0358	
-12.1449	-16.6956	-3.4660	-0.5674	-0.2717	-0.1426	0.6426	-0.0362	0.4634	0.6100	-0.0067	-0.0684	-0.0344	
-12.1997	-16.7094	-3.4854	-0.5673	-0.2709	-0.1428	0.6420	-0.0746	0.4517	0.6160	-0.0051	-0.0694	-0.0329	
-12.2595	-16.7273	-3.5034	-0.5675	-0.2703	-0.1430	0.6398	-0.1129	0.4426	0.6191	-0.0034	-0.0700	-0.0317	
-12.3155	-16.7479	-3.5233	-0.5674	-0.2699	-0.1433	0.6375	-0.1551	0.4325	0.6191	-0.0015	-0.0709	-0.0307	
-12.3742	-16.7752	-3.5447	-0.5675	-0.2699	-0.1437	0.6368	-0.1964	0.4205	0.6161	0.0000	-0.0716	-0.0300	
-12.4377	-16.7955	-3.5594	-0.5680	-0.2695	-0.1437	0.6355	-0.2355	0.4126	0.6091	0.0015	-0.0719	-0.0297	
-12.4981	-16.8202	-3.5809	-0.5682	-0.2693	-0.1441	0.6284	-0.2750	0.4026	0.6069	0.0034	-0.0723	-0.0289	
-12.5579	-16.8479	-3.6035	-0.5685	-0.2694	-0.1446	0.6241	-0.3135	0.3922	0.5991	0.0048	-0.0726	-0.0286	
-12.6142	-16.8754	-3.6223	-0.5684	-0.2694	-0.1448	0.6143	-0.3494	0.3864	0.5937	0.0066	-0.0725	-0.0282	
-12.6696	-16.9028	-3.6444	-0.5683	-0.2695	-0.1452	0.6071	-0.3880	0.3786	0.5813	0.0081	-0.0725	-0.0283	
-12.7289	-16.9276	-3.6556	-0.5685	-0.2693	-0.1450	0.5992	-0.4227	0.3699	0.5711	0.0094	-0.0724	-0.0282	
-12.7939	-16.9498	-3.6750	-0.5691	-0.2690	-0.1452	0.5879	-0.4620	0.3610	0.5577	0.0111	-0.0725	-0.0283	
-12.8602	-16.9745	-3.6934	-0.5697	-0.2689	-0.1454	0.5805	-0.4994	0.3518	0.5385	0.0121	-0.0726	-0.0287	
-12.9191	-17.0016	-3.7176	-0.5698	-0.2689	-0.1460	0.5672	-0.5316	0.3471	0.5256	0.0136	-0.0720	-0.0289	
-12.9750	-17.0258	-3.7370	-0.5698	-0.2687	-0.1463	0.5559	-0.5674	0.3395	0.5039	0.0146	-0.0719	-0.0296	
-13.0326	-17.0493	-3.7624	-0.5699	-0.2685	-0.1469	0.5439	-0.6018	0.3340	0.4804	0.0156	-0.0716	-0.0305	
-13.0892	-17.0784	-3.7824	-0.5698	-0.2686	-0.1472	0.5327	-0.6324	0.3273	0.4578	0.0163	-0.0712	-0.0312	
-13.1480	-17.1026	-3.8017	-0.5700	-0.2684	-0.1475	0.5213	-0.6630	0.3220	0.4303	0.0168	-0.0708	-0.0323	
-13.1992	-17.1360	-3.8157	-0.5696	-0.2688	-0.1474	0.5096	-0.6916	0.3171	0.4023	0.0171	-0.0704	-0.0334	
-13.2606	-17.1635	-3.8361	-0.5699	-0.2688	-0.1478	0.4985	-0.7185	0.3107	0.3726	0.0172	-0.0700	-0.0343	
-13.3131	-17.1922	-3.8526	-0.5697	-0.2689	-0.1478	0.4867	-0.7436	0.3036	0.3440	0.0173	-0.0696	-0.0352	
-13.3653	-17.2225	-3.8731	-0.5694	-0.2691	-0.1482	0.4742	-0.7669	0.3013	0.3109	0.0171	-0.0690	-0.0365	
-13.4236	-17.2591	-3.8871	-0.5695	-0.2697	-0.1481	0.4637	-0.7876	0.2949	0.2793	0.0168	-0.0686	-0.0374	
-13.4782	-17.2863	-3.9094	-0.5694	-0.2697	-0.1486	0.4508	-0.8075	0.2933	0.2431	0.0163	-0.0680	-0.0388	
-13.5393	-17.3172	-3.9241	-0.5697	-0.2699	-0.1486	0.4405	-0.8254	0.2886	0.2034	0.0153	-0.0677	-0.0401	
-13.5922	-17.3467	-3.9439	-0.5695	-0.2701	-0.1489	0.4274	-0.8414	0.2872	0.1653	0.0146	-0.0672	-0.0415	
-13.6532	-17.3811	-3.9578	-0.5697	-0.2705	-0.1489	0.4176	-0.8543	0.2827	0.1266	0.0134	-0.0668	-0.0425	
-13.7147	-17.4162	-3.9673	-0.5700	-0.2710	-0.1486	0.4107	-0.8641	0.2781	0.0873	0.0119	-0.0665	-0.0432	
-13.7703	-17.4513	-3.9890	-0.5700	-0.2715	-0.1490	0.4039	-0.8723	0.2725	0.0415	0.0101	-0.0665	-0.0442	
-13.8271	-17.4824	-3.9970	-0.5700	-0.2717	-0.1486	0.3970	-0.8789	0.2642	-0.0023	0.0085	-0.0666	-0.0449	
-13.8863	-17.5172	-4.0202	-0.5701	-0.2722	-0.1491	0.3912	-0.8832	0.2546	-0.0462	0.0068	-0.0668	-0.0453	
-13.9421	-17.5502	-4.0243	-0.5700	-0.2725	-0.1485	0.3822	-0.8862	0.2458	-0.0893	0.0053	-0.0669	-0.0459	
-14.0028	-17.5876	-4.0350	-0.5702	-0.2731	-0.1483	0.3775	-0.8859	0.2360	-0.1307	0.0036	-0.0671	-0.0460	
-14.0596	-17.6236	-4.0412	-0.5702	-0.2736	-0.1478	0.3727	-0.8834	0.2280	-0.1704	0.0020	-0.0670	-0.0459	
-14.1249	-17.6566	-4.0479	-0.5707	-0.2740	-0.1474	0.3688	-0.8792	0.2158	-0.2110	0.0004	-0.0674	-0.0456	
-14.1877	-17.6896	-4.0595	-0.5711	-0.2743	-0.1472	0.3640	-0.8740	0.2022	-0.2508	-0.0010	-0.0677	-0.0452	
-14.2497	-17.7278	-4.0667	-0.5713	-0.2749	-0.1468	0.3602	-0.8676	0.1891	-0.2866	-0.0022	-0.0679	-0.0446	
-14.3052	-17.7598	-4.0844	-0.5712	-0.2752	-0.1470	0.3541	-0.8591	0.1712	-0.3272	-0.0034	-0.0685	-0.0441	
-14.3664	-17.7892	-4.0971	-0.5714	-0.2753	-0.1469	0.3538	-0.8502	0.1549	-0.3587	-0.0042	-0.0688	-0.0428	
-14.4285	-17.8158	-4.1126	-0.5717	-0.2753	-0.1470	0.3558	-0.8376	0.1349	-0.3926	-0.0051	-0.0695	-0.0413	
-14.4865	-17.8527	-4.1246	-0.5717	-0.2759	-0.1468	0.3548	-0.8257	0.1138	-0.4242	-0.0056	-0.0700	-0.0399	
-14.5429	-17.8901	-4.1413	-0.5717	-0.2765	-0.1469	0.3570	-0.8113	0.0922	-0.4544	-0.0060	-0.0706	-0.0382	
-14.6004	-17.9248	-4.1511	-0.5717	-0.2769	-0.1467	0.3610	-0.7966	0.0661	-0.4813	-0.0059	-0.0714	-0.0362	
-14.6614	-17.9574	-4.1585	-0.5719	-0.2772	-0.1463	0.3628	-0.7799	0.0401	-0.5090	-0.0059	-0.0722	-0.0344	
-14.7189	-17.9901	-4.1735	-0.5718	-0.2775	-0.1463	0.3681	-0.7617	0.0140	-0.5339	-0.0056	-0.0729	-0.0323	
-14.7676	-18.0239	-4.1909	-0.5713	-0.2779	-0.1464	0.3732	-0.7424	-0.0176	-0.5569	-0.0048	-0.0739	-0.0301	
-14.8209	-18.0531	-4.2046	-0.5711	-0.2780	-0.1464	0.3803	-0.7214	-0.0455	-0.5778	-0.0042	-0.0746	-0.0278	
-14.8860	-18.0852	-4.2186	-0.5715	-0.2782	-0.1463	0.3850	-0.7017	-0.0700	-0.5963	-0.0035	-0.0749	-0.0259	
-14.9432	-18.1239	-4.2374	-0.5715	-0.2789	-0.1465	0.3920	-0.6777	-0.1015	-0.6145	-0.0024	-0.0758	-0.0236	
-15.0033	-18.1570	-4.2544	-0.5716	-0.2792	-0.1467	0.3971	-0.6547	-0.1346	-0.6296	-0.0009	-0.0765	-0.0216	
-15.0619	-18.1919	-4.2680	-0.5717	-0.2796	-0.1466	0.4013	-0.6316	-0.1687	-0.6422	0.0008	-0.0771	-0.0197	
-15.1157	-18.2224	-4.2882	-0.5715	-0.2798	-0.1469	0.4056	-0.6089	-0.2026	-0.6518	0.0026	-0.0774	-0.0179	
-15.1736	-18.2484	-4.3040	-0.5715	-0.2797	-0.1469	0.4082	-0.5855	-0.2340	-0.6608	0.0042	-0.0776	-0.0164	
-15.2337	-18.2762	-4.3173	-0.5716	-0.2797	-0.1468	0.4137	-0.5639	-0.2649	-0.6650	0.0062	-0.0774	-0.0147	
-15.2920	-18.3072	-4.3354	-0.5717	-0.2799	-0.1470	0.4177	-0.5412	-0.2981	-0.6671	0.0083	-0.0773	-0.0132	
-15.3503	-18.3422	-4.3469	-0.5717	-0.2803	-0.1468	0.4201	-0.5167	-0.3317	-0.6690	0.0105	-0.0773	-0.0119	
-15.4088	-18.3633	-4.3576	-0.5718	-0.2799	-0.1465	0.4261	-0.4910	-0.3618	-0.6691	0.0124	-0.0771	-0.0103	
-15.4662	-18.3955	-4.3684	-0.5718	-0.2802	-0.1463	0.4277	-0.4678	-0.3936	-0.6666	0.0146	-0.0767	-0.0093	
-15.5274	-18.4221	-4.3822	-0.5720	-0.2801	-0.1462	0.4305	-0.4457	-0.4234	-0.6620	0.0166	-0.0761	-0.0083	
-15.5862	-18.4541	-4.3939	-0.5721	-0.2803	-0.1460	0.4322	-0.4220	-0.4530	-0.6566	0.0186	-0.0755	-0.0075	
-15.6432	-18.4817	-4.4044	-0.5721	-0.2803	-0.1457	0.4334	-0.3957	-0.4850	-0.6491	0.0209	-0.0752	-0.0066	
-15.7009	-18.5052	-4.4135	-0.5721	-0.2801	-0.1454	0.4290	-0.3716	-0.5175	-0.6410	0.0230	-0.0747	-0.0064	
-15.7567	-18.5290	-4.4202	-0.5720	-0.2799	-0.1450	0.4224	-0.3502	-0.5501	-0.6303	0.0250	-0.0739	-0.0065	
-15.8110	-18.5545	-4.4322	-0.5719	-0.2797	-0.1448	0.4164	-0.3304	-0.5810	-0.6173	0.0270	-0.0730	-0.0068	
-15.8663	-18.5806	-4.4431	-0.5718	-0.2796	-0.1446	0.4059	-0.3097	-0.6113	-0.6053	0.0287	-0.0722	-0.0073	
-15.9246	-18.6037	-4.4532	-0.5719	-0.2794	-0.1443	0.3946	-0.2892	-0.6401	-0.5931	0.0301	-0.0715	-0.0078	
-15.9826	-18.6217	-4.4652	-0.5719	-0.2789	-0.1442	0.3867	-0.2674	-0.6686	-0.5769	0.0319	-0.0706	-0.0081	
-16.0390	-18.6453	-4.4771	-0.5719	-0.2787	-0.1440	0.3776	-0.2483	-0.6960	-0.5591	0.0335	-0.0696	-0.0087	
-16.1018	-18.6722	-4.4914	-0.5722	-0.2786	-0.1440	0.3657	-0.2334	-0.7219	-0.5403	0.0348	-0.0684	-0.0097	
-16.1682	-18.6894	-4.4976	-0.5727	-0.2781	-0.1435	0.3511	-0.2138	-0.7476	-0.5224	0.0360	-0.0676	-0.0106	
-16.2335	-18.7101	-4.5072	-0.5732	-0.2777	-0.1432	0.3364	-0.1971	-0.7727	-0.5019	0.0371	-0.0667	-0.0118	
-16.2939	-18.7333	-4.5177	-0.5733	-0.2775	-0.1430	0.3144	-0.1825	-0.7955	-0.4857	0.0374	-0.0659	-0.0133	
-16.3575	-18.7534	-4.5285	-0.5737	-0.2771	-0.1428	0.2914	-0.1641	-0.8194	-0.4661	0.0381	-0.0654	-0.0147	
-16.4212	-18.7803	-4.5423	-0.5740	-0.2771	-0.1428	0.2714	-0.1504	-0.8402	-0.4459	0.0385	-0.0645	-0.0162	
-16.4843	-18.7974	-4.5530	-0.5744	-0.2765	-0.1426	0.2466	-0.1398	-0.8600	-0.4255	0.0385	-0.0637	-0.0180	
-16.5484	-18.8169	-4.5697	-0.5747	-0.2761	-0.1427	0.2240	-0.1288	-0.8781	-0.4040	0.0386	-0.0628	-0.0195	
-16.6131	-18.8421	-4.5795	-0.5751	-0.2760	-0.1425	0.1927	-0.1168	-0.8965	-0.3823	0.0383	-0.0624	-0.0216	
-16.6797	-18.8632	-4.6018	-0.5756	-0.2757	-0.1429	0.1636	-0.1070	-0.9123	-0.3610	0.0380	-0.0619	-0.0234	
-16.7474	-18.8785	-4.6226	-0.5762	-0.2751	-0.1432	0.1340	-0.1002	-0.9263	-0.3392	0.0373	-0.0613	-0.0253	
-16.8091	-18.9031	-4.6381	-0.5764	-0.2750	-0.1433	0.0995	-0.0912	-0.9374	-0.3219	0.0362	-0.0611	-0.0270	
-16.8782	-18.9256	-4.6607	-0.5770	-0.2747	-0.1437	0.0677	-0.0817	-0.9478	-0.3018	0.0354	-0.0608	-0.0286	
-16.9423	-18.9462	-4.6838	-0.5773	-0.2744	-0.1441	0.0338	-0.0761	-0.9565	-0.2809	0.0343	-0.0605	-0.0304	
-17.0322	-18.9792	-4.6925	-0.5789	-0.2747	-0.1438	0.0013	-0.0736	-0.9631	-0.2609	0.0351	-0.0612	-0.0285	
-17.0989	-19.0041	-4.7156	-0.5794	-0.2745	-0.1443	0.0351	0.0666	0.9676	0.2424	0.0338	-0.0611	-0.0301	
-17.1633	-19.0302	-4.7357	-0.5797	-0.2745	-0.1446	0.0709	0.0528	0.9697	0.2278	0.0327	-0.0614	-0.0310	
-17.2251	-19.0543	-4.7543	-0.5799	-0.2743	-0.1448	0.1082	0.0434	0.9701	0.2136	0.0313	-0.0616	-0.0321	
-17.2894	-19.0785	-4.7805	-0.5803	-0.2742	-0.1454	0.1480	0.0328	0.9685	0.1979	0.0298	-0.0620	-0.0332	
-17.3498	-19.1069	-4.8037	-0.5804	-0.2742	-0.1458	0.1838	0.0212	0.9658	0.1821	0.0287	-0.0622	-0.0341	
-17.4085	-19.1362	-4.8244	-0.5804	-0.2744	-0.1461	0.2236	0.0101	0.9599	0.1688	0.0271	-0.0628	-0.0349	
-17.4688	-19.1677	-4.8429	-0.5806	-0.2746	-0.1463	0.2624	-0.0014	0.9520	0.1577	0.0256	-0.0633	-0.0353	
-17.5272	-19.1955	-4.8650	-0.5806	-0.2746	-0.1467	0.3007	-0.0157	0.9423	0.1460	0.0243	-0.0640	-0.0356	
-17.5878	-19.2271	-4.8925	-0.5807	-0.2748	-0.1473	0.3359	-0.0266	0.9319	0.1354	0.0230	-0.0644	-0.0358	
-17.6427	-19.2547	-4.9097	-0.5806	-0.2748	-0.1474	0.3680	-0.0393	0.9206	0.1256	0.0219	-0.0646	-0.0357	
-17.7006	-19.2877	-4.9311	-0.5806	-0.2751	-0.1478	0.3997	-0.0505	0.9077	0.1189	0.0207	-0.0649	-0.0353	
-17.7544	-19.3211	-4.9558	-0.5803	-0.2754	-0.1483	0.4281	-0.0623	0.8944	0.1166	0.0197	-0.0651	-0.0344	
-17.8085	-19.3550	-4.9744	-0.5802	-0.2757	-0.1484	0.4572	-0.0783	0.8789	0.1130	0.0190	-0.0655	-0.0336	
-17.8687	-19.3843	-4.9968	-0.5803	-0.2758	-0.1488	0.4892	-0.0923	0.8604	0.1099	0.0180	-0.0661	-0.0328	
-17.9253	-19.4169	-5.0185	-0.5802	-0.2761	-0.1491	0.5185	-0.1109	0.8410	0.1085	0.0175	-0.0667	-0.0317	
-17.9802	-19.4453	-5.0402	-0.5800	-0.2761	-0.1495	0.5450	-0.1327	0.8208	0.1088	0.0175	-0.0673	-0.0303	
-18.0360	-19.4787	-5.0629	-0.5799	-0.2764	-0.1498	0.5692	-0.1525	0.8006	0.1099	0.0175	-0.0676	-0.0289	
-18.0889	-19.5150	-5.0811	-0.5797	-0.2769	-0.1500	0.5935	-0.1777	0.7773	0.1105	0.0179	-0.0682	-0.0275	
-18.1463	-19.5473	-5.1014	-0.5796	-0.2771	-0.1502	0.6173	-0.2043	0.7515	0.1119	0.0185	-0.0688	-0.0260	
-18.1990	-19.5767	-5.1193	-0.5794	-0.2772	-0.1503	0.6378	-0.2284	0.7265	0.1165	0.0191	-0.0692	-0.0244	
-18.2536	-19.6009	-5.1377	-0.5792	-0.2770	-0.1505	0.6526	-0.2521	0.7041	0.1255	0.0201	-0.0692	-0.0224	
-18.3077	-19.6247	-5.1586	-0.5790	-0.2769	-0.1507	0.6683	-0.2798	0.6770	0.1309	0.0213	-0.0694	-0.0207	
-18.3595	-19.6528	-5.1817	-0.5788	-0.2769	-0.1511	0.6809	-0.3071	0.6503	0.1414	0.0228	-0.0694	-0.0187	
-18.4144	-19.6783	-5.1994	-0.5786	-0.2768	-0.1512	0.6913	-0.3351	0.6235	0.1470	0.0242	-0.0693	-0.0173	
-18.4749	-19.7039	-5.2155	-0.5787	-0.2768	-0.1512	0.7005	-0.3648	0.5944	0.1527	0.0258	-0.0692	-0.0158	
-18.5270	-19.7269	-5.2264	-0.5785	-0.2766	-0.1510	0.7083	-0.3910	0.5662	0.1595	0.0272	-0.0690	-0.0145	
-18.5839	-19.7526	-5.2423	-0.5784	-0.2765	-0.1510	0.7124	-0.4205	0.5367	0.1683	0.0292	-0.0686	-0.0130	
-18.6392	-19.7755	-5.2601	-0.5783	-0.2763	-0.1511	0.7133	-0.4494	0.5080	0.1790	0.0312	-0.0680	-0.0116	
-18.6957	-19.7952	-5.2761	-0.5782	-0.2759	-0.1511	0.7132	-0.4779	0.4780	0.1872	0.0332	-0.0674	-0.0104	
-18.7488	-19.8130	-5.2919	-0.5780	-0.2755	-0.1512	0.7102	-0.5061	0.4497	0.1954	0.0352	-0.0666	-0.0095	
-18.8090	-19.8388	-5.3126	-0.5781	-0.2754	-0.1514	0.7024	-0.5358	0.4238	0.2026	0.0373	-0.0654	-0.0088	
-18.8687	-19.8630	-5.3298	-0.5782	-0.2753	-0.1515	0.6959	-0.5647	0.3937	0.2057	0.0392	-0.0646	-0.0084	
-18.9242	-19.8830	-5.3475	-0.5781	-0.2750	-0.1515	0.6865	-0.5941	0.3647	0.2085	0.0412	-0.0636	-0.0083	
-18.9865	-19.9076	-5.3686	-0.5783	-0.2748	-0.1518	0.6758	-0.6241	0.3328	0.2085	0.0432	-0.0627	-0.0084	
-19.0474	-19.9323	-5.3914	-0.5785	-0.2747	-0.1521	0.6641	-0.6517	0.3014	0.2096	0.0450	-0.0618	-0.0084	
-19.1040	-19.9533	-5.4078	-0.5784	-0.2744	-0.1522	0.6511	-0.6769	0.2743	0.2081	0.0464	-0.0607	-0.0088	
-19.1599	-19.9743	-5.4272	-0.5783	-0.2742	-0.1523	0.6346	-0.7019	0.2509	0.2071	0.0477	-0.0592	-0.0093	
-19.2218	-19.9934	-5.4462	-0.5785	-0.2738	-0.1525	0.6159	-0.7271	0.2236	0.2072	0.0493	-0.0580	-0.0098	
-19.2816	-20.0102	-5.4659	-0.5786	-0.2733	-0.1526	0.5949	-0.7525	0.1952	0.2058	0.0510	-0.0568	-0.0105	
-19.3386	-20.0317	-5.4828	-0.5786	-0.2731	-0.1527	0.5748	-0.7752	0.1692	0.2020	0.0521	-0.0556	-0.0114	
-19.3958	-20.0548	-5.5051	-0.5786	-0.2729	-0.1530	0.5533	-0.7978	0.1400	0.1954	0.0533	-0.0547	-0.0124	
-19.4523	-20.0759	-5.5325	-0.5786	-0.2726	-0.1535	0.5298	-0.8197	0.1175	0.1863	0.0541	-0.0534	-0.0138	
-19.5137	-20.1041	-5.5524	-0.5787	-0.2727	-0.1537	0.5049	-0.8405	0.0962	0.1743	0.0546	-0.0523	-0.0155	
-19.5696	-20.1246	-5.5727	-0.5787	-0.2724	-0.1539	0.4796	-0.8601	0.0752	0.1600	0.0549	-0.0513	-0.0173	
-19.6264	-20.1502	-5.5960	-0.5786	-0.2723	-0.1542	0.4548	-0.8774	0.0528	0.1457	0.0551	-0.0505	-0.0189	
-19.6799	-20.1759	-5.6224	-0.5785	-0.2723	-0.1547	0.4277	-0.8939	0.0306	0.1336	0.0555	-0.0495	-0.0204	
-19.7389	-20.1998	-5.6460	-0.5785	-0.2721	-0.1551	0.3972	-0.9108	0.0094	0.1159	0.0556	-0.0488	-0.0225	
-19.7960	-20.2206	-5.6686	-0.5785	-0.2719	-0.1554	0.3660	-0.9258	-0.0089	0.0989	0.0556	-0.0480	-0.0245	
-19.8503	-20.2457	-5.6909	-0.5784	-0.2718	-0.1557	0.3350	-0.9389	-0.0265	0.0813	0.0555	-0.0472	-0.0265	
-19.9072	-20.2749	-5.7165	-0.5784	-0.2719	-0.1561	0.3033	-0.9501	-0.0456	0.0636	0.0554	-0.0465	-0.0283	
-19.9612	-20.3066	-5.7424	-0.5782	-0.2721	-0.1565	0.2721	-0.9595	-0.0659	0.0391	0.0549	-0.0464	-0.0304	
-20.0136	-20.3322	-5.7711	-0.5780	-0.2720	-0.1571	0.2376	-0.9680	-0.0836	0.0125	0.0543	-0.0462	-0.0328	
-20.0645	-20.3570	-5.7879	-0.5777	-0.2719	-0.1571	0.2061	-0.9730	-0.1043	-0.0154	0.0535	-0.0464	-0.0348	
-20.1180	-20.3849	-5.8067	-0.5776	-0.2719	-0.1573	0.1768	-0.9762	-0.1210	-0.0421	0.0525	-0.0465	-0.0365	
-20.1695	-20.4129	-5.8225	-0.5773	-0.2720	-0.1573	0.1459	-0.9781	-0.1339	-0.0699	0.0513	-0.0465	-0.0384	
-20.2155	-20.4418	-5.8432	-0.5768	-0.2720	-0.1575	0.1175	-0.9777	-0.1460	-0.0987	0.0499	-0.0467	-0.0401	
-20.2645	-20.4726	-5.8628	-0.5765	-0.2722	-0.1576	0.0893	-0.9739	-0.1643	-0.1294	0.0488	-0.0473	-0.0415	
-20.3177	-20.5017	-5.8803	-0.5763	-0.2723	-0.1577	0.0624	-0.9694	-0.1788	-0.1573	0.0475	-0.0476	-0.0427	
-20.3692	-20.5299	-5.8976	-0.5761	-0.2723	-0.1578	0.0328	-0.9630	-0.1905	-0.1889	0.0460	-0.0482	-0.0443	
-20.4328	-20.5522	-5.9261	-0.5763	-0.2721	-0.1583	0.0067	-0.9543	-0.2009	-0.2223	0.0473	-0.0478	-0.0428	
-20.4826	-20.5829	-5.9476	-0.5760	-0.2723	-0.1586	0.0233	0.9400	0.2213	0.2581	0.0461	-0.0490	-0.0443	
-20.5314	-20.6137	-5.9622	-0.5756	-0.2724	-0.1585	0.0511	0.9260	0.2341	0.2921	0.0445	-0.0500	-0.0456	
-20.5845	-20.6389	-5.9736	-0.5755	-0.2723	-0.1583	0.0728	0.9136	0.2427	0.3193	0.0429	-0.0503	-0.0464	
-20.6370	-20.6669	-5.9863	-0.5753	-0.2724	-0.1582	0.0946	0.8962	0.2539	0.3518	0.0412	-0.0513	-0.0470	
-20.6906	-20.6959	-6.0045	-0.5751	-0.2725	-0.1583	0.1138	0.8779	0.2656	0.3822	0.0398	-0.0522	-0.0474	
-20.7438	-20.7212	-6.0196	-0.5749	-0.2724	-0.1583	0.1320	0.8574	0.2772	0.4133	0.0383	-0.0532	-0.0476	
-20.7966	-20.7513	-6.0322	-0.5747	-0.2725	-0.1582	0.1531	0.8339	0.2893	0.4443	0.0369	-0.0543	-0.0480	
-20.8523	-20.7764	-6.0450	-0.5747	-0.2724	-0.1581	0.1660	0.8108	0.3033	0.4727	0.0358	-0.0553	-0.0476	
-20.9079	-20.8066	-6.0640	-0.5746	-0.2726	-0.1582	0.1819	0.7853	0.3195	0.4981	0.0351	-0.0561	-0.0473	
-20.9660	-20.8357	-6.0765	-0.5746	-0.2726	-0.1581	0.1963	0.7572	0.3340	0.5259	0.0342	-0.0572	-0.0470	
-21.0259	-20.8648	-6.0883	-0.5747	-0.2727	-0.1579	0.2117	0.7289	0.3462	0.5515	0.0333	-0.0581	-0.0467	
-21.0876	-20.8966	-6.0993	-0.5749	-0.2729	-0.1577	0.2222	0.7008	0.3630	0.5725	0.0330	-0.0587	-0.0460	
-21.1475	-20.9278	-6.1178	-0.5750	-0.2731	-0.1579	0.2349	0.6708	0.3769	0.5940	0.0325	-0.0594	-0.0455	
-21.2070	-20.9563	-6.1265	-0.5750	-0.2731	-0.1576	0.2422	0.6400	0.3932	0.6142	0.0323	-0.0601	-0.0445	
-21.2691	-20.9876	-6.1434	-0.5752	-0.2733	-0.1576	0.2450	0.6086	0.4117	0.6328	0.0327	-0.0606	-0.0432	
-21.3293	-21.0132	-6.1577	-0.5753	-0.2732	-0.1576	0.2487	0.5765	0.4260	0.6517	0.0326	-0.0612	-0.0420	
-21.3909	-21.0480	-6.1730	-0.5755	-0.2735	-0.1575	0.2523	0.5422	0.4416	0.6690	0.0328	-0.0618	-0.0409	
-21.4512	-21.0794	-6.1884	-0.5756	-0.2737	-0.1575	0.2514	0.5089	0.4570	0.6852	0.0332	-0.0622	-0.0395	
-21.5080	-21.1079	-6.2018	-0.5756	-0.2737	-0.1574	0.2501	0.4715	0.4755	0.6994	0.0340	-0.0627	-0.0382	
-21.5710	-21.1373	-6.2212	-0.5758	-0.2738	-0.1576	0.2495	0.4360	0.4934	0.7103	0.0348	-0.0629	-0.0371	
-21.6334	-21.1695	-6.2378	-0.5759	-0.2740	-0.1576	0.2474	0.4004	0.5108	0.7197	0.0357	-0.0629	-0.0359	
-21.6936	-21.1963	-6.2550	-0.5760	-0.2739	-0.1576	0.2441	0.3683	0.5309	0.7237	0.0369	-0.0623	-0.0349	
-21.7566	-21.2287	-6.2706	-0.5763	-0.2741	-0.1576	0.2430	0.3327	0.5465	0.7294	0.0376	-0.0621	-0.0341	
-21.8176	-21.2598	-6.2898	-0.5764	-0.2743	-0.1578	0.2433	0.2997	0.5632	0.7310	0.0383	-0.0615	-0.0335	
-21.8784	-21.2889	-6.3066	-0.5765	-0.2743	-0.1578	0.2405	0.2636	0.5824	0.7307	0.0396	-0.0609	-0.0329	
-21.9364	-21.3192	-6.3191	-0.5765	-0.2744	-0.1577	0.2409	0.2281	0.6002	0.7280	0.0405	-0.0603	-0.0327	
-21.9944	-21.3507	-6.3351	-0.5765	-0.2746	-0.1577	0.2359	0.1885	0.6196	0.7246	0.0420	-0.0597	-0.0323	
-22.0526	-21.3816	-6.3488	-0.5766	-0.2747	-0.1576	0.2346	0.1554	0.6384	0.7168	0.0430	-0.0586	-0.0323	
-22.1119	-21.4173	-6.3679	-0.5766	-0.2750	-0.1577	0.2312	0.1246	0.6567	0.7075	0.0439	-0.0573	-0.0323	
-22.1678	-21.4486	-6.3828	-0.5766	-0.2752	-0.1576	0.2278	0.0898	0.6739	0.6974	0.0450	-0.0563	-0.0324	
-22.2231	-21.4819	-6.3974	-0.5765	-0.2754	-0.1576	0.2263	0.0580	0.6926	0.6830	0.0458	-0.0550	-0.0330	
-22.2834	-21.5159	-6.4148	-0.5766	-0.2756	-0.1576	0.2291	0.0242	0.7125	0.6631	0.0466	-0.0536	-0.0342	
-22.3381	-21.5503	-6.4318	-0.5765	-0.2759	-0.1577	0.2272	-0.0072	0.7286	0.6466	0.0472	-0.0524	-0.0348	
-22.3971	-21.5832	-6.4453	-0.5765	-0.2761	-0.1576	0.2264	-0.0374	0.7449	0.6270	0.0477	-0.0511	-0.0357	
-22.4557	-21.6162	-6.4609	-0.5766	-0.2763	-0.1576	0.2298	-0.0632	0.7622	0.6028	0.0477	-0.0494	-0.0371	
-22.5166	-21.6427	-6.4753	-0.5767	-0.2762	-0.1575	0.2312	-0.0913	0.7783	0.5773	0.0479	-0.0480	-0.0385	
-22.5749	-21.6709	-6.4888	-0.5768	-0.2762	-0.1574	0.2333	-0.1176	0.7932	0.5508	0.0478	-0.0466	-0.0399	
-22.6325	-21.7005	-6.5024	-0.5768	-0.2763	-0.1574	0.2397	-0.1437	0.8073	0.5205	0.0474	-0.0454	-0.0417	
-22.6892	-21.7314	-6.5168	-0.5767	-0.2764	-0.1573	0.2443	-0.1694	0.8196	0.4905	0.0469	-0.0442	-0.0433	
-22.7470	-21.7617	-6.5305	-0.5768	-0.2765	-0.1572	0.2487	-0.1927	0.8321	0.4577	0.0464	-0.0429	-0.0451	
-22.8037	-21.7880	-6.5441	-0.5767	-0.2765	-0.1571	0.2578	-0.2151	0.8432	0.4208	0.0454	-0.0418	-0.0473	
-22.8649	-21.8126	-6.5578	-0.5769	-0.2763	-0.1571	0.2643	-0.2356	0.8531	0.3843	0.0444	-0.0407	-0.0493	
-22.9214	-21.8429	-6.5726	-0.5769	-0.2764	-0.1570	0.2770	-0.2549	0.8608	0.3436	0.0429	-0.0399	-0.0516	
-22.9768	-21.8726	-6.5894	-0.5768	-0.2765	-0.1571	0.2894	-0.2740	0.8649	0.3063	0.0413	-0.0393	-0.0535	
-23.0359	-21.8993	-6.6097	-0.5769	-0.2765	-0.1572	0.3014	-0.2924	0.8682	0.2653	0.0397	-0.0388	-0.0555	
-23.0962	-21.9286	-6.6239	-0.5770	-0.2765	-0.1572	0.3134	-0.3063	0.8711	0.2234	0.0379	-0.0382	-0.0575	
-23.1536	-21.9610	-6.6426	-0.5770	-0.2767	-0.1573	0.3267	-0.3188	0.8709	0.1845	0.0359	-0.0378	-0.0591	
-23.2122	-21.9849	-6.6610	-0.5770	-0.2766	-0.1574	0.3370	-0.3337	0.8692	0.1408	0.0342	-0.0374	-0.0609	
-23.2704	-22.0149	-6.6821	-0.5770	-0.2767	-0.1576	0.3480	-0.3466	0.8651	0.1047	0.0325	-0.0372	-0.0619	
-23.3270	-22.0464	-6.7038	-0.5770	-0.2768	-0.1578	0.3622	-0.3545	0.8601	0.0654	0.0302	-0.0371	-0.0631	
-23.3854	-22.0733	-6.7234	-0.5770	-0.2768	-0.1580	0.3747	-0.3658	0.8518	0.0289	0.0284	-0.0372	-0.0640	
-23.4425	-22.1060	-6.7411	-0.5770	-0.2770	-0.1581	0.3907	-0.3766	0.8402	-0.0071	0.0263	-0.0376	-0.0647	
-23.4981	-22.1361	-6.7583	-0.5770	-0.2771	-0.1581	0.4041	-0.3864	0.8281	-0.0450	0.0244	-0.0379	-0.0655	
-23.5543	-22.1670	-6.7743	-0.5769	-0.2772	-0.1581	0.4164	-0.3954	0.8148	-0.0820	0.0226	-0.0382	-0.0661	
-23.6123	-22.1953	-6.7932	-0.5769	-0.2772	-0.1582	0.4325	-0.3988	0.8002	-0.1193	0.0202	-0.0387	-0.0667	
-23.6697	-22.2269	-6.8115	-0.5769	-0.2773	-0.1583	0.4506	-0.4041	0.7801	-0.1592	0.0178	-0.0397	-0.0675	
-23.7242	-22.2600	-6.8317	-0.5768	-0.2775	-0.1585	0.4649	-0.4054	0.7638	-0.1921	0.0157	-0.0402	-0.0676	
-23.7808	-22.2901	-6.8478	-0.5768	-0.2776	-0.1585	0.4811	-0.4070	0.7450	-0.2210	0.0137	-0.0409	-0.0672	
-23.8385	-22.3222	-6.8647	-0.5768	-0.2778	-0.1586	0.4975	-0.4125	0.7205	-0.2520	0.0120	-0.0420	-0.0670	
-23.9002	-22.3554	-6.8818	-0.5769	-0.2780	-0.1586	0.5099	-0.4161	0.6980	-0.2830	0.0104	-0.0427	-0.0669	
-23.9550	-22.3898	-6.9017	-0.5768	-0.2782	-0.1588	0.5238	-0.4186	0.6733	-0.3123	0.0088	-0.0436	-0.0665	
-24.0103	-22.4220	-6.9174	-0.5767	-0.2784	-0.1588	0.5376	-0.4205	0.6474	-0.3398	0.0073	-0.0446	-0.0660	
-24.0644	-22.4532	-6.9322	-0.5766	-0.2785	-0.1587	0.5526	-0.4235	0.6199	-0.3630	0.0062	-0.0457	-0.0651	
-24.1206	-22.4869	-6.9506	-0.5766	-0.2787	-0.1588	0.5684	-0.4268	0.5893	-0.3850	0.0052	-0.0471	-0.0641	
-24.1763	-22.5184	-6.9658	-0.5765	-0.2789	-0.1588	0.5820	-0.4264	0.5612	-0.4066	0.0040	-0.0481	-0.0632	
-24.2335	-22.5536	-6.9843	-0.5765	-0.2791	-0.1589	0.5948	-0.4285	0.5289	-0.4281	0.0032	-0.0493	-0.0623	
-24.2907	-22.5845	-7.0021	-0.5765	-0.2792	-0.1589	0.6085	-0.4298	0.4975	-0.4453	0.0026	-0.0505	-0.0611	
-24.3449	-22.6180	-7.0202	-0.5763	-0.2794	-0.1590	0.6227	-0.4310	0.4632	-0.4611	0.0021	-0.0519	-0.0598	
-24.3948	-22.6504	-7.0400	-0.5761	-0.2796	-0.1592	0.6355	-0.4325	0.4293	-0.4750	0.0019	-0.0531	-0.0585	
-24.4473	-22.6811	-7.0527	-0.5759	-0.2797	-0.1590	0.6486	-0.4374	0.3932	-0.4840	0.0023	-0.0543	-0.0569	
-24.5005	-22.7095	-7.0680	-0.5757	-0.2797	-0.1590	0.6578	-0.4418	0.3584	-0.4944	0.0026	-0.0552	-0.0557	
-24.5575	-22.7418	-7.0820	-0.5757	-0.2799	-0.1589	0.6667	-0.4465	0.3235	-0.5023	0.0031	-0.0561	-0.0543	
-24.6148	-22.7778	-7.0974	-0.5757	-0.2802	-0.1589	0.6737	-0.4535	0.2878	-0.5084	0.0040	-0.0568	-0.0531	
-24.6653	-22.8104	-7.1152	-0.5755	-0.2803	-0.1590	0.6812	-0.4592	0.2456	-0.5148	0.0049	-0.0580	-0.0520	
-24.7187	-22.8426	-7.1305	-0.5753	-0.2805	-0.1590	0.6884	-0.4629	0.2090	-0.5186	0.0057	-0.0587	-0.0507	
-24.7779	-22.8725	-7.1463	-0.5754	-0.2805	-0.1590	0.6923	-0.4691	0.1708	-0.5216	0.0067	-0.0593	-0.0496	
-24.8319	-22.9004	-7.1555	-0.5753	-0.2805	-0.1587	0.6963	-0.4758	0.1346	-0.5212	0.0080	-0.0597	-0.0485	
-24.8825	-22.9322	-7.1694	-0.5750	-0.2807	-0.1586	0.6997	-0.4817	0.0961	-0.5195	0.0093	-0.0602	-0.0474	
-24.9359	-22.9614	-7.1811	-0.5749	-0.2807	-0.1585	0.7031	-0.4886	0.0635	-0.5141	0.0107	-0.0601	-0.0461	
-24.9873	-22.9882	-7.1912	-0.5747	-0.2807	-0.1583	0.7009	-0.4983	0.0303	-0.5104	0.0122	-0.0597	-0.0454	
-25.0404	-23.0133	-7.2036	-0.5745	-0.2806	-0.1582	0.7011	-0.5039	-0.0055	-0.5053	0.0135	-0.0598	-0.0445	
-25.0942	-23.0430	-7.2162	-0.5744	-0.2806	-0.1580	0.6989	-0.5121	-0.0412	-0.4985	0.0151	-0.0596	-0.0438	
-25.1475	-23.0731	-7.2302	-0.5743	-0.2807	-0.1580	0.6907	-0.5216	-0.0781	-0.4951	0.0164	-0.0593	-0.0437	
-25.2023	-23.1034	-7.2437	-0.5742	-0.2808	-0.1579	0.6817	-0.5330	-0.1137	-0.4888	0.0179	-0.0587	-0.0437	
-25.2583	-23.1300	-7.2548	-0.5742	-0.2807	-0.1577	0.6701	-0.5451	-0.1483	-0.4821	0.0193	-0.0579	-0.0438	
-25.3150	-23.1539	-7.2675	-0.5741	-0.2806	-0.1576	0.6604	-0.5527	-0.1828	-0.4749	0.0205	-0.0575	-0.0436	
-25.3728	-23.1831	-7.2809	-0.5742	-0.2806	-0.1575	0.6470	-0.5612	-0.2164	-0.4691	0.0215	-0.0569	-0.0438	
-25.4288	-23.2110	-7.2906	-0.5741	-0.2806	-0.1573	0.6312	-0.5720	-0.2465	-0.4630	0.0223	-0.0558	-0.0442	
-25.4838	-23.2374	-7.3036	-0.5740	-0.2806	-0.1572	0.6125	-0.5834	-0.2758	-0.4572	0.0230	-0.0547	-0.0448	
-25.5398	-23.2641	-7.3152	-0.5740	-0.2805	-0.1571	0.5910	-0.5927	-0.3074	-0.4529	0.0234	-0.0538	-0.0456	
-25.5961	-23.2912	-7.3256	-0.5740	-0.2805	-0.1569	0.5695	-0.6037	-0.3368	-0.4454	0.0241	-0.0527	-0.0464	
-25.6515	-23.3151	-7.3396	-0.5739	-0.2804	-0.1568	0.5429	-0.6150	-0.3653	-0.4404	0.0243	-0.0516	-0.0475	
-25.7078	-23.3425	-7.3478	-0.5739	-0.2803	-0.1566	0.5131	-0.6258	-0.3912	-0.4386	0.0239	-0.0504	-0.0489	
-25.7651	-23.3651	-7.3623	-0.5739	-0.2802	-0.1566	0.4805	-0.6381	-0.4153	-0.4358	0.0235	-0.0491	-0.0504	
-25.8225	-23.3901	-7.3752	-0.5739	-0.2801	-0.1565	0.4524	-0.6462	-0.4385	-0.4312	0.0232	-0.0480	-0.0513	
-25.8780	-23.4163	-7.3896	-0.5738	-0.2800	-0.1564	0.4172	-0.6543	-0.4601	-0.4318	0.0222	-0.0470	-0.0528	
-25.9345	-23.4416	-7.4023	-0.5738	-0.2799	-0.1563	0.3791	-0.6608	-0.4847	-0.4297	0.0215	-0.0463	-0.0543	
-25.9886	-23.4642	-7.4153	-0.5737	-0.2797	-0.1562	0.3402	-0.6688	-0.5037	-0.4283	0.0203	-0.0453	-0.0558	
-26.0475	-23.4885	-7.4313	-0.5738	-0.2796	-0.1562	0.3001	-0.6728	-0.5231	-0.4287	0.0190	-0.0446	-0.0572	
-26.0993	-23.5157	-7.4470	-0.5736	-0.2796	-0.1563	0.2611	-0.6766	-0.5402	-0.4271	0.0178	-0.0439	-0.0584	
-26.1585	-23.5431	-7.4622	-0.5737	-0.2796	-0.1562	0.2213	-0.6803	-0.5525	-0.4283	0.0161	-0.0431	-0.0596	
-26.2178	-23.5688	-7.4777	-0.5737	-0.2795	-0.1562	0.1780	-0.6819	-0.5639	-0.4308	0.0141	-0.0425	-0.0608	
-26.2729	-23.5940	-7.4904	-0.5737	-0.2794	-0.1561	0.1359	-0.6810	-0.5772	-0.4298	0.0127	-0.0421	-0.0619	
-26.3258	-23.6215	-7.5056	-0.5735	-0.2794	-0.1561	0.0924	-0.6820	-0.5842	-0.4306	0.0106	-0.0415	-0.0630	
-26.3814	-23.6452	-7.5219	-0.5735	-0.2793	-0.1562	0.0488	-0.6778	-0.5915	-0.4342	0.0085	-0.0414	-0.0637	
-26.4454	-23.6664	-7.5432	-0.5737	-0.2791	-0.1563	0.0089	-0.6729	-0.5973	-0.4366	0.0098	-0.0418	-0.0632	
-26.4962	-23.6927	-7.5583	-0.5735	-0.2790	-0.1563	0.0313	0.6640	0.6024	0.4421	0.0077	-0.0419	-0.0635	
-26.5501	-23.7169	-7.5739	-0.5734	-0.2789	-0.1563	0.0703	0.6545	0.6050	0.4484	0.0055	-0.0421	-0.0636	
-26.6036	-23.7462	-7.5904	-0.5733	-0.2790	-0.1564	0.1110	0.6416	0.6081	0.4544	0.0034	-0.0425	-0.0637	
-26.6574	-23.7770	-7.6078	-0.5732	-0.2790	-0.1564	0.1503	0.6257	0.6127	0.4589	0.0018	-0.0431	-0.0636	
-26.7110	-23.8069	-7.6250	-0.5730	-0.2791	-0.1565	0.1882	0.6095	0.6134	0.4659	-0.0002	-0.0438	-0.0633	
-26.7678	-23.8353	-7.6412	-0.5730	-0.2791	-0.1565	0.2284	0.5885	0.6135	0.4747	-0.0021	-0.0449	-0.0629	
-26.8237	-23.8637	-7.6585	-0.5730	-0.2792	-0.1566	0.2672	0.5669	0.6121	0.4825	-0.0040	-0.0460	-0.0624	
-26.8787	-23.8894	-7.6788	-0.5729	-0.2791	-0.1567	0.3051	0.5465	0.6074	0.4896	-0.0059	-0.0470	-0.0619	
-26.9302	-23.9164	-7.6955	-0.5727	-0.2791	-0.1567	0.3411	0.5261	0.6010	0.4961	-0.0077	-0.0478	-0.0613	
-26.9851	-23.9436	-7.7122	-0.5726	-0.2791	-0.1568	0.3765	0.5005	0.5956	0.5033	-0.0093	-0.0491	-0.0605	
-27.0364	-23.9712	-7.7271	-0.5724	-0.2791	-0.1567	0.4060	0.4750	0.5929	0.5084	-0.0101	-0.0501	-0.0595	
-27.0916	-23.9945	-7.7452	-0.5724	-0.2789	-0.1568	0.4346	0.4470	0.5878	0.5162	-0.0110	-0.0514	-0.0583	
-27.1468	-24.0204	-7.7635	-0.5723	-0.2789	-0.1569	0.4641	0.4184	0.5787	0.5246	-0.0121	-0.0528	-0.0570	
-27.2019	-24.0436	-7.7801	-0.5723	-0.2787	-0.1569	0.4927	0.3854	0.5694	0.5339	-0.0130	-0.0546	-0.0557	
-27.2575	-24.0683	-7.7976	-0.5722	-0.2786	-0.1570	0.5166	0.3572	0.5617	0.5392	-0.0135	-0.0556	-0.0544	
-27.3108	-24.0964	-7.8162	-0.5721	-0.2786	-0.1571	0.5390	0.3284	0.5512	0.5466	-0.0141	-0.0567	-0.0530	
-27.3625	-24.1197	-7.8295	-0.5719	-0.2785	-0.1570	0.5568	0.2972	0.5412	0.5567	-0.0142	-0.0580	-0.0512	
-27.4165	-24.1459	-7.8466	-0.5718	-0.2785	-0.1570	0.5743	0.2655	0.5307	0.5649	-0.0143	-0.0593	-0.0495	
-27.4710	-24.1719	-7.8625	-0.5717	-0.2784	-0.1570	0.5904	0.2306	0.5192	0.5742	-0.0141	-0.0608	-0.0478	
-27.5249	-24.1972	-7.8797	-0.5716	-0.2783	-0.1571	0.6040	0.1980	0.5109	0.5797	-0.0136	-0.0617	-0.0463	
-27.5793	-24.2221	-7.8960	-0.5715	-0.2783	-0.1571	0.6150	0.1633	0.5018	0.5869	-0.0129	-0.0629	-0.0447	
-27.6359	-24.2461	-7.9116	-0.5715	-0.2781	-0.1571	0.6246	0.1224	0.4912	0.5955	-0.0119	-0.0645	-0.0430	
-27.6924	-24.2687	-7.9265	-0.5715	-0.2780	-0.1571	0.6369	0.0805	0.4814	0.5972	-0.0110	-0.0659	-0.0419	
-27.7522	-24.2941	-7.9430	-0.5716	-0.2779	-0.1571	0.6431	0.0443	0.4728	0.6018	-0.0099	-0.0668	-0.0405	
-27.8095	-24.3192	-7.9599	-0.5716	-0.2778	-0.1571	0.6520	0.0027	0.4623	0.6014	-0.0089	-0.0679	-0.0396	
-27.8649	-24.3419	-7.9729	-0.5715	-0.2777	-0.1570	0.6526	-0.0375	0.4534	0.6070	-0.0072	-0.0690	-0.0381	
-27.9199	-24.3671	-7.9922	-0.5714	-0.2776	-0.1571	0.6541	-0.0778	0.4446	0.6077	-0.0057	-0.0698	-0.0370	
-27.9764	-24.3963	-8.0105	-0.5714	-0.2777	-0.1572	0.6565	-0.1153	0.4351	0.6060	-0.0044	-0.0703	-0.0362	
-28.0334	-24.4244	-8.0240	-0.5714	-0.2777	-0.1571	0.6577	-0.1538	0.4242	0.6037	-0.0032	-0.0710	-0.0353	
-28.0905	-24.4469	-8.0398	-0.5714	-0.2775	-0.1571	0.6567	-0.1955	0.4148	0.5992	-0.0016	-0.0717	-0.0347	
-28.1463	-24.4766	-8.0571	-0.5714	-0.2776	-0.1572	0.6537	-0.2332	0.4050	0.5960	-0.0001	-0.0720	-0.0339	
-28.2033	-24.5028	-8.0754	-0.5714	-0.2775	-0.1572	0.6501	-0.2729	0.3971	0.5880	0.0014	-0.0723	-0.0336	
-28.2586	-24.5311	-8.0938	-0.5713	-0.2775	-0.1573	0.6448	-0.3067	0.3883	0.5835	0.0028	-0.0723	-0.0329	
-28.3164	-24.5594	-8.1116	-0.5713	-0.2776	-0.1574	0.6363	-0.3462	0.3803	0.5757	0.0045	-0.0726	-0.0325	
