-1.0330	-10.1956	-0.1549	0.0000	0.0000	0.0000	0.2675	0.4596	-0.6246	-0.5719	0.0000	0.0000	0.0000	
-0.6092	-10.5532	-0.0397	0.0420	-0.0354	0.0114	0.3711	0.4082	-0.6041	-0.5872	0.0130	0.0426	-0.0161	
-0.5255	-10.6247	-0.0544	0.0637	-0.0530	0.0087	0.3528	0.4134	-0.6264	-0.5635	-0.0174	-0.0532	-0.0409	
-0.3374	-10.7303	0.0946	0.1446	-0.0964	0.0700	0.4066	0.4030	-0.5784	-0.5987	0.0228	0.0481	0.0095	
-0.2848	-10.7116	0.1598	0.1687	-0.0798	0.1053	0.4114	0.3957	-0.5477	-0.6118	0.0201	0.0450	0.0252	
-0.3015	-10.7566	0.2169	0.1356	-0.1103	0.1445	0.4717	0.3441	-0.5192	-0.6262	0.0195	0.0843	0.0038	
-0.2266	-10.8840	0.1887	0.1999	-0.2112	0.1056	0.4878	0.3111	-0.4974	-0.6467	0.0073	0.0873	0.0024	
-0.2840	-10.9731	0.2103	0.1192	-0.2749	0.1217	0.5176	0.2759	-0.4780	-0.6536	0.0060	0.0908	-0.0046	
-0.2494	-11.0300	0.2814	0.1400	-0.3027	0.1818	0.5342	0.2660	-0.4270	-0.6805	0.0096	0.0908	0.0109	
-0.2525	-11.0813	0.3274	0.1210	-0.3215	0.2117	0.5422	0.2490	-0.3854	-0.7043	0.0082	0.0898	0.0189	
-0.2382	-11.0550	0.3835	0.1214	-0.2643	0.2498	0.5644	0.1991	-0.3649	-0.7133	0.0042	0.0935	0.0121	
-0.2301	-11.0666	0.3902	0.1179	-0.2527	0.2298	0.5930	0.1712	-0.3427	-0.7089	0.0074	0.0924	0.0075	
-0.2362	-11.1146	0.3772	0.1040	-0.2717	0.1953	0.6009	0.1378	-0.3222	-0.7190	0.0041	0.0910	0.0060	
-0.2835	-11.1323	0.4068	0.0511	-0.2620	0.2074	0.6148	0.0971	-0.3020	-0.7223	0.0022	0.0915	0.0028	
-0.2620	-11.1740	0.4676	0.0626	-0.2768	0.2455	0.6368	0.0597	-0.2643	-0.7213	0.0038	0.0939	0.0024	
-0.2633	-11.1723	0.5094	0.0579	-0.2512	0.2593	0.6437	0.0268	-0.2407	-0.7264	0.0021	0.0927	0.0021	
-0.3036	-11.2195	0.5004	0.0240	-0.2678	0.2285	0.6508	-0.0018	-0.2231	-0.7266	0.0013	0.0904	0.0008	
-0.3355	-11.1985	0.5304	-0.0041	-0.2317	0.2373	0.6668	-0.0464	-0.1948	-0.7174	0.0017	0.0922	-0.0016	
-0.3533	-11.2658	0.5619	-0.0163	-0.2631	0.2449	0.6782	-0.0874	-0.1704	-0.7094	0.0018	0.0927	-0.0038	
-0.3479	-11.2612	0.6261	-0.0105	-0.2389	0.2738	0.6746	-0.1235	-0.1401	-0.7145	-0.0006	0.0926	-0.0026	
-0.3931	-11.3018	0.6891	-0.0394	-0.2486	0.3000	0.6774	-0.1627	-0.1144	-0.7082	-0.0013	0.0928	-0.0036	
-0.4689	-11.3492	0.7151	-0.0844	-0.2599	0.2979	0.6719	-0.2012	-0.0916	-0.7073	-0.0032	0.0924	-0.0040	
-0.5020	-11.4210	0.7836	-0.0978	-0.2860	0.3231	0.6683	-0.2385	-0.0683	-0.7016	-0.0041	0.0921	-0.0047	
-0.5355	-11.4228	0.8448	-0.1113	-0.2677	0.3428	0.6651	-0.2820	-0.0443	-0.6899	-0.0050	0.0927	-0.0060	
-0.5950	-11.4059	0.8656	-0.1384	-0.2408	0.3355	0.6644	-0.3246	-0.0260	-0.6729	-0.0051	0.0927	-0.0081	
-0.6375	-11.4167	0.9165	-0.1532	-0.2307	0.3453	0.6542	-0.3626	-0.0033	-0.6640	-0.0064	0.0925	-0.0085	
-0.6705	-11.3804	0.9647	-0.1619	-0.1957	0.3527	0.6385	-0.4010	0.0210	-0.6568	-0.0085	0.0924	-0.0085	
-0.7217	-11.4074	0.9707	-0.1793	-0.1966	0.3365	0.6251	-0.4386	0.0410	-0.6446	-0.0096	0.0921	-0.0093	
-0.7286	-11.4070	1.0137	-0.1727	-0.1821	0.3421	0.6024	-0.4797	0.0641	-0.6348	-0.0119	0.0923	-0.0096	
-0.7609	-11.4472	1.0249	-0.1799	-0.1915	0.3287	0.5872	-0.5091	0.0888	-0.6235	-0.0128	0.0917	-0.0092	
-0.7717	-11.4908	1.0391	-0.1760	-0.2015	0.3175	0.5720	-0.5379	0.1100	-0.6100	-0.0135	0.0910	-0.0092	
-0.8100	-11.5458	1.0689	-0.1846	-0.2158	0.3142	0.5597	-0.5659	0.1264	-0.5927	-0.0134	0.0901	-0.0097	
-0.8354	-11.5812	1.0728	-0.1876	-0.2204	0.2992	0.5428	-0.5925	0.1458	-0.5777	-0.0141	0.0894	-0.0097	
-0.8454	-11.5931	1.1264	-0.1829	-0.2144	0.3106	0.5268	-0.6240	0.1670	-0.5523	-0.0140	0.0896	-0.0104	
-0.8574	-11.5710	1.1984	-0.1793	-0.1939	0.3271	0.5055	-0.6516	0.1866	-0.5342	-0.0150	0.0893	-0.0106	
-0.9094	-11.6001	1.2153	-0.1935	-0.1955	0.3193	0.4791	-0.6783	0.2078	-0.5173	-0.0164	0.0890	-0.0106	
-0.9204	-11.5875	1.2507	-0.1894	-0.1787	0.3191	0.4528	-0.7070	0.2196	-0.4975	-0.0175	0.0885	-0.0115	
-0.9536	-11.5859	1.2926	-0.1944	-0.1684	0.3213	0.4300	-0.7321	0.2318	-0.4755	-0.0179	0.0880	-0.0122	
-0.9967	-11.6066	1.3317	-0.2032	-0.1664	0.3212	0.4056	-0.7554	0.2407	-0.4561	-0.0186	0.0871	-0.0129	
-1.0413	-11.6537	1.3595	-0.2119	-0.1744	0.3192	0.3753	-0.7794	0.2559	-0.4316	-0.0195	0.0871	-0.0135	
-1.0793	-11.6950	1.4001	-0.2179	-0.1801	0.3204	0.3467	-0.7998	0.2683	-0.4108	-0.0204	0.0865	-0.0139	
-1.1053	-11.7074	1.4682	-0.2193	-0.1761	0.3306	0.3244	-0.8169	0.2780	-0.3889	-0.0207	0.0857	-0.0142	
-1.1383	-11.7566	1.5013	-0.2232	-0.1839	0.3294	0.2916	-0.8351	0.2906	-0.3651	-0.0217	0.0854	-0.0147	
-1.2004	-11.7702	1.5701	-0.2370	-0.1806	0.3395	0.2652	-0.8493	0.3026	-0.3427	-0.0223	0.0848	-0.0149	
-1.2561	-11.7912	1.6108	-0.2481	-0.1798	0.3403	0.2338	-0.8625	0.3166	-0.3187	-0.0233	0.0845	-0.0152	
-1.3066	-11.7901	1.6454	-0.2567	-0.1704	0.3391	0.2022	-0.8777	0.3232	-0.2909	-0.0239	0.0842	-0.0161	
-1.3667	-11.7611	1.6661	-0.2690	-0.1535	0.3322	0.1738	-0.8895	0.3280	-0.2682	-0.0244	0.0832	-0.0169	
-1.4185	-11.7776	1.6644	-0.2779	-0.1509	0.3195	0.1389	-0.9004	0.3338	-0.2428	-0.0252	0.0827	-0.0179	
-1.4862	-11.8035	1.7181	-0.2915	-0.1514	0.3231	0.1042	-0.9083	0.3389	-0.2244	-0.0264	0.0817	-0.0186	
-1.5337	-11.8319	1.7513	-0.2983	-0.1537	0.3211	0.0731	-0.9138	0.3459	-0.2021	-0.0271	0.0810	-0.0191	
-1.5820	-11.8453	1.8172	-0.3044	-0.1506	0.3293	0.0339	-0.9184	0.3523	-0.1782	-0.0283	0.0806	-0.0200	
-1.6937	-11.8026	1.7698	-0.3268	-0.1373	0.3099	-0.0020	-0.9223	0.3523	-0.1642	-0.0268	0.0819	-0.0189	
-1.7537	-11.8094	1.7643	-0.3363	-0.1335	0.2975	0.0388	0.9239	-0.3547	0.1404	-0.0277	0.0811	-0.0200	
-1.8314	-11.8267	1.8067	-0.3492	-0.1315	0.3000	0.0781	0.9264	-0.3521	0.1090	-0.0281	0.0810	-0.0215	
-1.8708	-11.8219	1.8186	-0.3513	-0.1246	0.2938	0.1169	0.9258	-0.3509	0.0796	-0.0287	0.0807	-0.0230	
-1.9325	-11.8345	1.8311	-0.3597	-0.1224	0.2881	0.1554	0.9236	-0.3470	0.0507	-0.0290	0.0803	-0.0245	
-1.9759	-11.8384	1.8417	-0.3627	-0.1188	0.2822	0.1909	0.9191	-0.3443	0.0220	-0.0292	0.0799	-0.0258	
-2.0066	-11.8705	1.8851	-0.3629	-0.1225	0.2842	0.2278	0.9129	-0.3401	0.0003	-0.0297	0.0791	-0.0272	
-2.0559	-11.8939	1.9131	-0.3679	-0.1242	0.2826	0.2667	0.9035	-0.3359	-0.0223	-0.0301	0.0783	-0.0287	
-2.1182	-11.9531	1.9474	-0.3754	-0.1350	0.2830	0.3039	0.8918	-0.3322	-0.0480	-0.0305	0.0779	-0.0299	
-2.1721	-12.0054	1.9782	-0.3812	-0.1436	0.2822	0.3409	0.8799	-0.3246	-0.0696	-0.0305	0.0771	-0.0314	
-2.1940	-12.0411	2.0093	-0.3788	-0.1476	0.2815	0.3796	0.8661	-0.3130	-0.0913	-0.0304	0.0765	-0.0334	
-2.2137	-12.0909	2.0276	-0.3757	-0.1554	0.2782	0.4166	0.8495	-0.3031	-0.1151	-0.0303	0.0760	-0.0350	
-2.2761	-12.1225	2.0366	-0.3831	-0.1586	0.2731	0.4514	0.8328	-0.2900	-0.1380	-0.0297	0.0755	-0.0367	
-2.3076	-12.1572	2.0578	-0.3829	-0.1625	0.2708	0.4875	0.8134	-0.2756	-0.1591	-0.0291	0.0749	-0.0386	
-2.3682	-12.2076	2.0977	-0.3891	-0.1696	0.2731	0.5256	0.7901	-0.2567	-0.1834	-0.0284	0.0748	-0.0408	
-2.4266	-12.2461	2.1567	-0.3944	-0.1743	0.2797	0.5624	0.7641	-0.2398	-0.2058	-0.0277	0.0745	-0.0427	
-2.4878	-12.2891	2.1997	-0.4004	-0.1802	0.2825	0.5984	0.7362	-0.2223	-0.2251	-0.0270	0.0742	-0.0447	
-2.5320	-12.3447	2.2566	-0.4025	-0.1879	0.2883	0.6323	0.7083	-0.1974	-0.2446	-0.0256	0.0739	-0.0468	
-2.5455	-12.3751	2.3079	-0.3980	-0.1902	0.2927	0.6644	0.6794	-0.1722	-0.2602	-0.0242	0.0734	-0.0490	
-2.5685	-12.4212	2.3627	-0.3954	-0.1962	0.2977	0.6945	0.6473	-0.1507	-0.2760	-0.0232	0.0730	-0.0508	
-2.5901	-12.4530	2.4050	-0.3927	-0.1994	0.3001	0.7240	0.6127	-0.1282	-0.2901	-0.0220	0.0726	-0.0527	
-2.5957	-12.4951	2.4606	-0.3867	-0.2043	0.3051	0.7522	0.5763	-0.1009	-0.3033	-0.0205	0.0723	-0.0547	
-2.5998	-12.5340	2.5224	-0.3803	-0.2087	0.3112	0.7791	0.5346	-0.0750	-0.3181	-0.0193	0.0723	-0.0567	
-2.6069	-12.5823	2.5893	-0.3749	-0.2150	0.3182	0.8046	0.4927	-0.0482	-0.3278	-0.0179	0.0720	-0.0587	
-2.6143	-12.5975	2.6449	-0.3695	-0.2144	0.3229	0.8263	0.4493	-0.0210	-0.3387	-0.0164	0.0719	-0.0605	
-2.6126	-12.6471	2.6950	-0.3626	-0.2211	0.3263	0.8474	0.4040	0.0038	-0.3446	-0.0151	0.0715	-0.0624	
-2.6100	-12.6900	2.7621	-0.3556	-0.2259	0.3328	0.8643	0.3562	0.0313	-0.3531	-0.0137	0.0714	-0.0641	
-2.6180	-12.7124	2.8303	-0.3508	-0.2266	0.3396	0.8782	0.3088	0.0591	-0.3600	-0.0122	0.0713	-0.0656	
-2.6208	-12.7563	2.8769	-0.3452	-0.2315	0.3420	0.8893	0.2642	0.0804	-0.3648	-0.0111	0.0708	-0.0666	
-2.6247	-12.7950	2.9343	-0.3400	-0.2355	0.3465	0.8995	0.2170	0.1038	-0.3650	-0.0097	0.0702	-0.0680	
-2.6150	-12.8378	2.9996	-0.3323	-0.2404	0.3522	0.9084	0.1669	0.1259	-0.3623	-0.0084	0.0695	-0.0696	
-2.6042	-12.8673	3.0445	-0.3248	-0.2424	0.3543	0.9136	0.1176	0.1511	-0.3586	-0.0066	0.0690	-0.0711	
-2.5736	-12.8890	3.0993	-0.3138	-0.2431	0.3579	0.9155	0.0635	0.1750	-0.3561	-0.0052	0.0687	-0.0727	
-2.5787	-12.9199	3.1412	-0.3094	-0.2458	0.3592	0.9170	0.0108	0.1931	-0.3490	-0.0039	0.0678	-0.0743	
-2.5585	-12.9321	3.1942	-0.3007	-0.2447	0.3626	0.9141	-0.0412	0.2163	-0.3404	-0.0021	0.0673	-0.0758	
-2.5561	-12.9464	3.2441	-0.2952	-0.2442	0.3653	0.9106	-0.0918	0.2334	-0.3290	-0.0006	0.0663	-0.0771	
-2.5365	-12.9562	3.2859	-0.2870	-0.2429	0.3667	0.9039	-0.1419	0.2527	-0.3149	0.0013	0.0654	-0.0785	
-2.5241	-12.9596	3.3294	-0.2802	-0.2401	0.3683	0.8934	-0.1899	0.2723	-0.3029	0.0031	0.0647	-0.0794	
-2.5052	-12.9822	3.3586	-0.2725	-0.2409	0.3676	0.8811	-0.2393	0.2899	-0.2874	0.0051	0.0638	-0.0807	
-2.4934	-12.9947	3.3966	-0.2660	-0.2400	0.3683	0.8677	-0.2867	0.3038	-0.2702	0.0069	0.0626	-0.0818	
-2.5070	-13.0105	3.4290	-0.2639	-0.2397	0.3682	0.8533	-0.3307	0.3161	-0.2517	0.0088	0.0614	-0.0826	
-2.5044	-13.0165	3.4695	-0.2591	-0.2377	0.3694	0.8347	-0.3760	0.3298	-0.2314	0.0109	0.0604	-0.0835	
-2.5061	-13.0299	3.5114	-0.2551	-0.2370	0.3708	0.8136	-0.4203	0.3424	-0.2107	0.0130	0.0595	-0.0844	
-2.5047	-13.0361	3.5332	-0.2507	-0.2349	0.3689	0.7909	-0.4622	0.3539	-0.1901	0.0151	0.0585	-0.0850	
-2.5059	-13.0540	3.5555	-0.2469	-0.2348	0.3673	0.7640	-0.5057	0.3635	-0.1686	0.0172	0.0576	-0.0858	
-2.5193	-13.0568	3.5801	-0.2449	-0.2323	0.3659	0.7356	-0.5465	0.3727	-0.1470	0.0193	0.0568	-0.0863	
-2.5390	-13.0702	3.6102	-0.2439	-0.2317	0.3656	0.7069	-0.5861	0.3777	-0.1208	0.0217	0.0556	-0.0870	
-2.5416	-13.0534	3.6186	-0.2403	-0.2264	0.3621	0.6727	-0.6253	0.3840	-0.0945	0.0241	0.0547	-0.0876	
-2.5567	-13.0530	3.6387	-0.2386	-0.2237	0.3604	0.6409	-0.6589	0.3891	-0.0659	0.0267	0.0537	-0.0878	
-2.5881	-13.0457	3.6624	-0.2392	-0.2201	0.3592	0.6063	-0.6912	0.3921	-0.0373	0.0293	0.0527	-0.0880	
-2.6005	-13.0467	3.6902	-0.2371	-0.2175	0.3586	0.5683	-0.7238	0.3914	-0.0109	0.0316	0.0517	-0.0884	
-2.6301	-13.0475	3.7065	-0.2375	-0.2151	0.3564	0.5292	-0.7522	0.3928	0.0163	0.0339	0.0510	-0.0883	
-2.6652	-13.0496	3.7392	-0.2385	-0.2130	0.3566	0.4906	-0.7780	0.3907	0.0454	0.0365	0.0500	-0.0881	
-2.6948	-13.0547	3.7625	-0.2389	-0.2111	0.3553	0.4499	-0.8016	0.3881	0.0704	0.0385	0.0492	-0.0878	
-2.7156	-13.0791	3.7861	-0.2379	-0.2120	0.3540	0.4091	-0.8218	0.3863	0.0945	0.0405	0.0487	-0.0872	
-2.7311	-13.0958	3.7995	-0.2362	-0.2118	0.3514	0.3675	-0.8400	0.3816	0.1200	0.0427	0.0481	-0.0865	
-2.7443	-13.0998	3.8269	-0.2341	-0.2098	0.3508	0.3257	-0.8557	0.3758	0.1464	0.0449	0.0475	-0.0857	
-2.7709	-13.1121	3.8520	-0.2340	-0.2090	0.3498	0.2784	-0.8705	0.3683	0.1713	0.0469	0.0472	-0.0852	
-2.7949	-13.1216	3.8913	-0.2333	-0.2079	0.3509	0.2341	-0.8807	0.3610	0.2006	0.0493	0.0471	-0.0841	
-2.8229	-13.1324	3.9217	-0.2334	-0.2068	0.3506	0.1840	-0.8906	0.3502	0.2245	0.0513	0.0469	-0.0836	
-2.8586	-13.1537	3.9550	-0.2345	-0.2072	0.3506	0.1377	-0.8972	0.3403	0.2470	0.0529	0.0468	-0.0827	
-2.8937	-13.1641	3.9815	-0.2354	-0.2061	0.3498	0.0886	-0.9002	0.3287	0.2723	0.0549	0.0469	-0.0817	
-2.8778	-13.2066	4.0043	-0.2308	-0.2086	0.3480	0.0427	-0.9004	0.3183	0.2952	0.0542	0.0459	-0.0831	
-2.9095	-13.2249	4.0258	-0.2315	-0.2084	0.3465	0.0081	0.8987	-0.3042	-0.3164	0.0560	0.0461	-0.0822	
-2.9512	-13.2251	4.0517	-0.2332	-0.2060	0.3456	0.0593	0.8929	-0.2931	-0.3372	0.0574	0.0466	-0.0812	
-2.9843	-13.2347	4.0899	-0.2339	-0.2047	0.3461	0.1058	0.8851	-0.2826	-0.3555	0.0585	0.0471	-0.0799	
-3.0207	-13.2529	4.1361	-0.2351	-0.2045	0.3477	0.1551	0.8756	-0.2682	-0.3712	0.0596	0.0474	-0.0790	
-3.0581	-13.2655	4.1809	-0.2363	-0.2036	0.3491	0.2022	0.8621	-0.2526	-0.3910	0.0609	0.0480	-0.0777	
-3.0925	-13.2813	4.2170	-0.2372	-0.2031	0.3493	0.2505	0.8460	-0.2388	-0.4062	0.0618	0.0488	-0.0767	
-3.1291	-13.2846	4.2690	-0.2384	-0.2011	0.3514	0.2938	0.8290	-0.2249	-0.4206	0.0625	0.0493	-0.0754	
-3.1722	-13.3006	4.3161	-0.2403	-0.2005	0.3529	0.3389	0.8078	-0.2075	-0.4360	0.0634	0.0501	-0.0742	
-3.2063	-13.3077	4.3689	-0.2412	-0.1988	0.3551	0.3825	0.7860	-0.1881	-0.4484	0.0643	0.0505	-0.0732	
-3.2480	-13.3210	4.4184	-0.2430	-0.1980	0.3568	0.4263	0.7604	-0.1710	-0.4597	0.0650	0.0513	-0.0722	
-3.2757	-13.3265	4.4633	-0.2430	-0.1963	0.3578	0.4636	0.7354	-0.1566	-0.4703	0.0651	0.0520	-0.0708	
-3.2991	-13.3274	4.5134	-0.2426	-0.1938	0.3595	0.5023	0.7067	-0.1376	-0.4798	0.0656	0.0527	-0.0698	
-3.3447	-13.3370	4.5666	-0.2449	-0.1926	0.3615	0.5439	0.6737	-0.1177	-0.4864	0.0663	0.0534	-0.0691	
-3.3786	-13.3409	4.6251	-0.2458	-0.1906	0.3641	0.5805	0.6405	-0.0989	-0.4936	0.0667	0.0542	-0.0681	
-3.4216	-13.3320	4.6730	-0.2478	-0.1871	0.3654	0.6155	0.6070	-0.0761	-0.4975	0.0674	0.0546	-0.0672	
-3.4503	-13.3370	4.7236	-0.2481	-0.1853	0.3671	0.6469	0.5728	-0.0541	-0.5014	0.0679	0.0550	-0.0661	
-3.4898	-13.3407	4.7840	-0.2497	-0.1833	0.3698	0.6761	0.5377	-0.0306	-0.5037	0.0685	0.0553	-0.0649	
-3.5130	-13.3359	4.8252	-0.2494	-0.1804	0.3703	0.7018	0.5027	-0.0106	-0.5059	0.0685	0.0557	-0.0638	
-3.5402	-13.3325	4.8858	-0.2496	-0.1776	0.3730	0.7272	0.4653	0.0148	-0.5052	0.0692	0.0559	-0.0626	
-3.5671	-13.3365	4.9378	-0.2498	-0.1758	0.3746	0.7494	0.4251	0.0340	-0.5078	0.0691	0.0568	-0.0615	
-3.5903	-13.3396	4.9851	-0.2496	-0.1739	0.3757	0.7692	0.3872	0.0553	-0.5066	0.0692	0.0571	-0.0603	
-3.6130	-13.3394	5.0329	-0.2493	-0.1717	0.3769	0.7894	0.3475	0.0763	-0.5012	0.0694	0.0574	-0.0594	
-3.6464	-13.3400	5.0805	-0.2503	-0.1696	0.3780	0.8075	0.3058	0.0998	-0.4953	0.0698	0.0578	-0.0584	
-3.6758	-13.3270	5.1284	-0.2507	-0.1660	0.3791	0.8211	0.2643	0.1229	-0.4920	0.0701	0.0585	-0.0571	
-3.6958	-13.3248	5.1835	-0.2502	-0.1636	0.3810	0.8318	0.2225	0.1449	-0.4889	0.0700	0.0592	-0.0557	
-3.7316	-13.3116	5.2299	-0.2514	-0.1600	0.3819	0.8408	0.1779	0.1661	-0.4847	0.0700	0.0602	-0.0544	
-3.7586	-13.3003	5.2783	-0.2516	-0.1567	0.3831	0.8473	0.1349	0.1888	-0.4791	0.0701	0.0611	-0.0530	
-3.7785	-13.2971	5.3257	-0.2511	-0.1544	0.3841	0.8515	0.0902	0.2101	-0.4732	0.0699	0.0621	-0.0517	
-3.8021	-13.2933	5.3757	-0.2510	-0.1520	0.3854	0.8509	0.0520	0.2327	-0.4705	0.0695	0.0630	-0.0497	
-3.8266	-13.2976	5.4148	-0.2511	-0.1505	0.3855	0.8498	0.0104	0.2546	-0.4630	0.0692	0.0639	-0.0483	
-3.8440	-13.3015	5.4405	-0.2504	-0.1489	0.3842	0.8461	-0.0313	0.2772	-0.4559	0.0689	0.0649	-0.0467	
-3.8699	-13.2967	5.4932	-0.2505	-0.1465	0.3857	0.8401	-0.0761	0.2999	-0.4467	0.0687	0.0664	-0.0452	
-3.8959	-13.3005	5.5364	-0.2507	-0.1451	0.3863	0.8307	-0.1181	0.3223	-0.4403	0.0680	0.0678	-0.0435	
-3.9186	-13.2992	5.5894	-0.2505	-0.1431	0.3878	0.8192	-0.1608	0.3446	-0.4310	0.0675	0.0694	-0.0419	
-3.9469	-13.3037	5.6339	-0.2509	-0.1418	0.3884	0.8072	-0.2016	0.3624	-0.4219	0.0666	0.0705	-0.0407	
-3.9718	-13.2921	5.6708	-0.2509	-0.1389	0.3882	0.7924	-0.2431	0.3801	-0.4122	0.0656	0.0719	-0.0394	
-3.9974	-13.2881	5.7124	-0.2511	-0.1368	0.3885	0.7729	-0.2877	0.3987	-0.4025	0.0646	0.0738	-0.0383	
-4.0276	-13.2995	5.7424	-0.2517	-0.1363	0.3876	0.7510	-0.3303	0.4174	-0.3925	0.0635	0.0756	-0.0370	
-4.0575	-13.3082	5.7825	-0.2522	-0.1355	0.3878	0.7266	-0.3712	0.4359	-0.3816	0.0623	0.0774	-0.0357	
-4.0812	-13.3097	5.8201	-0.2522	-0.1340	0.3876	0.6980	-0.4133	0.4534	-0.3710	0.0608	0.0796	-0.0346	
-4.1045	-13.3234	5.8551	-0.2521	-0.1337	0.3873	0.6706	-0.4511	0.4679	-0.3597	0.0593	0.0811	-0.0336	
-4.1367	-13.3241	5.8983	-0.2528	-0.1323	0.3877	0.6407	-0.4891	0.4817	-0.3454	0.0579	0.0827	-0.0328	
-4.1529	-13.3308	5.9278	-0.2520	-0.1314	0.3868	0.6079	-0.5264	0.4960	-0.3289	0.0566	0.0843	-0.0319	
-4.1816	-13.3333	5.9669	-0.2524	-0.1302	0.3868	0.5722	-0.5626	0.5094	-0.3122	0.0551	0.0861	-0.0311	
-4.2082	-13.3334	5.9930	-0.2526	-0.1288	0.3856	0.5346	-0.5997	0.5190	-0.2928	0.0539	0.0878	-0.0307	
-4.2380	-13.3446	6.0280	-0.2531	-0.1285	0.3852	0.4956	-0.6327	0.5291	-0.2735	0.0524	0.0894	-0.0302	
-4.2623	-13.3613	6.0572	-0.2530	-0.1287	0.3843	0.4512	-0.6659	0.5376	-0.2541	0.0508	0.0913	-0.0298	
-4.2873	-13.3731	6.0938	-0.2531	-0.1284	0.3841	0.4089	-0.6960	0.5431	-0.2323	0.0494	0.0927	-0.0295	
-4.3224	-13.3900	6.1249	-0.2540	-0.1287	0.3834	0.3687	-0.7222	0.5463	-0.2123	0.0479	0.0935	-0.0293	
-4.3530	-13.3977	6.1746	-0.2545	-0.1282	0.3844	0.3256	-0.7454	0.5503	-0.1910	0.0463	0.0946	-0.0291	
-4.3853	-13.4109	6.2133	-0.2551	-0.1282	0.3844	0.2813	-0.7664	0.5534	-0.1673	0.0449	0.0957	-0.0287	
-4.4236	-13.4183	6.2503	-0.2563	-0.1276	0.3842	0.2325	-0.7894	0.5501	-0.1426	0.0436	0.0969	-0.0291	
-4.4586	-13.4407	6.2900	-0.2572	-0.1284	0.3843	0.1851	-0.8070	0.5483	-0.1210	0.0420	0.0978	-0.0292	
-4.4951	-13.4624	6.3235	-0.2582	-0.1292	0.3838	0.1375	-0.8249	0.5401	-0.0951	0.0410	0.0986	-0.0296	
-4.5254	-13.4849	6.3646	-0.2586	-0.1300	0.3840	0.0898	-0.8390	0.5323	-0.0726	0.0396	0.0992	-0.0300	
-4.5584	-13.5054	6.3942	-0.2593	-0.1307	0.3832	0.0424	-0.8514	0.5210	-0.0438	0.0389	0.0998	-0.0304	
-4.5909	-13.4891	6.4263	-0.2598	-0.1281	0.3827	-0.0073	-0.8606	0.5092	-0.0197	0.0408	0.0989	-0.0303	
-4.6264	-13.5080	6.4683	-0.2606	-0.1287	0.3829	0.0512	0.8662	-0.4979	-0.0046	0.0397	0.0991	-0.0305	
-4.6551	-13.5332	6.5077	-0.2608	-0.1298	0.3830	0.0951	0.8693	-0.4851	-0.0283	0.0387	0.0993	-0.0306	
-4.6907	-13.5628	6.5432	-0.2616	-0.1313	0.3827	0.1430	0.8686	-0.4714	-0.0566	0.0377	0.1001	-0.0306	
-4.7137	-13.5920	6.5828	-0.2613	-0.1327	0.3828	0.1857	0.8678	-0.4547	-0.0801	0.0369	0.1001	-0.0309	
-4.7537	-13.6217	6.6293	-0.2625	-0.1343	0.3834	0.2318	0.8635	-0.4356	-0.1055	0.0361	0.1005	-0.0312	
-4.7911	-13.6508	6.6663	-0.2634	-0.1357	0.3833	0.2745	0.8577	-0.4149	-0.1314	0.0355	0.1007	-0.0315	
-4.8275	-13.6760	6.7137	-0.2642	-0.1367	0.3840	0.3174	0.8492	-0.3921	-0.1568	0.0350	0.1010	-0.0318	
-4.8597	-13.7025	6.7525	-0.2646	-0.1379	0.3840	0.3587	0.8366	-0.3744	-0.1795	0.0339	0.1011	-0.0319	
-4.8838	-13.7248	6.7948	-0.2644	-0.1387	0.3842	0.3965	0.8222	-0.3567	-0.2018	0.0329	0.1012	-0.0318	
-4.9229	-13.7524	6.8447	-0.2654	-0.1400	0.3851	0.4367	0.8038	-0.3338	-0.2282	0.0321	0.1017	-0.0317	
-4.9533	-13.7816	6.8793	-0.2656	-0.1414	0.3847	0.4781	0.7836	-0.3103	-0.2481	0.0312	0.1020	-0.0323	
-4.9922	-13.8143	6.9257	-0.2666	-0.1431	0.3853	0.5158	0.7625	-0.2859	-0.2672	0.0304	0.1021	-0.0327	
-5.0176	-13.8415	6.9598	-0.2664	-0.1442	0.3849	0.5506	0.7398	-0.2615	-0.2863	0.0296	0.1021	-0.0329	
-5.0454	-13.8688	7.0098	-0.2665	-0.1454	0.3857	0.5854	0.7132	-0.2366	-0.3052	0.0287	0.1023	-0.0332	
-5.0698	-13.8982	7.0541	-0.2662	-0.1467	0.3861	0.6158	0.6861	-0.2141	-0.3243	0.0276	0.1023	-0.0332	
-5.0999	-13.9341	7.0976	-0.2665	-0.1485	0.3865	0.6457	0.6570	-0.1917	-0.3402	0.0264	0.1023	-0.0333	
-5.1211	-13.9598	7.1443	-0.2660	-0.1495	0.3870	0.6711	0.6279	-0.1698	-0.3576	0.0252	0.1022	-0.0332	
-5.1502	-13.9895	7.1896	-0.2661	-0.1508	0.3875	0.6975	0.5950	-0.1469	-0.3727	0.0240	0.1022	-0.0334	
-5.1872	-14.0208	7.2455	-0.2669	-0.1522	0.3888	0.7215	0.5619	-0.1269	-0.3860	0.0226	0.1020	-0.0335	
-5.2178	-14.0494	7.2870	-0.2671	-0.1534	0.3889	0.7447	0.5267	-0.1051	-0.3978	0.0214	0.1018	-0.0339	
-5.2394	-14.0700	7.3370	-0.2667	-0.1540	0.3897	0.7664	0.4938	-0.0841	-0.4043	0.0203	0.1011	-0.0346	
-5.2756	-14.1003	7.3878	-0.2674	-0.1553	0.3905	0.7863	0.4548	-0.0623	-0.4148	0.0190	0.1010	-0.0351	
-5.3027	-14.1329	7.4399	-0.2673	-0.1568	0.3914	0.8069	0.4123	-0.0360	-0.4220	0.0181	0.1010	-0.0361	
-5.3283	-14.1614	7.4913	-0.2672	-0.1579	0.3923	0.8238	0.3719	-0.0147	-0.4289	0.0169	0.1006	-0.0369	
-5.3555	-14.1870	7.5407	-0.2672	-0.1588	0.3930	0.8404	0.3279	0.0096	-0.4323	0.0160	0.1003	-0.0381	
-5.3858	-14.2087	7.5868	-0.2674	-0.1594	0.3934	0.8537	0.2884	0.0286	-0.4345	0.0150	0.0995	-0.0390	
-5.4092	-14.2355	7.6439	-0.2671	-0.1604	0.3947	0.8673	0.2451	0.0483	-0.4320	0.0141	0.0986	-0.0405	
-5.4350	-14.2565	7.6971	-0.2670	-0.1610	0.3956	0.8791	0.1989	0.0703	-0.4283	0.0136	0.0980	-0.0421	
-5.4620	-14.2708	7.7484	-0.2670	-0.1610	0.3964	0.8896	0.1571	0.0899	-0.4211	0.0133	0.0968	-0.0437	
-5.4930	-14.2948	7.7999	-0.2673	-0.1618	0.3972	0.8968	0.1085	0.1082	-0.4161	0.0125	0.0960	-0.0454	
-5.5152	-14.3173	7.8591	-0.2669	-0.1624	0.3986	0.9028	0.0628	0.1299	-0.4061	0.0126	0.0950	-0.0471	
-5.5392	-14.3417	7.9135	-0.2667	-0.1632	0.3996	0.9073	0.0159	0.1504	-0.3934	0.0127	0.0939	-0.0491	
-5.5522	-14.3581	7.9622	-0.2657	-0.1633	0.4002	0.9110	-0.0324	0.1713	-0.3746	0.0134	0.0926	-0.0515	
-5.5710	-14.3753	8.0108	-0.2651	-0.1635	0.4008	0.9129	-0.0797	0.1866	-0.3558	0.0139	0.0910	-0.0538	
-5.5920	-14.3913	8.0552	-0.2647	-0.1637	0.4011	0.9130	-0.1268	0.2023	-0.3325	0.0148	0.0893	-0.0563	
-5.6140	-14.4110	8.1044	-0.2644	-0.1640	0.4017	0.9100	-0.1706	0.2144	-0.3135	0.0152	0.0875	-0.0583	
-5.6324	-14.4123	8.1585	-0.2638	-0.1631	0.4027	0.9037	-0.2218	0.2299	-0.2857	0.0165	0.0860	-0.0609	
-5.6560	-14.4267	8.2089	-0.2636	-0.1630	0.4034	0.8931	-0.2727	0.2444	-0.2615	0.0174	0.0848	-0.0632	
-5.6766	-14.4356	8.2491	-0.2632	-0.1625	0.4033	0.8791	-0.3225	0.2593	-0.2366	0.0185	0.0836	-0.0653	
-5.7042	-14.4437	8.2911	-0.2633	-0.1620	0.4034	0.8624	-0.3704	0.2727	-0.2116	0.0196	0.0825	-0.0671	
-5.7255	-14.4558	8.3334	-0.2630	-0.1618	0.4036	0.8434	-0.4187	0.2836	-0.1820	0.0211	0.0810	-0.0692	
-5.7575	-14.4682	8.3693	-0.2634	-0.1616	0.4033	0.8251	-0.4607	0.2911	-0.1515	0.0226	0.0792	-0.0710	
-5.7864	-14.4735	8.4102	-0.2636	-0.1609	0.4033	0.8003	-0.5053	0.2981	-0.1248	0.0237	0.0778	-0.0727	
-5.8208	-14.4832	8.4556	-0.2642	-0.1605	0.4036	0.7724	-0.5484	0.3058	-0.0955	0.0251	0.0766	-0.0743	
-5.8578	-14.5001	8.4988	-0.2650	-0.1606	0.4039	0.7424	-0.5882	0.3134	-0.0686	0.0263	0.0755	-0.0755	
-5.8913	-14.5048	8.5363	-0.2655	-0.1598	0.4037	0.7091	-0.6285	0.3167	-0.0425	0.0273	0.0742	-0.0768	
-5.9295	-14.5216	8.5794	-0.2663	-0.1598	0.4039	0.6751	-0.6664	0.3166	-0.0158	0.0284	0.0727	-0.0782	
-5.9718	-14.5324	8.6209	-0.2674	-0.1595	0.4039	0.6380	-0.7016	0.3172	0.0124	0.0297	0.0715	-0.0794	
-6.0092	-14.5523	8.6674	-0.2682	-0.1598	0.4044	0.6010	-0.7331	0.3171	0.0364	0.0306	0.0702	-0.0802	
-6.0393	-14.5586	8.7066	-0.2684	-0.1591	0.4043	0.5612	-0.7627	0.3156	0.0632	0.0317	0.0689	-0.0810	
-6.0809	-14.5668	8.7481	-0.2695	-0.1585	0.4044	0.5172	-0.7928	0.3103	0.0874	0.0326	0.0676	-0.0822	
-6.1161	-14.5863	8.7874	-0.2701	-0.1588	0.4043	0.4759	-0.8175	0.3040	0.1147	0.0341	0.0661	-0.0829	
-6.1555	-14.6021	8.8300	-0.2709	-0.1588	0.4045	0.4309	-0.8398	0.3000	0.1385	0.0350	0.0650	-0.0835	
-6.1938	-14.6143	8.8733	-0.2717	-0.1585	0.4047	0.3857	-0.8597	0.2939	0.1615	0.0360	0.0638	-0.0840	
-6.2266	-14.6354	8.9168	-0.2721	-0.1589	0.4049	0.3417	-0.8765	0.2875	0.1820	0.0367	0.0626	-0.0843	
-6.2674	-14.6574	8.9623	-0.2730	-0.1593	0.4053	0.2944	-0.8916	0.2794	0.2017	0.0375	0.0614	-0.0847	
-6.3065	-14.6709	9.0101	-0.2738	-0.1591	0.4057	0.2523	-0.9039	0.2692	0.2191	0.0380	0.0599	-0.0848	
-6.3498	-14.6851	9.0543	-0.2749	-0.1589	0.4060	0.2059	-0.9147	0.2575	0.2353	0.0386	0.0584	-0.0852	
-6.3889	-14.6998	9.0986	-0.2757	-0.1588	0.4062	0.1597	-0.9238	0.2434	0.2505	0.0392	0.0568	-0.0856	
-6.4309	-14.7125	9.1488	-0.2767	-0.1586	0.4069	0.1128	-0.9303	0.2287	0.2651	0.0399	0.0552	-0.0861	
-6.4673	-14.7319	9.1970	-0.2772	-0.1588	0.4074	0.0644	-0.9338	0.2136	0.2805	0.0408	0.0539	-0.0864	
-6.5301	-14.7482	9.2481	-0.2794	-0.1589	0.4080	0.0161	-0.9365	0.1958	0.2915	0.0411	0.0548	-0.0862	
-6.5684	-14.7680	9.2928	-0.2801	-0.1592	0.4083	0.0297	0.9340	-0.1793	-0.3087	0.0422	0.0535	-0.0861	
-6.6092	-14.7870	9.3373	-0.2810	-0.1594	0.4085	0.0815	0.9299	-0.1592	-0.3214	0.0433	0.0519	-0.0869	
-6.6449	-14.8014	9.3855	-0.2815	-0.1592	0.4090	0.1307	0.9233	-0.1403	-0.3333	0.0442	0.0505	-0.0872	
-6.6768	-14.8225	9.4302	-0.2818	-0.1595	0.4093	0.1754	0.9136	-0.1225	-0.3468	0.0452	0.0493	-0.0870	
-6.7214	-14.8387	9.4807	-0.2828	-0.1595	0.4099	0.2202	0.9029	-0.1021	-0.3558	0.0462	0.0476	-0.0871	
-6.7534	-14.8667	9.5250	-0.2831	-0.1603	0.4101	0.2623	0.8893	-0.0841	-0.3664	0.0470	0.0465	-0.0866	
-6.7862	-14.8849	9.5762	-0.2834	-0.1604	0.4108	0.3010	0.8761	-0.0650	-0.3728	0.0477	0.0449	-0.0862	
-6.8190	-14.9022	9.6264	-0.2837	-0.1605	0.4114	0.3394	0.8603	-0.0456	-0.3794	0.0485	0.0434	-0.0857	
-6.8514	-14.9143	9.6690	-0.2840	-0.1602	0.4115	0.3796	0.8408	-0.0288	-0.3859	0.0491	0.0424	-0.0853	
-6.8875	-14.9315	9.7175	-0.2845	-0.1602	0.4120	0.4192	0.8186	-0.0093	-0.3932	0.0501	0.0414	-0.0849	
-6.9191	-14.9462	9.7683	-0.2847	-0.1601	0.4126	0.4539	0.7977	0.0114	-0.3984	0.0511	0.0402	-0.0841	
-6.9535	-14.9653	9.8150	-0.2851	-0.1603	0.4130	0.4931	0.7716	0.0345	-0.4009	0.0524	0.0389	-0.0839	
-6.9906	-14.9818	9.8617	-0.2856	-0.1603	0.4133	0.5282	0.7449	0.0549	-0.4048	0.0534	0.0380	-0.0832	
-7.0231	-14.9946	9.9074	-0.2859	-0.1601	0.4136	0.5598	0.7176	0.0748	-0.4088	0.0543	0.0371	-0.0823	
-7.0560	-15.0129	9.9524	-0.2862	-0.1602	0.4139	0.5900	0.6908	0.0941	-0.4086	0.0551	0.0360	-0.0815	
-7.0895	-15.0261	9.9937	-0.2865	-0.1600	0.4139	0.6199	0.6608	0.1128	-0.4090	0.0559	0.0352	-0.0806	
-7.1199	-15.0423	10.0360	-0.2866	-0.1600	0.4140	0.6502	0.6271	0.1325	-0.4085	0.0569	0.0346	-0.0800	
-7.1511	-15.0588	10.0792	-0.2868	-0.1600	0.4141	0.6767	0.5944	0.1543	-0.4073	0.0581	0.0338	-0.0790	
-7.1825	-15.0642	10.1271	-0.2869	-0.1593	0.4145	0.6980	0.5637	0.1757	-0.4070	0.0591	0.0332	-0.0775	
-7.2179	-15.0723	10.1681	-0.2874	-0.1588	0.4145	0.7199	0.5305	0.1945	-0.4044	0.0599	0.0326	-0.0764	
-7.2472	-15.0855	10.2099	-0.2874	-0.1586	0.4146	0.7390	0.4985	0.2129	-0.4019	0.0606	0.0321	-0.0750	
-7.2797	-15.1008	10.2568	-0.2876	-0.1585	0.4149	0.7583	0.4613	0.2332	-0.3982	0.0616	0.0318	-0.0738	
-7.3098	-15.1171	10.3000	-0.2877	-0.1585	0.4151	0.7745	0.4280	0.2534	-0.3926	0.0625	0.0313	-0.0724	
-7.3374	-15.1315	10.3463	-0.2877	-0.1584	0.4154	0.7882	0.3930	0.2719	-0.3895	0.0631	0.0312	-0.0709	
-7.3688	-15.1426	10.3850	-0.2878	-0.1581	0.4152	0.8027	0.3539	0.2913	-0.3826	0.0641	0.0310	-0.0698	
-7.4039	-15.1558	10.4262	-0.2882	-0.1579	0.4152	0.8132	0.3193	0.3106	-0.3765	0.0649	0.0309	-0.0681	
-7.4296	-15.1680	10.4694	-0.2881	-0.1576	0.4154	0.8242	0.2752	0.3307	-0.3689	0.0660	0.0312	-0.0671	
-7.4638	-15.1790	10.5091	-0.2884	-0.1573	0.4153	0.8310	0.2395	0.3506	-0.3614	0.0668	0.0314	-0.0654	
-7.4994	-15.1882	10.5482	-0.2888	-0.1569	0.4152	0.8364	0.1975	0.3706	-0.3534	0.0678	0.0319	-0.0640	
-7.5283	-15.2016	10.5907	-0.2888	-0.1568	0.4153	0.8397	0.1542	0.3897	-0.3465	0.0686	0.0326	-0.0626	
-7.5652	-15.2145	10.6328	-0.2892	-0.1566	0.4153	0.8419	0.1117	0.4060	-0.3387	0.0691	0.0333	-0.0614	
-7.6059	-15.2264	10.6739	-0.2899	-0.1563	0.4153	0.8417	0.0709	0.4239	-0.3282	0.0698	0.0339	-0.0600	
-7.6370	-15.2360	10.7168	-0.2900	-0.1560	0.4154	0.8383	0.0282	0.4432	-0.3175	0.0706	0.0348	-0.0585	
-7.6705	-15.2516	10.7580	-0.2903	-0.1559	0.4154	0.8338	-0.0096	0.4594	-0.3082	0.0709	0.0355	-0.0570	
-7.7032	-15.2660	10.7969	-0.2905	-0.1559	0.4153	0.8273	-0.0533	0.4751	-0.2961	0.0715	0.0363	-0.0558	
-7.7346	-15.2811	10.8425	-0.2906	-0.1558	0.4155	0.8186	-0.0981	0.4916	-0.2812	0.0723	0.0373	-0.0547	
-7.7662	-15.2989	10.8861	-0.2907	-0.1559	0.4156	0.8068	-0.1449	0.5068	-0.2674	0.0730	0.0385	-0.0536	
-7.7971	-15.3195	10.9240	-0.2908	-0.1562	0.4154	0.7942	-0.1834	0.5218	-0.2539	0.0732	0.0394	-0.0522	
-7.8249	-15.3362	10.9647	-0.2907	-0.1562	0.4154	0.7772	-0.2251	0.5373	-0.2393	0.0737	0.0407	-0.0509	
-7.8526	-15.3532	11.0040	-0.2906	-0.1563	0.4153	0.7608	-0.2631	0.5501	-0.2244	0.0738	0.0416	-0.0496	
-7.8850	-15.3690	11.0429	-0.2908	-0.1563	0.4151	0.7411	-0.3045	0.5611	-0.2093	0.0740	0.0428	-0.0487	
-7.9106	-15.3793	11.0824	-0.2906	-0.1560	0.4150	0.7226	-0.3491	0.5662	-0.1877	0.0747	0.0433	-0.0483	
-7.9376	-15.3925	11.1196	-0.2905	-0.1559	0.4148	0.6991	-0.3889	0.5763	-0.1684	0.0751	0.0444	-0.0472	
-7.9664	-15.4049	11.1589	-0.2904	-0.1557	0.4147	0.6729	-0.4304	0.5834	-0.1471	0.0756	0.0455	-0.0465	
-7.9949	-15.4201	11.1975	-0.2904	-0.1557	0.4145	0.6463	-0.4693	0.5882	-0.1277	0.0758	0.0464	-0.0458	
-8.0278	-15.4340	11.2374	-0.2906	-0.1556	0.4144	0.6206	-0.5080	0.5878	-0.1069	0.0760	0.0469	-0.0454	
-8.0580	-15.4474	11.2751	-0.2906	-0.1555	0.4142	0.5868	-0.5463	0.5912	-0.0889	0.0761	0.0484	-0.0449	
-8.0870	-15.4621	11.3076	-0.2906	-0.1554	0.4137	0.5546	-0.5808	0.5922	-0.0686	0.0762	0.0494	-0.0442	
-8.1163	-15.4793	11.3437	-0.2906	-0.1555	0.4134	0.5204	-0.6145	0.5911	-0.0494	0.0761	0.0504	-0.0437	
-8.1520	-15.4941	11.3839	-0.2909	-0.1555	0.4134	0.4868	-0.6437	0.5904	-0.0245	0.0764	0.0511	-0.0428	
-8.1862	-15.5085	11.4218	-0.2912	-0.1555	0.4132	0.4483	-0.6755	0.5853	-0.0013	0.0767	0.0521	-0.0424	
-8.2163	-15.5242	11.4528	-0.2912	-0.1555	0.4126	0.4087	-0.7044	0.5801	0.0215	0.0769	0.0531	-0.0419	
-8.2486	-15.5430	11.4852	-0.2913	-0.1557	0.4122	0.3736	-0.7266	0.5758	0.0444	0.0769	0.0536	-0.0410	
-8.2798	-15.5656	11.5193	-0.2914	-0.1561	0.4118	0.3300	-0.7518	0.5671	0.0658	0.0770	0.0548	-0.0406	
-8.3073	-15.5890	11.5506	-0.2913	-0.1565	0.4113	0.2904	-0.7713	0.5598	0.0893	0.0770	0.0555	-0.0398	
-8.3371	-15.6141	11.5866	-0.2913	-0.1570	0.4110	0.2507	-0.7885	0.5519	0.1087	0.0766	0.0563	-0.0391	
-8.3711	-15.6368	11.6183	-0.2916	-0.1574	0.4105	0.2087	-0.8035	0.5422	0.1324	0.0767	0.0572	-0.0382	
-8.4027	-15.6579	11.6605	-0.2917	-0.1577	0.4105	0.1673	-0.8163	0.5323	0.1524	0.0763	0.0580	-0.0376	
-8.4397	-15.6880	11.6928	-0.2920	-0.1584	0.4101	0.1265	-0.8263	0.5218	0.1733	0.0760	0.0588	-0.0367	
-8.4805	-15.7102	11.7271	-0.2926	-0.1588	0.4097	0.0847	-0.8336	0.5101	0.1967	0.0758	0.0597	-0.0356	
-8.5141	-15.7336	11.7668	-0.2928	-0.1592	0.4096	0.0431	-0.8380	0.4990	0.2191	0.0755	0.0607	-0.0346	
-8.5309	-15.7720	11.7909	-0.2922	-0.1603	0.4088	0.0027	-0.8384	0.4907	0.2407	0.0766	0.0593	-0.0361	
-8.5638	-15.7974	11.8311	-0.2924	-0.1608	0.4087	0.0396	0.8402	-0.4754	-0.2598	0.0763	0.0602	-0.0352	
-8.5975	-15.8145	11.8698	-0.2926	-0.1609	0.4086	0.0795	0.8397	-0.4602	-0.2791	0.0758	0.0610	-0.0342	
-8.6346	-15.8394	11.9050	-0.2930	-0.1613	0.4083	0.1216	0.8370	-0.4446	-0.2965	0.0752	0.0620	-0.0333	
-8.6685	-15.8667	11.9441	-0.2932	-0.1619	0.4082	0.1618	0.8298	-0.4334	-0.3149	0.0742	0.0633	-0.0320	
-8.7073	-15.8878	11.9801	-0.2936	-0.1622	0.4079	0.2027	0.8216	-0.4186	-0.3316	0.0734	0.0644	-0.0310	
-8.7429	-15.9137	12.0191	-0.2939	-0.1627	0.4078	0.2439	0.8113	-0.4029	-0.3480	0.0725	0.0657	-0.0301	
-8.7791	-15.9426	12.0537	-0.2942	-0.1633	0.4075	0.2833	0.7983	-0.3881	-0.3651	0.0714	0.0671	-0.0290	
-8.8151	-15.9699	12.0962	-0.2945	-0.1639	0.4076	0.3218	0.7846	-0.3713	-0.3799	0.0704	0.0683	-0.0282	
-8.8495	-15.9953	12.1318	-0.2948	-0.1643	0.4073	0.3584	0.7681	-0.3555	-0.3959	0.0691	0.0696	-0.0271	
-8.8884	-16.0214	12.1692	-0.2952	-0.1648	0.4071	0.3968	0.7468	-0.3408	-0.4125	0.0677	0.0713	-0.0261	
-8.9248	-16.0450	12.2064	-0.2955	-0.1652	0.4069	0.4319	0.7255	-0.3271	-0.4264	0.0660	0.0727	-0.0252	
-8.9676	-16.0696	12.2464	-0.2962	-0.1656	0.4069	0.4673	0.7032	-0.3073	-0.4402	0.0648	0.0740	-0.0245	
-9.0056	-16.1047	12.2883	-0.2966	-0.1665	0.4069	0.5069	0.6753	-0.2878	-0.4528	0.0634	0.0760	-0.0241	
-9.0458	-16.1305	12.3324	-0.2971	-0.1670	0.4070	0.5463	0.6443	-0.2681	-0.4639	0.0619	0.0779	-0.0239	
-9.0851	-16.1599	12.3791	-0.2975	-0.1676	0.4073	0.5817	0.6095	-0.2499	-0.4784	0.0601	0.0801	-0.0233	
-9.1252	-16.1788	12.4239	-0.2980	-0.1677	0.4074	0.6146	0.5721	-0.2326	-0.4920	0.0581	0.0822	-0.0227	
-9.1650	-16.2047	12.4712	-0.2985	-0.1682	0.4077	0.6475	0.5323	-0.2129	-0.5029	0.0563	0.0843	-0.0225	
-9.2061	-16.2332	12.5161	-0.2990	-0.1687	0.4079	0.6806	0.4922	-0.1912	-0.5085	0.0546	0.0860	-0.0227	
-9.2391	-16.2597	12.5613	-0.2991	-0.1692	0.4081	0.7091	0.4518	-0.1692	-0.5150	0.0529	0.0876	-0.0227	
-9.2754	-16.2851	12.6111	-0.2994	-0.1696	0.4085	0.7373	0.4084	-0.1468	-0.5183	0.0512	0.0892	-0.0230	
-9.3157	-16.3074	12.6588	-0.2999	-0.1699	0.4088	0.7655	0.3629	-0.1199	-0.5175	0.0500	0.0907	-0.0237	
-9.3514	-16.3315	12.7046	-0.3002	-0.1702	0.4090	0.7910	0.3141	-0.0958	-0.5165	0.0483	0.0923	-0.0244	
-9.3872	-16.3503	12.7566	-0.3004	-0.1703	0.4095	0.8122	0.2632	-0.0707	-0.5161	0.0467	0.0939	-0.0249	
-9.4225	-16.3687	12.8010	-0.3007	-0.1704	0.4096	0.8312	0.2179	-0.0487	-0.5099	0.0451	0.0947	-0.0257	
-9.4566	-16.3881	12.8506	-0.3009	-0.1705	0.4100	0.8460	0.1652	-0.0203	-0.5066	0.0438	0.0961	-0.0262	
-9.4886	-16.4035	12.8967	-0.3010	-0.1704	0.4102	0.8588	0.1183	0.0048	-0.4989	0.0425	0.0968	-0.0268	
-9.5215	-16.4198	12.9417	-0.3011	-0.1704	0.4104	0.8680	0.0675	0.0325	-0.4911	0.0413	0.0978	-0.0274	
-9.5529	-16.4357	12.9899	-0.3012	-0.1703	0.4107	0.8759	0.0148	0.0606	-0.4784	0.0404	0.0987	-0.0284	
-9.5859	-16.4489	13.0338	-0.3013	-0.1701	0.4108	0.8800	-0.0370	0.0860	-0.4659	0.0392	0.0995	-0.0292	
-9.6208	-16.4612	13.0770	-0.3015	-0.1699	0.4109	0.8815	-0.0843	0.1107	-0.4518	0.0383	0.0998	-0.0300	
-9.6512	-16.4783	13.1171	-0.3016	-0.1699	0.4109	0.8812	-0.1314	0.1350	-0.4339	0.0375	0.0999	-0.0309	
-9.6833	-16.4948	13.1573	-0.3017	-0.1699	0.4108	0.8797	-0.1771	0.1574	-0.4129	0.0370	0.0997	-0.0321	
-9.7091	-16.5076	13.1966	-0.3015	-0.1697	0.4107	0.8725	-0.2257	0.1831	-0.3927	0.0364	0.1001	-0.0330	
-9.7411	-16.5186	13.2393	-0.3016	-0.1694	0.4108	0.8633	-0.2726	0.2051	-0.3725	0.0357	0.1002	-0.0339	
-9.7768	-16.5322	13.2782	-0.3018	-0.1692	0.4107	0.8504	-0.3170	0.2294	-0.3521	0.0351	0.1004	-0.0344	
-9.8077	-16.5389	13.3179	-0.3019	-0.1688	0.4107	0.8346	-0.3612	0.2525	-0.3308	0.0345	0.1006	-0.0349	
-9.8447	-16.5508	13.3584	-0.3022	-0.1685	0.4106	0.8162	-0.4041	0.2748	-0.3086	0.0339	0.1008	-0.0354	
-9.8773	-16.5638	13.3941	-0.3023	-0.1683	0.4104	0.7960	-0.4491	0.2923	-0.2818	0.0336	0.1008	-0.0366	
-9.9105	-16.5729	13.4286	-0.3025	-0.1680	0.4101	0.7736	-0.4900	0.3099	-0.2564	0.0331	0.1007	-0.0375	
-9.9432	-16.5833	13.4596	-0.3026	-0.1676	0.4097	0.7492	-0.5268	0.3275	-0.2338	0.0325	0.1005	-0.0378	
-9.9793	-16.5984	13.4896	-0.3029	-0.1675	0.4092	0.7206	-0.5647	0.3433	-0.2113	0.0317	0.1006	-0.0384	
-10.0152	-16.6133	13.5237	-0.3032	-0.1674	0.4089	0.6910	-0.6005	0.3571	-0.1875	0.0310	0.1005	-0.0390	
-10.0540	-16.6268	13.5617	-0.3035	-0.1673	0.4088	0.6631	-0.6302	0.3697	-0.1666	0.0302	0.1000	-0.0392	
-10.0892	-16.6362	13.5901	-0.3038	-0.1669	0.4082	0.6301	-0.6616	0.3814	-0.1437	0.0294	0.0998	-0.0397	
-10.1317	-16.6458	13.6191	-0.3043	-0.1666	0.4077	0.5967	-0.6931	0.3877	-0.1190	0.0288	0.0993	-0.0407	
-10.1631	-16.6613	13.6493	-0.3044	-0.1665	0.4073	0.5628	-0.7203	0.3951	-0.0984	0.0279	0.0987	-0.0412	
-10.1966	-16.6740	13.6792	-0.3046	-0.1663	0.4068	0.5246	-0.7467	0.4029	-0.0776	0.0268	0.0985	-0.0418	
-10.2336	-16.6907	13.7091	-0.3049	-0.1663	0.4063	0.4897	-0.7706	0.4058	-0.0578	0.0259	0.0977	-0.0425	
-10.2718	-16.7063	13.7389	-0.3052	-0.1662	0.4059	0.4536	-0.7940	0.4050	-0.0375	0.0252	0.0967	-0.0436	
-10.3045	-16.7187	13.7728	-0.3053	-0.1660	0.4056	0.4123	-0.8162	0.4056	-0.0151	0.0245	0.0962	-0.0447	
-10.3424	-16.7317	13.8026	-0.3057	-0.1658	0.4051	0.3685	-0.8361	0.4074	0.0064	0.0236	0.0958	-0.0458	
-10.3810	-16.7441	13.8411	-0.3061	-0.1656	0.4050	0.3296	-0.8528	0.4062	0.0248	0.0228	0.0949	-0.0467	
-10.4228	-16.7645	13.8723	-0.3066	-0.1657	0.4046	0.2865	-0.8697	0.4010	0.0435	0.0221	0.0939	-0.0481	
-10.4615	-16.7845	13.9060	-0.3069	-0.1659	0.4044	0.2426	-0.8854	0.3928	0.0632	0.0217	0.0929	-0.0497	
-10.5018	-16.7994	13.9371	-0.3074	-0.1658	0.4040	0.1955	-0.8990	0.3847	0.0813	0.0212	0.0919	-0.0515	
-10.5401	-16.8161	13.9694	-0.3077	-0.1657	0.4036	0.1491	-0.9109	0.3725	0.1005	0.0211	0.0907	-0.0534	
-10.5796	-16.8349	14.0008	-0.3081	-0.1658	0.4033	0.1031	-0.9213	0.3580	0.1167	0.0210	0.0893	-0.0553	
-10.6183	-16.8561	14.0363	-0.3085	-0.1660	0.4031	0.0544	-0.9292	0.3415	0.1335	0.0211	0.0879	-0.0575	
-10.6802	-16.8534	14.0775	-0.3098	-0.1652	0.4031	0.0056	-0.9356	0.3204	0.1506	0.0217	0.0891	-0.0555	
-10.7180	-16.8724	14.1158	-0.3101	-0.1653	0.4030	0.0408	0.9391	-0.2986	-0.1680	0.0222	0.0874	-0.0577	
-10.7536	-16.8858	14.1538	-0.3103	-0.1652	0.4029	0.0903	0.9387	-0.2758	-0.1870	0.0229	0.0860	-0.0600	
-10.7891	-16.9037	14.1853	-0.3105	-0.1652	0.4025	0.1431	0.9366	-0.2475	-0.2035	0.0239	0.0844	-0.0628	
-10.8268	-16.9241	14.2196	-0.3108	-0.1653	0.4023	0.1901	0.9306	-0.2232	-0.2201	0.0247	0.0829	-0.0647	
-10.8639	-16.9436	14.2563	-0.3111	-0.1655	0.4021	0.2382	0.9223	-0.1949	-0.2348	0.0258	0.0812	-0.0669	
-10.9019	-16.9603	14.2939	-0.3114	-0.1655	0.4020	0.2849	0.9106	-0.1666	-0.2494	0.0270	0.0795	-0.0688	
-10.9391	-16.9759	14.3315	-0.3116	-0.1654	0.4019	0.3314	0.8962	-0.1386	-0.2610	0.0282	0.0778	-0.0708	
-10.9771	-16.9940	14.3702	-0.3119	-0.1655	0.4019	0.3815	0.8765	-0.1069	-0.2731	0.0296	0.0763	-0.0730	
-11.0125	-17.0104	14.4086	-0.3121	-0.1655	0.4018	0.4295	0.8545	-0.0758	-0.2821	0.0310	0.0746	-0.0751	
-11.0439	-17.0224	14.4495	-0.3121	-0.1653	0.4018	0.4719	0.8317	-0.0443	-0.2898	0.0325	0.0728	-0.0767	
-11.0792	-17.0389	14.4892	-0.3123	-0.1653	0.4018	0.5179	0.8016	-0.0117	-0.2979	0.0341	0.0713	-0.0786	
-11.1109	-17.0572	14.5322	-0.3123	-0.1654	0.4019	0.5585	0.7715	0.0182	-0.3044	0.0354	0.0698	-0.0799	
-11.1413	-17.0779	14.5723	-0.3123	-0.1655	0.4019	0.5969	0.7381	0.0481	-0.3107	0.0368	0.0684	-0.0810	
-11.1722	-17.0924	14.6121	-0.3123	-0.1655	0.4019	0.6310	0.7063	0.0748	-0.3132	0.0379	0.0667	-0.0818	
-11.2009	-17.1088	14.6531	-0.3122	-0.1655	0.4019	0.6650	0.6682	0.1041	-0.3170	0.0393	0.0654	-0.0827	
-11.2326	-17.1223	14.6915	-0.3122	-0.1653	0.4018	0.6964	0.6293	0.1322	-0.3190	0.0407	0.0640	-0.0834	
-11.2623	-17.1345	14.7318	-0.3121	-0.1652	0.4018	0.7251	0.5889	0.1569	-0.3212	0.0417	0.0628	-0.0839	
-11.2910	-17.1459	14.7717	-0.3120	-0.1650	0.4018	0.7511	0.5484	0.1783	-0.3224	0.0424	0.0617	-0.0841	
-11.3220	-17.1583	14.8129	-0.3120	-0.1648	0.4019	0.7773	0.5023	0.2039	-0.3191	0.0437	0.0603	-0.0849	
-11.3535	-17.1696	14.8535	-0.3120	-0.1646	0.4019	0.8000	0.4577	0.2276	-0.3146	0.0449	0.0589	-0.0853	
-11.3835	-17.1826	14.8940	-0.3120	-0.1645	0.4019	0.8207	0.4125	0.2473	-0.3092	0.0456	0.0576	-0.0856	
-11.4120	-17.1996	14.9330	-0.3119	-0.1645	0.4018	0.8381	0.3672	0.2636	-0.3066	0.0459	0.0566	-0.0857	
-11.4385	-17.2161	14.9680	-0.3117	-0.1645	0.4016	0.8547	0.3204	0.2809	-0.2977	0.0467	0.0552	-0.0860	
-11.4731	-17.2265	15.0035	-0.3118	-0.1643	0.4014	0.8694	0.2712	0.2964	-0.2884	0.0473	0.0539	-0.0865	
-11.5003	-17.2411	15.0423	-0.3117	-0.1642	0.4014	0.8804	0.2187	0.3148	-0.2792	0.0484	0.0528	-0.0868	
-11.5244	-17.2537	15.0840	-0.3114	-0.1641	0.4014	0.8897	0.1692	0.3300	-0.2673	0.0492	0.0515	-0.0870	
-11.5495	-17.2714	15.1218	-0.3111	-0.1641	0.4014	0.8950	0.1197	0.3455	-0.2564	0.0500	0.0504	-0.0870	
-11.5802	-17.2843	15.1610	-0.3111	-0.1640	0.4013	0.8994	0.0686	0.3573	-0.2433	0.0507	0.0491	-0.0873	
-11.6104	-17.2966	15.1990	-0.3111	-0.1638	0.4012	0.9002	0.0242	0.3693	-0.2319	0.0512	0.0480	-0.0868	
-11.6428	-17.3118	15.2407	-0.3111	-0.1638	0.4013	0.8985	-0.0219	0.3811	-0.2187	0.0519	0.0469	-0.0864	
-11.6715	-17.3236	15.2787	-0.3110	-0.1636	0.4012	0.8961	-0.0669	0.3907	-0.2023	0.0526	0.0455	-0.0861	
-11.7048	-17.3348	15.3166	-0.3111	-0.1634	0.4011	0.8908	-0.1103	0.4001	-0.1881	0.0531	0.0444	-0.0855	
-11.7356	-17.3472	15.3585	-0.3111	-0.1633	0.4012	0.8840	-0.1550	0.4076	-0.1714	0.0538	0.0431	-0.0852	
-11.7670	-17.3653	15.3948	-0.3111	-0.1633	0.4010	0.8738	-0.2004	0.4155	-0.1563	0.0545	0.0422	-0.0847	
-11.7981	-17.3824	15.4312	-0.3111	-0.1634	0.4009	0.8634	-0.2432	0.4207	-0.1394	0.0551	0.0410	-0.0843	
-11.8276	-17.3963	15.4679	-0.3110	-0.1633	0.4008	0.8504	-0.2850	0.4260	-0.1229	0.0556	0.0399	-0.0837	
-11.8549	-17.4106	15.5042	-0.3109	-0.1632	0.4006	0.8350	-0.3271	0.4306	-0.1057	0.0563	0.0390	-0.0832	
-11.8909	-17.4271	15.5389	-0.3110	-0.1632	0.4004	0.8194	-0.3652	0.4345	-0.0874	0.0570	0.0379	-0.0824	
-11.9224	-17.4445	15.5752	-0.3110	-0.1633	0.4003	0.8022	-0.4018	0.4375	-0.0708	0.0575	0.0369	-0.0815	
-11.9543	-17.4608	15.6136	-0.3111	-0.1633	0.4002	0.7817	-0.4395	0.4405	-0.0505	0.0584	0.0361	-0.0807	
-11.9823	-17.4779	15.6487	-0.3109	-0.1633	0.4000	0.7622	-0.4750	0.4401	-0.0295	0.0592	0.0348	-0.0799	
-12.0162	-17.4932	15.6904	-0.3110	-0.1633	0.4001	0.7399	-0.5099	0.4399	-0.0151	0.0594	0.0341	-0.0792	
-12.0492	-17.5090	15.7333	-0.3111	-0.1633	0.4002	0.7158	-0.5442	0.4386	0.0039	0.0601	0.0333	-0.0784	
-12.0788	-17.5251	15.7721	-0.3110	-0.1633	0.4001	0.6911	-0.5750	0.4387	0.0242	0.0609	0.0326	-0.0773	
-12.1084	-17.5382	15.8100	-0.3110	-0.1631	0.4000	0.6657	-0.6047	0.4364	0.0450	0.0617	0.0318	-0.0763	
-12.1405	-17.5505	15.8509	-0.3110	-0.1630	0.4001	0.6389	-0.6329	0.4339	0.0653	0.0624	0.0311	-0.0752	
-12.1653	-17.5646	15.8874	-0.3107	-0.1629	0.3999	0.6065	-0.6618	0.4327	0.0878	0.0635	0.0309	-0.0741	
-12.1933	-17.5830	15.9276	-0.3106	-0.1630	0.3999	0.5758	-0.6879	0.4298	0.1075	0.0643	0.0305	-0.0730	
-12.2203	-17.5958	15.9616	-0.3105	-0.1629	0.3997	0.5433	-0.7140	0.4233	0.1288	0.0653	0.0300	-0.0720	
-12.2498	-17.6096	15.9945	-0.3104	-0.1628	0.3994	0.5115	-0.7370	0.4168	0.1496	0.0661	0.0295	-0.0708	
-12.2829	-17.6254	16.0351	-0.3105	-0.1628	0.3995	0.4824	-0.7557	0.4115	0.1686	0.0666	0.0291	-0.0694	
-12.3129	-17.6455	16.0708	-0.3104	-0.1629	0.3993	0.4484	-0.7724	0.4081	0.1927	0.0677	0.0292	-0.0676	
-12.3429	-17.6572	16.1042	-0.3104	-0.1628	0.3991	0.4126	-0.7891	0.4017	0.2160	0.0687	0.0293	-0.0662	
-12.3735	-17.6711	16.1424	-0.3103	-0.1627	0.3990	0.3798	-0.8029	0.3963	0.2358	0.0692	0.0293	-0.0646	
-12.4048	-17.6828	16.1771	-0.3103	-0.1625	0.3988	0.3431	-0.8151	0.3916	0.2564	0.0699	0.0298	-0.0631	
-12.4377	-17.6972	16.2132	-0.3104	-0.1624	0.3987	0.3060	-0.8269	0.3842	0.2759	0.0705	0.0301	-0.0617	
-12.4686	-17.7093	16.2474	-0.3104	-0.1623	0.3984	0.2661	-0.8366	0.3759	0.2980	0.0714	0.0306	-0.0603	
-12.5067	-17.7230	16.2857	-0.3106	-0.1622	0.3984	0.2278	-0.8440	0.3689	0.3174	0.0718	0.0312	-0.0589	
-12.5388	-17.7373	16.3229	-0.3106	-0.1621	0.3983	0.1896	-0.8473	0.3638	0.3395	0.0724	0.0322	-0.0571	
-12.5714	-17.7557	16.3580	-0.3107	-0.1622	0.3981	0.1484	-0.8503	0.3543	0.3609	0.0732	0.0331	-0.0556	
-12.6098	-17.7708	16.3947	-0.3109	-0.1622	0.3980	0.1062	-0.8510	0.3457	0.3820	0.0738	0.0342	-0.0541	
-12.6437	-17.7859	16.4290	-0.3110	-0.1621	0.3978	0.0650	-0.8493	0.3342	0.4045	0.0746	0.0353	-0.0524	
-12.6576	-17.8102	16.4531	-0.3104	-0.1624	0.3972	0.0217	-0.8456	0.3267	0.4228	0.0747	0.0332	-0.0539	
-12.6889	-17.8296	16.4871	-0.3104	-0.1625	0.3970	0.0210	0.8389	-0.3184	-0.4423	0.0751	0.0348	-0.0523	
-12.7192	-17.8450	16.5257	-0.3104	-0.1625	0.3970	0.0632	0.8318	-0.3054	-0.4602	0.0756	0.0360	-0.0508	
-12.7521	-17.8606	16.5615	-0.3105	-0.1625	0.3968	0.1034	0.8221	-0.2938	-0.4778	0.0759	0.0373	-0.0492	
-12.7850	-17.8784	16.5991	-0.3105	-0.1625	0.3968	0.1443	0.8081	-0.2848	-0.4964	0.0760	0.0391	-0.0475	
-12.8204	-17.8944	16.6344	-0.3107	-0.1625	0.3966	0.1884	0.7926	-0.2737	-0.5121	0.0761	0.0409	-0.0463	
-12.8581	-17.9124	16.6739	-0.3109	-0.1626	0.3966	0.2345	0.7751	-0.2594	-0.5267	0.0765	0.0426	-0.0452	
-12.8895	-17.9305	16.7105	-0.3109	-0.1626	0.3965	0.2765	0.7568	-0.2467	-0.5392	0.0764	0.0442	-0.0442	
-12.9221	-17.9464	16.7518	-0.3109	-0.1626	0.3965	0.3172	0.7364	-0.2313	-0.5518	0.0764	0.0457	-0.0430	
-12.9585	-17.9626	16.7920	-0.3111	-0.1626	0.3966	0.3589	0.7136	-0.2159	-0.5621	0.0763	0.0472	-0.0421	
-12.9910	-17.9779	16.8316	-0.3112	-0.1626	0.3966	0.3980	0.6889	-0.1959	-0.5737	0.0765	0.0486	-0.0410	
-13.0275	-17.9928	16.8697	-0.3114	-0.1625	0.3965	0.4379	0.6624	-0.1744	-0.5825	0.0767	0.0499	-0.0401	
-13.0601	-18.0104	16.9109	-0.3114	-0.1626	0.3966	0.4783	0.6322	-0.1552	-0.5897	0.0767	0.0516	-0.0394	
-13.0951	-18.0268	16.9510	-0.3116	-0.1626	0.3966	0.5138	0.6038	-0.1364	-0.5946	0.0764	0.0527	-0.0387	
-13.1285	-18.0449	16.9919	-0.3116	-0.1626	0.3966	0.5499	0.5710	-0.1153	-0.5988	0.0763	0.0542	-0.0380	
-13.1626	-18.0637	17.0331	-0.3117	-0.1627	0.3967	0.5860	0.5349	-0.0939	-0.6015	0.0762	0.0557	-0.0375	
-13.1976	-18.0794	17.0744	-0.3119	-0.1627	0.3967	0.6208	0.4996	-0.0703	-0.6000	0.0763	0.0568	-0.0371	
-13.2303	-18.0929	17.1189	-0.3119	-0.1626	0.3969	0.6497	0.4638	-0.0500	-0.6009	0.0758	0.0580	-0.0364	
-13.2602	-18.1053	17.1583	-0.3119	-0.1624	0.3969	0.6775	0.4258	-0.0284	-0.5995	0.0754	0.0591	-0.0359	
-13.2875	-18.1176	17.1991	-0.3118	-0.1623	0.3969	0.7040	0.3861	-0.0083	-0.5964	0.0749	0.0603	-0.0355	
-13.3198	-18.1327	17.2373	-0.3118	-0.1622	0.3969	0.7277	0.3449	0.0154	-0.5931	0.0746	0.0615	-0.0348	
-13.3498	-18.1443	17.2773	-0.3118	-0.1621	0.3969	0.7507	0.3052	0.0406	-0.5847	0.0746	0.0623	-0.0344	
-13.3786	-18.1568	17.3197	-0.3117	-0.1619	0.3970	0.7702	0.2620	0.0658	-0.5781	0.0744	0.0634	-0.0337	
-13.4073	-18.1720	17.3608	-0.3116	-0.1619	0.3970	0.7867	0.2209	0.0875	-0.5704	0.0739	0.0642	-0.0332	
-13.4344	-18.1802	17.4010	-0.3115	-0.1616	0.3971	0.8004	0.1796	0.1094	-0.5621	0.0733	0.0650	-0.0326	
-13.4612	-18.1915	17.4395	-0.3113	-0.1614	0.3970	0.8107	0.1446	0.1305	-0.5534	0.0726	0.0652	-0.0319	
-13.4891	-18.2072	17.4774	-0.3112	-0.1614	0.3970	0.8199	0.1041	0.1560	-0.5415	0.0724	0.0659	-0.0310	
-13.5145	-18.2146	17.5169	-0.3110	-0.1611	0.3970	0.8273	0.0666	0.1762	-0.5303	0.0717	0.0662	-0.0304	
-13.5425	-18.2239	17.5529	-0.3109	-0.1609	0.3969	0.8305	0.0289	0.1972	-0.5216	0.0709	0.0668	-0.0294	
-13.5656	-18.2363	17.5905	-0.3107	-0.1607	0.3968	0.8323	-0.0162	0.2191	-0.5097	0.0702	0.0680	-0.0288	
-13.5952	-18.2457	17.6301	-0.3106	-0.1605	0.3968	0.8317	-0.0581	0.2387	-0.4992	0.0693	0.0689	-0.0280	
-13.6236	-18.2583	17.6646	-0.3105	-0.1604	0.3966	0.8304	-0.0959	0.2603	-0.4842	0.0687	0.0695	-0.0272	
-13.6468	-18.2706	17.7043	-0.3103	-0.1602	0.3966	0.8237	-0.1387	0.2847	-0.4713	0.0679	0.0708	-0.0260	
-13.6719	-18.2808	17.7418	-0.3101	-0.1600	0.3966	0.8168	-0.1803	0.3047	-0.4565	0.0670	0.0718	-0.0253	
-13.6951	-18.2944	17.7778	-0.3098	-0.1599	0.3965	0.8058	-0.2212	0.3260	-0.4435	0.0660	0.0731	-0.0243	
-13.7246	-18.3044	17.8143	-0.3098	-0.1597	0.3964	0.7925	-0.2605	0.3468	-0.4302	0.0648	0.0743	-0.0232	
-13.7462	-18.3174	17.8486	-0.3095	-0.1596	0.3962	0.7752	-0.3041	0.3678	-0.4150	0.0636	0.0760	-0.0224	
-13.7729	-18.3293	17.8821	-0.3094	-0.1594	0.3960	0.7558	-0.3428	0.3873	-0.4035	0.0620	0.0775	-0.0213	
-13.7988	-18.3412	17.9141	-0.3092	-0.1593	0.3958	0.7351	-0.3841	0.4050	-0.3859	0.0608	0.0790	-0.0207	
-13.8299	-18.3523	17.9479	-0.3092	-0.1591	0.3956	0.7120	-0.4218	0.4227	-0.3711	0.0592	0.0805	-0.0199	
-13.8580	-18.3638	17.9851	-0.3091	-0.1590	0.3955	0.6859	-0.4586	0.4414	-0.3543	0.0576	0.0821	-0.0190	
-13.8857	-18.3766	18.0199	-0.3090	-0.1588	0.3954	0.6586	-0.4964	0.4557	-0.3363	0.0560	0.0835	-0.0186	
-13.9168	-18.3856	18.0577	-0.3090	-0.1586	0.3953	0.6289	-0.5319	0.4693	-0.3202	0.0541	0.0850	-0.0182	
-13.9461	-18.3970	18.0918	-0.3090	-0.1584	0.3951	0.5985	-0.5663	0.4801	-0.3029	0.0523	0.0862	-0.0180	
-13.9730	-18.4094	18.1242	-0.3089	-0.1583	0.3949	0.5651	-0.5991	0.4906	-0.2871	0.0502	0.0876	-0.0178	
-14.0013	-18.4193	18.1579	-0.3088	-0.1581	0.3947	0.5284	-0.6316	0.5009	-0.2682	0.0483	0.0891	-0.0177	
-14.0277	-18.4335	18.1875	-0.3087	-0.1580	0.3944	0.4889	-0.6648	0.5090	-0.2455	0.0466	0.0907	-0.0178	
-14.0570	-18.4445	18.2250	-0.3086	-0.1579	0.3943	0.4485	-0.6944	0.5178	-0.2214	0.0449	0.0922	-0.0178	
-14.0853	-18.4594	18.2578	-0.3085	-0.1578	0.3941	0.4087	-0.7228	0.5218	-0.1966	0.0434	0.0934	-0.0182	
-14.1130	-18.4720	18.2925	-0.3084	-0.1577	0.3940	0.3682	-0.7474	0.5257	-0.1739	0.0417	0.0943	-0.0185	
-14.1410	-18.4855	18.3223	-0.3083	-0.1576	0.3937	0.3219	-0.7729	0.5265	-0.1490	0.0400	0.0957	-0.0191	
-14.1706	-18.4996	18.3553	-0.3083	-0.1576	0.3935	0.2754	-0.7958	0.5248	-0.1271	0.0381	0.0967	-0.0200	
-14.1987	-18.5132	18.3852	-0.3082	-0.1575	0.3932	0.2290	-0.8163	0.5205	-0.1035	0.0365	0.0976	-0.0209	
-14.2255	-18.5268	18.4202	-0.3081	-0.1574	0.3930	0.1807	-0.8349	0.5143	-0.0785	0.0350	0.0985	-0.0220	
-14.2582	-18.5416	18.4551	-0.3082	-0.1574	0.3929	0.1338	-0.8502	0.5069	-0.0503	0.0338	0.0992	-0.0229	
-14.2910	-18.5562	18.4915	-0.3082	-0.1573	0.3928	0.0866	-0.8615	0.5001	-0.0229	0.0326	0.0999	-0.0236	
-14.3235	-18.5741	18.5261	-0.3083	-0.1574	0.3926	0.0382	-0.8721	0.4886	-0.0006	0.0312	0.1002	-0.0250	
-14.3583	-18.5688	18.5642	-0.3084	-0.1567	0.3926	-0.0133	-0.8792	0.4760	0.0235	0.0331	0.0994	-0.0241	
-14.3904	-18.5816	18.6011	-0.3085	-0.1566	0.3925	0.0612	0.8849	-0.4593	-0.0494	0.0321	0.0998	-0.0254	
-14.4216	-18.5977	18.6313	-0.3085	-0.1566	0.3922	0.1109	0.8881	-0.4388	-0.0785	0.0315	0.1003	-0.0268	
-14.4584	-18.6120	18.6698	-0.3087	-0.1566	0.3922	0.1586	0.8889	-0.4174	-0.1029	0.0309	0.1005	-0.0284	
-14.4894	-18.6252	18.7052	-0.3087	-0.1565	0.3921	0.2071	0.8847	-0.3973	-0.1290	0.0301	0.1008	-0.0296	
-14.5212	-18.6436	18.7401	-0.3087	-0.1566	0.3919	0.2557	0.8776	-0.3756	-0.1533	0.0294	0.1011	-0.0309	
-14.5503	-18.6598	18.7783	-0.3086	-0.1566	0.3919	0.3013	0.8694	-0.3501	-0.1758	0.0290	0.1010	-0.0325	
-14.5829	-18.6757	18.8171	-0.3087	-0.1566	0.3919	0.3451	0.8565	-0.3270	-0.2013	0.0286	0.1012	-0.0334	
-14.6158	-18.6904	18.8567	-0.3087	-0.1566	0.3919	0.3873	0.8418	-0.3017	-0.2249	0.0283	0.1011	-0.0344	
-14.6480	-18.7066	18.8928	-0.3088	-0.1566	0.3918	0.4314	0.8232	-0.2728	-0.2482	0.0282	0.1013	-0.0357	
-14.6795	-18.7228	18.9306	-0.3088	-0.1566	0.3918	0.4725	0.8011	-0.2441	-0.2740	0.0281	0.1016	-0.0365	
-14.7064	-18.7405	18.9683	-0.3087	-0.1567	0.3917	0.5105	0.7797	-0.2141	-0.2931	0.0281	0.1013	-0.0377	
-14.7338	-18.7591	19.0107	-0.3086	-0.1568	0.3918	0.5466	0.7550	-0.1888	-0.3102	0.0277	0.1010	-0.0385	
-14.7669	-18.7756	19.0519	-0.3086	-0.1568	0.3919	0.5842	0.7255	-0.1600	-0.3269	0.0275	0.1009	-0.0397	
-14.7973	-18.7964	19.0930	-0.3086	-0.1570	0.3919	0.6179	0.6946	-0.1342	-0.3438	0.0270	0.1009	-0.0404	
-14.8266	-18.8099	19.1359	-0.3086	-0.1569	0.3920	0.6493	0.6616	-0.1057	-0.3601	0.0267	0.1008	-0.0412	
-14.8540	-18.8285	19.1765	-0.3084	-0.1570	0.3921	0.6791	0.6277	-0.0828	-0.3727	0.0260	0.1005	-0.0418	
-14.8784	-18.8457	19.2165	-0.3082	-0.1571	0.3921	0.7071	0.5915	-0.0602	-0.3840	0.0252	0.1002	-0.0425	
-14.9062	-18.8652	19.2568	-0.3081	-0.1572	0.3921	0.7331	0.5551	-0.0331	-0.3924	0.0249	0.0997	-0.0435	
-14.9320	-18.8835	19.2980	-0.3080	-0.1573	0.3922	0.7566	0.5173	-0.0100	-0.4010	0.0243	0.0992	-0.0442	
-14.9602	-18.9000	19.3420	-0.3079	-0.1573	0.3923	0.7795	0.4767	0.0144	-0.4071	0.0238	0.0988	-0.0452	
-14.9855	-18.9191	19.3838	-0.3077	-0.1574	0.3924	0.8006	0.4365	0.0369	-0.4103	0.0232	0.0981	-0.0463	
-15.0099	-18.9368	19.4266	-0.3075	-0.1575	0.3925	0.8184	0.3957	0.0586	-0.4140	0.0226	0.0974	-0.0471	
-15.0368	-18.9552	19.4684	-0.3074	-0.1576	0.3925	0.8360	0.3529	0.0816	-0.4135	0.0223	0.0966	-0.0484	
-15.0597	-18.9733	19.5117	-0.3072	-0.1577	0.3927	0.8512	0.3105	0.1038	-0.4115	0.0220	0.0956	-0.0497	
-15.0871	-18.9911	19.5539	-0.3071	-0.1577	0.3928	0.8638	0.2680	0.1267	-0.4087	0.0219	0.0946	-0.0508	
-15.1104	-19.0062	19.5992	-0.3068	-0.1577	0.3929	0.8747	0.2239	0.1501	-0.4038	0.0220	0.0937	-0.0521	
-15.1335	-19.0233	19.6427	-0.3066	-0.1578	0.3931	0.8852	0.1778	0.1710	-0.3955	0.0221	0.0925	-0.0537	
