1.0413	-9.8005	0.4134	0.0000	0.0000	0.0000	0.6194	-0.1743	0.5245	0.5575	0.0000	0.0000	0.0000	
0.7988	-10.3990	0.2615	-0.0240	-0.0593	-0.0150	0.6419	-0.1595	0.5514	0.5118	-0.0213	0.0021	-0.0103	
0.7076	-10.5093	0.2378	-0.0468	-0.0871	-0.0207	0.6533	-0.1516	0.5609	0.4852	-0.0634	0.0020	-0.0240	
0.6204	-10.6840	0.1520	-0.0822	-0.1658	-0.0624	0.6658	-0.0557	0.5540	0.5080	-0.0853	0.0446	0.0835	
0.5229	-10.8646	0.0038	-0.1374	-0.2817	-0.1491	0.6822	-0.0717	0.5614	0.4807	-0.0669	0.0153	0.0307	
0.4150	-10.9483	-0.0251	-0.2101	-0.3304	-0.1639	0.6968	-0.0463	0.5297	0.4835	-0.0589	-0.0005	0.0440	
0.4185	-11.0437	-0.1010	-0.1883	-0.3941	-0.2179	0.7124	-0.0149	0.5196	0.4713	-0.0596	-0.0006	0.0447	
0.4023	-11.1303	-0.1672	-0.1860	-0.4484	-0.2631	0.7167	0.0038	0.5093	0.4785	-0.0489	-0.0004	0.0451	
0.5102	-11.2756	-0.2664	-0.0593	-0.5610	-0.3372	0.7070	0.0455	0.5126	0.4865	-0.0426	0.0110	0.0487	
0.5367	-11.3450	-0.2364	-0.0253	-0.5723	-0.2740	0.7065	0.0896	0.4977	0.4948	-0.0411	0.0134	0.0540	
0.6127	-11.3751	-0.3021	0.0531	-0.5464	-0.3100	0.7068	0.1134	0.4996	0.4891	-0.0395	0.0151	0.0499	
0.5878	-11.3642	-0.3431	0.0224	-0.4796	-0.3164	0.7020	0.1470	0.5053	0.4804	-0.0403	0.0197	0.0475	
0.6006	-11.4268	-0.3673	0.0314	-0.4915	-0.3080	0.7066	0.1899	0.5061	0.4565	-0.0459	0.0222	0.0457	
0.8064	-11.4962	-0.3513	0.2177	-0.5081	-0.2644	0.7129	0.2268	0.4977	0.4387	-0.0485	0.0213	0.0451	
0.8666	-11.5764	-0.3784	0.2495	-0.5346	-0.2634	0.6943	0.2721	0.5045	0.4356	-0.0471	0.0273	0.0460	
0.9544	-11.6662	-0.3611	0.3018	-0.5650	-0.2262	0.6816	0.3131	0.5013	0.4311	-0.0463	0.0297	0.0470	
1.0560	-11.7253	-0.4086	0.3600	-0.5665	-0.2464	0.6893	0.3438	0.4904	0.4082	-0.0491	0.0273	0.0454	
1.0779	-11.7756	-0.4457	0.3471	-0.5640	-0.2551	0.6771	0.3727	0.4975	0.3949	-0.0483	0.0297	0.0434	
1.1382	-11.8916	-0.4568	0.3640	-0.6090	-0.2434	0.6575	0.4119	0.5002	0.3844	-0.0477	0.0329	0.0435	
1.2330	-11.9918	-0.4682	0.4055	-0.6360	-0.2336	0.6432	0.4521	0.4902	0.3758	-0.0477	0.0337	0.0449	
1.3378	-12.0502	-0.5450	0.4469	-0.6354	-0.2684	0.6276	0.4794	0.5016	0.3546	-0.0476	0.0360	0.0423	
1.4146	-12.0839	-0.5722	0.4667	-0.6178	-0.2668	0.6055	0.5101	0.5031	0.3471	-0.0462	0.0377	0.0424	
1.5793	-12.1990	-0.5739	0.5422	-0.6495	-0.2506	0.5957	0.5459	0.4913	0.3245	-0.0479	0.0374	0.0424	
1.7251	-12.3207	-0.6052	0.5973	-0.6840	-0.2543	0.5813	0.5771	0.4847	0.3065	-0.0484	0.0377	0.0420	
1.8311	-12.3964	-0.6825	0.6236	-0.6885	-0.2829	0.5562	0.6124	0.4763	0.2974	-0.0478	0.0388	0.0432	
1.8942	-12.4875	-0.7881	0.6225	-0.7018	-0.3259	0.5334	0.6428	0.4713	0.2831	-0.0474	0.0398	0.0433	
1.9503	-12.5457	-0.8228	0.6182	-0.6966	-0.3256	0.5073	0.6721	0.4661	0.2716	-0.0467	0.0409	0.0436	
2.0515	-12.6445	-0.8490	0.6397	-0.7106	-0.3202	0.4793	0.7076	0.4527	0.2525	-0.0474	0.0420	0.0446	
2.1538	-12.7580	-0.8466	0.6588	-0.7327	-0.3021	0.4557	0.7352	0.4412	0.2389	-0.0471	0.0422	0.0450	
2.1713	-12.7844	-0.8956	0.6324	-0.7129	-0.3096	0.4224	0.7577	0.4423	0.2292	-0.0456	0.0438	0.0450	
2.2900	-12.8577	-0.9038	0.6580	-0.7160	-0.2987	0.4004	0.7764	0.4382	0.2135	-0.0450	0.0441	0.0442	
2.3873	-12.9020	-0.9886	0.6720	-0.7048	-0.3233	0.3728	0.7967	0.4358	0.1913	-0.0450	0.0452	0.0435	
2.4319	-13.0063	-1.0280	0.6599	-0.7216	-0.3251	0.3382	0.8183	0.4291	0.1788	-0.0441	0.0462	0.0439	
2.5255	-13.0752	-1.0601	0.6712	-0.7221	-0.3230	0.3013	0.8382	0.4248	0.1619	-0.0435	0.0476	0.0441	
2.5959	-13.1199	-1.1106	0.6700	-0.7133	-0.3300	0.2700	0.8531	0.4199	0.1546	-0.0421	0.0480	0.0443	
2.6745	-13.2203	-1.1529	0.6730	-0.7271	-0.3334	0.2385	0.8678	0.4129	0.1414	-0.0413	0.0485	0.0443	
2.7096	-13.2844	-1.1986	0.6573	-0.7262	-0.3374	0.2033	0.8806	0.4077	0.1324	-0.0401	0.0491	0.0446	
2.8139	-13.3711	-1.2801	0.6700	-0.7342	-0.3552	0.1668	0.8920	0.4022	0.1229	-0.0389	0.0497	0.0448	
2.8801	-13.4501	-1.3346	0.6680	-0.7382	-0.3610	0.1283	0.9043	0.3913	0.1131	-0.0380	0.0503	0.0455	
2.9535	-13.5269	-1.3674	0.6688	-0.7414	-0.3583	0.0891	0.9146	0.3804	0.1043	-0.0371	0.0508	0.0463	
3.0244	-13.6507	-1.4059	0.6690	-0.7604	-0.3577	0.0503	0.9259	0.3615	0.0965	-0.0366	0.0509	0.0474	
3.0800	-13.8133	-1.4346	0.6673	-0.7876	-0.3571	0.0078	0.9309	0.3542	0.0918	-0.0385	0.0499	0.0469	
3.1473	-13.8802	-1.5072	0.6657	-0.7854	-0.3689	0.0304	-0.9360	-0.3410	-0.0835	-0.0376	0.0502	0.0474	
3.2440	-13.9464	-1.5661	0.6745	-0.7831	-0.3752	0.0687	-0.9400	-0.3257	-0.0762	-0.0369	0.0505	0.0481	
3.3376	-14.0369	-1.6137	0.6819	-0.7886	-0.3781	0.1023	-0.9428	-0.3105	-0.0670	-0.0363	0.0505	0.0484	
3.4405	-14.0817	-1.6739	0.6922	-0.7796	-0.3848	0.1411	-0.9422	-0.2990	-0.0565	-0.0356	0.0511	0.0487	
3.5145	-14.1131	-1.7404	0.6922	-0.7660	-0.3935	0.1716	-0.9428	-0.2827	-0.0483	-0.0352	0.0509	0.0488	
3.6082	-14.1757	-1.7908	0.6983	-0.7637	-0.3958	0.2113	-0.9394	-0.2667	-0.0432	-0.0343	0.0510	0.0497	
3.6794	-14.2819	-1.8315	0.6973	-0.7736	-0.3955	0.2437	-0.9376	-0.2458	-0.0372	-0.0340	0.0506	0.0503	
3.7492	-14.3560	-1.9291	0.6949	-0.7743	-0.4122	0.2799	-0.9311	-0.2326	-0.0335	-0.0330	0.0505	0.0509	
3.8410	-14.4183	-1.9785	0.6995	-0.7719	-0.4136	0.3173	-0.9228	-0.2170	-0.0315	-0.0321	0.0504	0.0518	
3.9321	-14.4875	-2.0365	0.7040	-0.7709	-0.4182	0.3484	-0.9154	-0.2013	-0.0267	-0.0315	0.0501	0.0521	
3.9996	-14.5350	-2.0740	0.7010	-0.7642	-0.4168	0.3817	-0.9045	-0.1910	-0.0232	-0.0305	0.0500	0.0524	
4.0997	-14.5680	-2.0977	0.7078	-0.7538	-0.4114	0.4136	-0.8936	-0.1744	-0.0204	-0.0299	0.0497	0.0529	
4.1813	-14.6191	-2.1598	0.7096	-0.7484	-0.4169	0.4478	-0.8800	-0.1584	-0.0155	-0.0292	0.0497	0.0535	
4.2756	-14.6806	-2.2004	0.7142	-0.7465	-0.4161	0.4833	-0.8638	-0.1426	-0.0151	-0.0284	0.0495	0.0545	
4.3397	-14.7390	-2.2141	0.7103	-0.7435	-0.4083	0.5142	-0.8483	-0.1286	-0.0149	-0.0276	0.0491	0.0550	
4.4284	-14.8046	-2.2720	0.7133	-0.7422	-0.4125	0.5427	-0.8327	-0.1111	-0.0141	-0.0271	0.0485	0.0555	
4.5216	-14.8530	-2.2974	0.7173	-0.7370	-0.4086	0.5743	-0.8129	-0.1000	-0.0136	-0.0260	0.0483	0.0562	
4.5796	-14.8939	-2.3435	0.7125	-0.7296	-0.4100	0.6042	-0.7924	-0.0856	-0.0112	-0.0253	0.0481	0.0567	
4.6584	-14.9338	-2.3824	0.7132	-0.7223	-0.4096	0.6322	-0.7719	-0.0691	-0.0094	-0.0248	0.0479	0.0572	
4.7309	-14.9320	-2.4237	0.7116	-0.7056	-0.4098	0.6609	-0.7486	-0.0590	-0.0119	-0.0238	0.0474	0.0578	
4.8035	-14.9580	-2.4662	0.7101	-0.6958	-0.4106	0.6880	-0.7245	-0.0503	-0.0143	-0.0227	0.0469	0.0584	
4.8719	-14.9751	-2.5223	0.7078	-0.6843	-0.4143	0.7141	-0.6993	-0.0390	-0.0177	-0.0219	0.0463	0.0590	
4.9439	-15.0289	-2.5816	0.7068	-0.6812	-0.4189	0.7379	-0.6746	-0.0274	-0.0187	-0.0211	0.0458	0.0595	
5.0324	-15.0679	-2.6200	0.7093	-0.6751	-0.4183	0.7595	-0.6507	-0.0169	-0.0228	-0.0203	0.0450	0.0599	
5.1071	-15.0995	-2.6680	0.7091	-0.6674	-0.4201	0.7815	-0.6238	-0.0032	-0.0243	-0.0197	0.0445	0.0604	
5.1850	-15.1255	-2.7298	0.7097	-0.6584	-0.4254	0.8034	-0.5956	0.0062	-0.0245	-0.0187	0.0441	0.0608	
5.2864	-15.1706	-2.7387	0.7146	-0.6545	-0.4182	0.8233	-0.5673	0.0146	-0.0333	-0.0179	0.0430	0.0616	
5.3748	-15.2150	-2.7896	0.7173	-0.6499	-0.4211	0.8441	-0.5352	0.0225	-0.0368	-0.0168	0.0423	0.0624	
5.4825	-15.2518	-2.8186	0.7237	-0.6442	-0.4185	0.8609	-0.5064	0.0347	-0.0441	-0.0163	0.0413	0.0629	
5.5608	-15.2806	-2.8618	0.7238	-0.6368	-0.4192	0.8781	-0.4741	0.0461	-0.0511	-0.0158	0.0403	0.0637	
5.6499	-15.3185	-2.9003	0.7262	-0.6312	-0.4193	0.8947	-0.4411	0.0511	-0.0574	-0.0146	0.0393	0.0645	
5.7470	-15.3586	-2.9437	0.7305	-0.6264	-0.4204	0.9107	-0.4036	0.0628	-0.0637	-0.0140	0.0384	0.0656	
5.8366	-15.4076	-2.9796	0.7332	-0.6233	-0.4198	0.9234	-0.3725	0.0706	-0.0665	-0.0132	0.0377	0.0659	
5.9611	-15.4471	-3.0060	0.7422	-0.6185	-0.4174	0.9358	-0.3366	0.0764	-0.0768	-0.0123	0.0363	0.0668	
6.0702	-15.5041	-3.0128	0.7482	-0.6173	-0.4112	0.9469	-0.3003	0.0823	-0.0840	-0.0114	0.0352	0.0677	
6.1874	-15.5148	-3.0212	0.7555	-0.6073	-0.4054	0.9563	-0.2636	0.0889	-0.0937	-0.0107	0.0339	0.0684	
6.2722	-15.5533	-3.0545	0.7566	-0.6023	-0.4048	0.9649	-0.2263	0.0921	-0.1008	-0.0098	0.0326	0.0692	
6.3720	-15.6221	-3.0834	0.7605	-0.6034	-0.4029	0.9707	-0.1932	0.0975	-0.1084	-0.0091	0.0312	0.0696	
6.4769	-15.6648	-3.0912	0.7651	-0.5995	-0.3973	0.9760	-0.1530	0.1013	-0.1196	-0.0085	0.0297	0.0706	
6.5942	-15.7027	-3.1178	0.7720	-0.5950	-0.3954	0.9794	-0.1148	0.1065	-0.1296	-0.0080	0.0282	0.0714	
6.6801	-15.7565	-3.1523	0.7731	-0.5930	-0.3948	0.9819	-0.0796	0.1058	-0.1399	-0.0073	0.0263	0.0719	
6.7958	-15.8132	-3.1358	0.7794	-0.5919	-0.3852	0.9822	-0.0364	0.1082	-0.1507	-0.0067	0.0246	0.0730	
6.8911	-15.8506	-3.1350	0.7820	-0.5874	-0.3785	0.9817	0.0002	0.1072	-0.1605	-0.0060	0.0229	0.0734	
6.9982	-15.9263	-3.1674	0.7866	-0.5893	-0.3776	0.9793	0.0359	0.1033	-0.1741	-0.0054	0.0205	0.0740	
7.1099	-15.9715	-3.1749	0.7919	-0.5860	-0.3727	0.9747	0.0763	0.1015	-0.1856	-0.0049	0.0185	0.0748	
7.2218	-16.0280	-3.1950	0.7972	-0.5849	-0.3699	0.9683	0.1161	0.1022	-0.1973	-0.0047	0.0166	0.0755	
7.3314	-16.1063	-3.1973	0.8020	-0.5874	-0.3641	0.9610	0.1549	0.1003	-0.2074	-0.0043	0.0147	0.0760	
7.4582	-16.1539	-3.1987	0.8096	-0.5846	-0.3585	0.9500	0.1986	0.0978	-0.2214	-0.0041	0.0124	0.0771	
7.5780	-16.2283	-3.2027	0.8158	-0.5863	-0.3532	0.9366	0.2412	0.0943	-0.2370	-0.0042	0.0100	0.0780	
7.6923	-16.2946	-3.2249	0.8210	-0.5865	-0.3510	0.9221	0.2808	0.0894	-0.2523	-0.0043	0.0075	0.0786	
7.7976	-16.3684	-3.2477	0.8248	-0.5880	-0.3490	0.9052	0.3223	0.0862	-0.2637	-0.0044	0.0053	0.0794	
7.8975	-16.4504	-3.2763	0.8277	-0.5907	-0.3478	0.8884	0.3593	0.0798	-0.2758	-0.0045	0.0029	0.0797	
8.0111	-16.5336	-3.2739	0.8326	-0.5937	-0.3418	0.8672	0.3996	0.0753	-0.2879	-0.0047	0.0007	0.0803	
8.1028	-16.6172	-3.2840	0.8341	-0.5967	-0.3377	0.8471	0.4351	0.0676	-0.2988	-0.0048	-0.0017	0.0804	
8.2093	-16.6877	-3.2984	0.8379	-0.5977	-0.3345	0.8233	0.4719	0.0644	-0.3092	-0.0053	-0.0036	0.0808	
8.3090	-16.7466	-3.3313	0.8406	-0.5967	-0.3342	0.7977	0.5079	0.0589	-0.3202	-0.0059	-0.0057	0.0811	
8.4133	-16.8153	-3.3485	0.8440	-0.5973	-0.3314	0.7705	0.5418	0.0511	-0.3329	-0.0066	-0.0081	0.0812	
8.5184	-16.8975	-3.3763	0.8475	-0.5999	-0.3304	0.7399	0.5779	0.0443	-0.3418	-0.0072	-0.0103	0.0816	
8.6078	-16.9828	-3.3985	0.8486	-0.6029	-0.3285	0.7079	0.6125	0.0378	-0.3499	-0.0078	-0.0123	0.0818	
8.6988	-17.0606	-3.4168	0.8498	-0.6050	-0.3260	0.6765	0.6430	0.0329	-0.3579	-0.0086	-0.0140	0.0818	
8.7941	-17.1415	-3.4514	0.8518	-0.6074	-0.3260	0.6428	0.6728	0.0274	-0.3655	-0.0094	-0.0158	0.0818	
8.8788	-17.2421	-3.4828	0.8523	-0.6125	-0.3255	0.6055	0.7027	0.0178	-0.3736	-0.0105	-0.0179	0.0818	
8.9799	-17.3346	-3.5280	0.8552	-0.6162	-0.3269	0.5655	0.7305	0.0074	-0.3832	-0.0118	-0.0202	0.0818	
9.0667	-17.4323	-3.5803	0.8559	-0.6209	-0.3294	0.5275	0.7563	0.0010	-0.3873	-0.0127	-0.0218	0.0816	
9.1694	-17.5146	-3.6032	0.8589	-0.6233	-0.3277	0.4879	0.7811	-0.0069	-0.3898	-0.0136	-0.0234	0.0814	
9.2621	-17.6132	-3.6293	0.8603	-0.6280	-0.3264	0.4460	0.8041	-0.0130	-0.3930	-0.0146	-0.0249	0.0813	
9.3420	-17.7087	-3.6645	0.8601	-0.6322	-0.3265	0.4049	0.8237	-0.0225	-0.3968	-0.0159	-0.0264	0.0809	
9.4314	-17.7964	-3.7166	0.8612	-0.6352	-0.3289	0.3625	0.8417	-0.0306	-0.3993	-0.0171	-0.0277	0.0805	
9.5103	-17.8808	-3.7595	0.8609	-0.6377	-0.3300	0.3178	0.8588	-0.0379	-0.4001	-0.0184	-0.0290	0.0802	
9.5925	-17.9609	-3.8045	0.8611	-0.6396	-0.3313	0.2740	0.8728	-0.0471	-0.4016	-0.0197	-0.0301	0.0797	
9.6624	-18.0274	-3.8446	0.8597	-0.6397	-0.3321	0.2305	0.8848	-0.0602	-0.4010	-0.0211	-0.0315	0.0791	
9.7425	-18.1008	-3.8875	0.8596	-0.6406	-0.3331	0.1825	0.8963	-0.0703	-0.3979	-0.0224	-0.0327	0.0789	
9.8147	-18.1752	-3.9432	0.8585	-0.6418	-0.3360	0.1396	0.9042	-0.0784	-0.3965	-0.0236	-0.0334	0.0782	
9.8796	-18.2318	-3.9859	0.8564	-0.6407	-0.3370	0.0942	0.9105	-0.0853	-0.3938	-0.0247	-0.0340	0.0778	
9.9556	-18.3025	-4.0281	0.8558	-0.6415	-0.3380	0.0513	0.9145	-0.0953	-0.3905	-0.0259	-0.0347	0.0770	
10.0946	-18.4006	-4.0875	0.8617	-0.6460	-0.3414	0.0027	0.9151	-0.1074	-0.3890	-0.0238	-0.0344	0.0773	
10.1777	-18.4673	-4.1328	0.8619	-0.6462	-0.3428	0.0413	-0.9153	0.1127	0.3849	-0.0250	-0.0348	0.0768	
10.2534	-18.5302	-4.1706	0.8611	-0.6459	-0.3432	0.0855	-0.9134	0.1199	0.3799	-0.0262	-0.0352	0.0762	
10.3311	-18.5916	-4.2167	0.8607	-0.6455	-0.3446	0.1303	-0.9091	0.1248	0.3760	-0.0275	-0.0353	0.0757	
10.4081	-18.6593	-4.2804	0.8601	-0.6459	-0.3482	0.1755	-0.9032	0.1305	0.3697	-0.0288	-0.0356	0.0753	
10.4806	-18.7129	-4.3403	0.8590	-0.6445	-0.3513	0.2203	-0.8947	0.1346	0.3649	-0.0301	-0.0355	0.0749	
10.5634	-18.7697	-4.3887	0.8591	-0.6436	-0.3530	0.2588	-0.8857	0.1413	0.3598	-0.0312	-0.0354	0.0740	
10.6298	-18.8362	-4.4282	0.8574	-0.6439	-0.3535	0.3032	-0.8719	0.1507	0.3544	-0.0328	-0.0355	0.0735	
10.7042	-18.8977	-4.4784	0.8567	-0.6436	-0.3553	0.3434	-0.8576	0.1575	0.3500	-0.0342	-0.0352	0.0729	
10.7860	-18.9503	-4.5300	0.8567	-0.6422	-0.3573	0.3845	-0.8412	0.1636	0.3438	-0.0355	-0.0349	0.0724	
10.8654	-19.0066	-4.5783	0.8565	-0.6414	-0.3589	0.4224	-0.8234	0.1725	0.3386	-0.0369	-0.0345	0.0716	
10.9377	-19.0551	-4.6414	0.8555	-0.6395	-0.3622	0.4620	-0.8029	0.1755	0.3341	-0.0381	-0.0338	0.0713	
11.0255	-19.1089	-4.6875	0.8562	-0.6385	-0.3635	0.4981	-0.7817	0.1840	0.3284	-0.0394	-0.0333	0.0706	
11.1066	-19.1606	-4.7452	0.8560	-0.6371	-0.3660	0.5339	-0.7600	0.1902	0.3187	-0.0405	-0.0331	0.0700	
11.1847	-19.2074	-4.7742	0.8556	-0.6352	-0.3652	0.5653	-0.7385	0.2007	0.3094	-0.0415	-0.0330	0.0690	
11.2647	-19.2663	-4.8250	0.8554	-0.6348	-0.3670	0.5977	-0.7125	0.2071	0.3051	-0.0427	-0.0321	0.0684	
11.3349	-19.3200	-4.8666	0.8540	-0.6337	-0.3676	0.6306	-0.6862	0.2115	0.2951	-0.0436	-0.0318	0.0680	
11.4191	-19.3756	-4.9058	0.8542	-0.6329	-0.3680	0.6591	-0.6609	0.2168	0.2877	-0.0443	-0.0311	0.0673	
11.4909	-19.4332	-4.9466	0.8530	-0.6323	-0.3686	0.6854	-0.6350	0.2242	0.2787	-0.0452	-0.0307	0.0664	
11.5737	-19.4921	-4.9842	0.8530	-0.6319	-0.3688	0.7122	-0.6058	0.2322	0.2694	-0.0463	-0.0302	0.0657	
11.6456	-19.5527	-5.0184	0.8518	-0.6317	-0.3686	0.7348	-0.5787	0.2414	0.2611	-0.0472	-0.0296	0.0646	
11.7331	-19.5985	-5.0546	0.8523	-0.6299	-0.3686	0.7613	-0.5455	0.2450	0.2515	-0.0481	-0.0290	0.0644	
11.8244	-19.6523	-5.0966	0.8531	-0.6290	-0.3692	0.7849	-0.5114	0.2553	0.2407	-0.0495	-0.0283	0.0637	
11.9014	-19.7234	-5.1367	0.8525	-0.6299	-0.3697	0.8021	-0.4836	0.2635	0.2345	-0.0501	-0.0274	0.0625	
11.9683	-19.7805	-5.1703	0.8508	-0.6293	-0.3694	0.8216	-0.4481	0.2719	0.2260	-0.0513	-0.0266	0.0619	
12.0329	-19.8371	-5.2047	0.8489	-0.6287	-0.3693	0.8375	-0.4152	0.2829	0.2180	-0.0524	-0.0257	0.0608	
12.1141	-19.8845	-5.2480	0.8486	-0.6271	-0.3700	0.8516	-0.3823	0.2939	0.2084	-0.0535	-0.0249	0.0597	
12.1958	-19.9482	-5.2824	0.8485	-0.6272	-0.3698	0.8657	-0.3466	0.3019	0.2006	-0.0545	-0.0238	0.0590	
12.2722	-20.0093	-5.3191	0.8478	-0.6271	-0.3699	0.8793	-0.3098	0.3071	0.1933	-0.0552	-0.0227	0.0585	
12.3507	-20.0615	-5.3545	0.8472	-0.6261	-0.3698	0.8909	-0.2714	0.3171	0.1815	-0.0566	-0.0218	0.0577	
12.4165	-20.1146	-5.3799	0.8454	-0.6251	-0.3687	0.9003	-0.2328	0.3258	0.1740	-0.0577	-0.0206	0.0570	
12.4947	-20.1717	-5.4271	0.8449	-0.6246	-0.3698	0.9086	-0.1953	0.3320	0.1641	-0.0585	-0.0195	0.0564	
12.5625	-20.2304	-5.4546	0.8433	-0.6242	-0.3689	0.9137	-0.1564	0.3425	0.1570	-0.0596	-0.0180	0.0555	
12.6377	-20.2819	-5.4831	0.8425	-0.6231	-0.3681	0.9177	-0.1200	0.3505	0.1471	-0.0605	-0.0169	0.0546	
12.7208	-20.3373	-5.5104	0.8424	-0.6225	-0.3672	0.9208	-0.0818	0.3571	0.1377	-0.0613	-0.0156	0.0540	
12.7914	-20.3958	-5.5273	0.8412	-0.6222	-0.3652	0.9232	-0.0384	0.3606	0.1297	-0.0621	-0.0142	0.0538	
12.8634	-20.4585	-5.5580	0.8401	-0.6222	-0.3647	0.9222	-0.0013	0.3686	0.1229	-0.0628	-0.0126	0.0530	
12.9322	-20.5191	-5.5821	0.8386	-0.6221	-0.3635	0.9210	0.0390	0.3711	0.1157	-0.0633	-0.0112	0.0528	
13.0151	-20.5739	-5.6089	0.8385	-0.6214	-0.3626	0.9169	0.0784	0.3783	0.1051	-0.0641	-0.0097	0.0521	
13.0865	-20.6368	-5.6358	0.8374	-0.6215	-0.3617	0.9117	0.1193	0.3817	0.0993	-0.0645	-0.0080	0.0519	
13.1558	-20.7022	-5.6512	0.8360	-0.6218	-0.3597	0.9041	0.1609	0.3868	0.0883	-0.0654	-0.0064	0.0515	
13.2303	-20.7544	-5.6718	0.8351	-0.6209	-0.3582	0.8937	0.2050	0.3922	0.0785	-0.0664	-0.0045	0.0512	
13.3141	-20.8276	-5.7086	0.8351	-0.6220	-0.3583	0.8829	0.2463	0.3944	0.0703	-0.0668	-0.0029	0.0512	
13.3906	-20.8922	-5.7311	0.8344	-0.6222	-0.3570	0.8700	0.2879	0.3962	0.0631	-0.0671	-0.0012	0.0511	
13.4538	-20.9610	-5.7521	0.8325	-0.6229	-0.3556	0.8548	0.3268	0.4005	0.0571	-0.0674	0.0009	0.0509	
13.5395	-21.0290	-5.7724	0.8326	-0.6234	-0.3542	0.8361	0.3708	0.4019	0.0503	-0.0678	0.0029	0.0511	
13.6144	-21.0899	-5.7978	0.8317	-0.6233	-0.3532	0.8143	0.4164	0.4026	0.0455	-0.0682	0.0051	0.0516	
13.6954	-21.1559	-5.8268	0.8314	-0.6237	-0.3526	0.7911	0.4601	0.4018	0.0371	-0.0686	0.0071	0.0520	
13.7751	-21.2256	-5.8641	0.8310	-0.6243	-0.3527	0.7658	0.5030	0.4001	0.0309	-0.0688	0.0091	0.0525	
13.8586	-21.2934	-5.8895	0.8309	-0.6249	-0.3518	0.7412	0.5413	0.3972	0.0258	-0.0686	0.0108	0.0528	
13.9395	-21.3643	-5.9138	0.8305	-0.6256	-0.3507	0.7127	0.5790	0.3964	0.0191	-0.0686	0.0128	0.0531	
14.0287	-21.4340	-5.9442	0.8309	-0.6263	-0.3502	0.6827	0.6142	0.3968	0.0132	-0.0683	0.0149	0.0533	
14.0958	-21.5069	-5.9641	0.8294	-0.6272	-0.3488	0.6506	0.6508	0.3921	0.0111	-0.0679	0.0169	0.0540	
14.1712	-21.5780	-5.9948	0.8286	-0.6280	-0.3483	0.6178	0.6855	0.3858	0.0057	-0.0675	0.0186	0.0546	
14.2463	-21.6423	-6.0155	0.8277	-0.6282	-0.3470	0.5814	0.7192	0.3814	0.0060	-0.0668	0.0207	0.0555	
14.3237	-21.7125	-6.0428	0.8271	-0.6288	-0.3463	0.5429	0.7531	0.3718	-0.0004	-0.0666	0.0223	0.0563	
14.4015	-21.7820	-6.0657	0.8265	-0.6294	-0.3452	0.5063	0.7834	0.3609	-0.0030	-0.0659	0.0236	0.0572	
14.4926	-21.8581	-6.0986	0.8271	-0.6306	-0.3449	0.4629	0.8145	0.3499	-0.0064	-0.0655	0.0252	0.0584	
14.5703	-21.9303	-6.1311	0.8264	-0.6314	-0.3447	0.4194	0.8416	0.3406	-0.0103	-0.0649	0.0268	0.0593	
14.6478	-21.9989	-6.1695	0.8258	-0.6318	-0.3449	0.3770	0.8657	0.3295	-0.0143	-0.0642	0.0281	0.0602	
14.7382	-22.0789	-6.2040	0.8263	-0.6333	-0.3448	0.3340	0.8889	0.3130	-0.0183	-0.0636	0.0289	0.0612	
14.8245	-22.1609	-6.2398	0.8264	-0.6349	-0.3448	0.2896	0.9091	0.2990	-0.0222	-0.0629	0.0299	0.0621	
14.8921	-22.2340	-6.2679	0.8250	-0.6357	-0.3442	0.2412	0.9286	0.2815	-0.0203	-0.0620	0.0309	0.0637	
14.9713	-22.2986	-6.3070	0.8245	-0.6358	-0.3445	0.1954	0.9441	0.2652	-0.0215	-0.0612	0.0317	0.0647	
15.0498	-22.3685	-6.3421	0.8240	-0.6363	-0.3445	0.1489	0.9568	0.2489	-0.0256	-0.0605	0.0325	0.0656	
15.1308	-22.4393	-6.3787	0.8238	-0.6369	-0.3445	0.1003	0.9672	0.2315	-0.0304	-0.0600	0.0332	0.0666	
15.2159	-22.5141	-6.4274	0.8238	-0.6378	-0.3456	0.0526	0.9752	0.2125	-0.0338	-0.0594	0.0337	0.0675	
15.2617	-22.6211	-6.4408	0.8211	-0.6414	-0.3440	0.0040	0.9795	0.2014	-0.0316	-0.0611	0.0321	0.0667	
15.3387	-22.6936	-6.4801	0.8205	-0.6421	-0.3443	0.0409	-0.9825	-0.1800	0.0299	-0.0602	0.0322	0.0677	
15.4202	-22.7632	-6.5249	0.8203	-0.6425	-0.3451	0.0858	-0.9835	-0.1575	0.0271	-0.0594	0.0322	0.0687	
15.4973	-22.8368	-6.5611	0.8198	-0.6433	-0.3452	0.1308	-0.9815	-0.1381	0.0278	-0.0586	0.0324	0.0695	
15.5765	-22.9065	-6.6027	0.8194	-0.6437	-0.3456	0.1761	-0.9770	-0.1187	0.0280	-0.0578	0.0327	0.0704	
15.6502	-22.9689	-6.6399	0.8186	-0.6436	-0.3458	0.2159	-0.9712	-0.1020	0.0272	-0.0568	0.0326	0.0708	
15.7254	-23.0321	-6.6770	0.8180	-0.6435	-0.3459	0.2584	-0.9622	-0.0857	0.0282	-0.0559	0.0329	0.0713	
15.8033	-23.0925	-6.7172	0.8175	-0.6432	-0.3463	0.3002	-0.9515	-0.0670	0.0261	-0.0550	0.0329	0.0721	
15.8854	-23.1577	-6.7686	0.8174	-0.6433	-0.3476	0.3415	-0.9386	-0.0490	0.0248	-0.0543	0.0328	0.0726	
15.9660	-23.2157	-6.8160	0.8172	-0.6428	-0.3485	0.3772	-0.9259	-0.0342	0.0220	-0.0532	0.0325	0.0729	
16.0500	-23.2735	-6.8544	0.8173	-0.6423	-0.3487	0.4128	-0.9110	-0.0198	0.0221	-0.0523	0.0326	0.0730	
16.1304	-23.3358	-6.8975	0.8171	-0.6421	-0.3493	0.4478	-0.8944	-0.0026	0.0190	-0.0515	0.0322	0.0733	
16.2147	-23.3900	-6.9370	0.8172	-0.6414	-0.3496	0.4857	-0.8742	0.0154	0.0138	-0.0506	0.0319	0.0741	
16.2906	-23.4483	-6.9781	0.8166	-0.6409	-0.3501	0.5180	-0.8555	0.0298	0.0097	-0.0497	0.0314	0.0743	
16.3679	-23.5096	-7.0187	0.8162	-0.6407	-0.3505	0.5512	-0.8343	0.0393	0.0056	-0.0483	0.0312	0.0747	
16.4498	-23.5723	-7.0482	0.8161	-0.6406	-0.3500	0.5811	-0.8132	0.0498	0.0016	-0.0471	0.0309	0.0748	
16.5331	-23.6231	-7.0884	0.8161	-0.6396	-0.3504	0.6089	-0.7923	0.0575	-0.0049	-0.0457	0.0303	0.0749	
16.6084	-23.6771	-7.1288	0.8156	-0.6389	-0.3508	0.6408	-0.7653	0.0677	-0.0114	-0.0444	0.0300	0.0756	
16.6844	-23.7246	-7.1686	0.8151	-0.6376	-0.3511	0.6711	-0.7378	0.0771	-0.0187	-0.0432	0.0295	0.0762	
16.7714	-23.7781	-7.2088	0.8154	-0.6369	-0.3515	0.6988	-0.7108	0.0845	-0.0238	-0.0418	0.0292	0.0765	
16.8594	-23.8392	-7.2445	0.8158	-0.6367	-0.3515	0.7236	-0.6842	0.0938	-0.0287	-0.0407	0.0288	0.0767	
16.9501	-23.8920	-7.2764	0.8164	-0.6359	-0.3513	0.7479	-0.6554	0.1043	-0.0357	-0.0396	0.0282	0.0770	
17.0386	-23.9444	-7.3155	0.8168	-0.6350	-0.3515	0.7720	-0.6247	0.1125	-0.0467	-0.0385	0.0272	0.0775	
17.1235	-23.9929	-7.3540	0.8170	-0.6339	-0.3518	0.7953	-0.5932	0.1179	-0.0537	-0.0371	0.0267	0.0780	
17.2118	-24.0408	-7.3820	0.8174	-0.6328	-0.3513	0.8158	-0.5638	0.1203	-0.0607	-0.0355	0.0261	0.0782	
17.2963	-24.0947	-7.4172	0.8175	-0.6321	-0.3513	0.8376	-0.5280	0.1255	-0.0697	-0.0341	0.0252	0.0789	
17.3850	-24.1461	-7.4525	0.8180	-0.6313	-0.3514	0.8578	-0.4922	0.1287	-0.0794	-0.0327	0.0243	0.0796	
17.4781	-24.1901	-7.4812	0.8187	-0.6299	-0.3509	0.8747	-0.4597	0.1307	-0.0882	-0.0312	0.0234	0.0799	
17.5618	-24.2401	-7.5066	0.8188	-0.6289	-0.3502	0.8915	-0.4239	0.1305	-0.0992	-0.0297	0.0222	0.0805	
17.6559	-24.2941	-7.5370	0.8196	-0.6283	-0.3499	0.9074	-0.3855	0.1310	-0.1088	-0.0282	0.0211	0.0812	
17.7472	-24.3490	-7.5656	0.8202	-0.6277	-0.3495	0.9221	-0.3470	0.1296	-0.1167	-0.0265	0.0201	0.0818	
17.8272	-24.4038	-7.5937	0.8201	-0.6271	-0.3491	0.9335	-0.3116	0.1290	-0.1269	-0.0251	0.0188	0.0821	
17.9176	-24.4583	-7.6263	0.8206	-0.6265	-0.3490	0.9436	-0.2728	0.1294	-0.1389	-0.0240	0.0173	0.0826	
18.0179	-24.5155	-7.6525	0.8218	-0.6261	-0.3484	0.9522	-0.2365	0.1267	-0.1502	-0.0226	0.0158	0.0828	
18.1124	-24.5761	-7.6677	0.8227	-0.6259	-0.3470	0.9589	-0.1992	0.1265	-0.1606	-0.0215	0.0145	0.0830	
18.2057	-24.6272	-7.6980	0.8234	-0.6251	-0.3467	0.9639	-0.1614	0.1251	-0.1738	-0.0205	0.0128	0.0833	
18.2919	-24.6852	-7.7276	0.8236	-0.6247	-0.3464	0.9683	-0.1203	0.1198	-0.1856	-0.0192	0.0110	0.0838	
18.3790	-24.7402	-7.7558	0.8240	-0.6242	-0.3460	0.9705	-0.0799	0.1151	-0.1985	-0.0181	0.0091	0.0842	
18.4728	-24.7978	-7.7810	0.8247	-0.6238	-0.3454	0.9711	-0.0391	0.1102	-0.2100	-0.0170	0.0073	0.0845	
18.5641	-24.8495	-7.8059	0.8253	-0.6230	-0.3448	0.9697	0.0040	0.1050	-0.2218	-0.0161	0.0054	0.0850	
18.6453	-24.9118	-7.8291	0.8253	-0.6230	-0.3441	0.9671	0.0449	0.1031	-0.2293	-0.0152	0.0041	0.0851	
18.7385	-24.9741	-7.8481	0.8260	-0.6230	-0.3431	0.9623	0.0877	0.0943	-0.2409	-0.0142	0.0019	0.0855	
18.8276	-25.0314	-7.8714	0.8264	-0.6226	-0.3424	0.9541	0.1312	0.0888	-0.2553	-0.0137	-0.0002	0.0859	
18.9119	-25.0987	-7.8987	0.8266	-0.6229	-0.3419	0.9457	0.1688	0.0812	-0.2676	-0.0131	-0.0023	0.0857	
18.9968	-25.1604	-7.9197	0.8267	-0.6228	-0.3411	0.9339	0.2135	0.0786	-0.2760	-0.0127	-0.0038	0.0861	
19.0886	-25.2253	-7.9416	0.8274	-0.6230	-0.3403	0.9208	0.2574	0.0729	-0.2843	-0.0121	-0.0056	0.0864	
19.1755	-25.2873	-7.9662	0.8277	-0.6229	-0.3397	0.9063	0.2962	0.0661	-0.2953	-0.0118	-0.0076	0.0862	
19.2603	-25.3494	-7.9953	0.8278	-0.6228	-0.3394	0.8899	0.3352	0.0601	-0.3043	-0.0116	-0.0093	0.0861	
19.3453	-25.4168	-8.0220	0.8280	-0.6231	-0.3389	0.8729	0.3743	0.0523	-0.3095	-0.0110	-0.0111	0.0860	
19.4291	-25.4787	-8.0437	0.8281	-0.6231	-0.3382	0.8518	0.4132	0.0424	-0.3200	-0.0109	-0.0133	0.0859	
19.5177	-25.5425	-8.0649	0.8285	-0.6231	-0.3374	0.8294	0.4522	0.0351	-0.3266	-0.0108	-0.0150	0.0858	
19.6027	-25.6059	-8.0964	0.8287	-0.6232	-0.3372	0.8057	0.4899	0.0291	-0.3320	-0.0107	-0.0166	0.0857	
19.6883	-25.6765	-8.1268	0.8289	-0.6237	-0.3370	0.7819	0.5240	0.0218	-0.3380	-0.0108	-0.0183	0.0853	
19.7689	-25.7414	-8.1570	0.8288	-0.6238	-0.3368	0.7524	0.5610	0.0115	-0.3452	-0.0110	-0.0203	0.0852	
19.8507	-25.8056	-8.1957	0.8288	-0.6239	-0.3372	0.7254	0.5928	0.0024	-0.3507	-0.0113	-0.0221	0.0847	
19.9370	-25.8677	-8.2228	0.8291	-0.6238	-0.3368	0.6958	0.6250	-0.0057	-0.3542	-0.0115	-0.0236	0.0843	
20.0194	-25.9382	-8.2536	0.8291	-0.6243	-0.3366	0.6620	0.6577	-0.0132	-0.3594	-0.0120	-0.0252	0.0841	
20.1084	-26.0075	-8.2811	0.8296	-0.6247	-0.3362	0.6283	0.6879	-0.0204	-0.3631	-0.0125	-0.0266	0.0837	
20.1868	-26.0691	-8.3159	0.8293	-0.6246	-0.3363	0.5959	0.7154	-0.0276	-0.3644	-0.0129	-0.0278	0.0832	
20.2668	-26.1358	-8.3459	0.8292	-0.6249	-0.3361	0.5615	0.7409	-0.0343	-0.3675	-0.0135	-0.0290	0.0826	
20.3499	-26.1983	-8.3780	0.8293	-0.6249	-0.3360	0.5247	0.7649	-0.0435	-0.3717	-0.0144	-0.0304	0.0820	
20.4315	-26.2584	-8.4100	0.8293	-0.6247	-0.3359	0.4864	0.7880	-0.0528	-0.3743	-0.0153	-0.0317	0.0814	
20.5087	-26.3275	-8.4425	0.8290	-0.6251	-0.3358	0.4490	0.8089	-0.0617	-0.3750	-0.0161	-0.0329	0.0807	
20.5852	-26.3934	-8.4804	0.8287	-0.6253	-0.3361	0.4092	0.8280	-0.0726	-0.3770	-0.0172	-0.0342	0.0800	
20.6737	-26.4513	-8.5173	0.8291	-0.6250	-0.3363	0.3722	0.8429	-0.0851	-0.3804	-0.0185	-0.0354	0.0789	
20.7543	-26.5148	-8.5469	0.8291	-0.6251	-0.3361	0.3317	0.8574	-0.0945	-0.3826	-0.0197	-0.0363	0.0781	
20.8342	-26.5759	-8.5889	0.8290	-0.6250	-0.3366	0.2928	0.8697	-0.1051	-0.3843	-0.0209	-0.0371	0.0771	
20.9198	-26.6455	-8.6237	0.8292	-0.6254	-0.3366	0.2521	0.8818	-0.1145	-0.3823	-0.0219	-0.0379	0.0764	
21.0010	-26.7059	-8.6654	0.8292	-0.6253	-0.3371	0.2115	0.8901	-0.1248	-0.3849	-0.0235	-0.0385	0.0754	
21.0829	-26.7655	-8.7019	0.8292	-0.6251	-0.3373	0.1743	0.8976	-0.1336	-0.3834	-0.0244	-0.0389	0.0744	
21.1554	-26.8245	-8.7433	0.8286	-0.6249	-0.3378	0.1343	0.9039	-0.1435	-0.3806	-0.0254	-0.0394	0.0735	
21.2325	-26.8837	-8.7723	0.8284	-0.6247	-0.3375	0.0943	0.9078	-0.1527	-0.3800	-0.0267	-0.0396	0.0726	
21.3100	-26.9406	-8.8033	0.8281	-0.6244	-0.3374	0.0566	0.9089	-0.1625	-0.3812	-0.0280	-0.0396	0.0715	
21.4180	-27.0061	-8.8482	0.8295	-0.6246	-0.3380	0.0174	0.9097	-0.1747	-0.3774	-0.0264	-0.0396	0.0723	
21.4979	-27.0603	-8.8819	0.8294	-0.6241	-0.3380	0.0205	-0.9093	0.1837	0.3740	-0.0274	-0.0398	0.0714	
21.5797	-27.1232	-8.9237	0.8294	-0.6241	-0.3385	0.0602	-0.9075	0.1920	0.3695	-0.0285	-0.0400	0.0705	
21.6604	-27.1776	-8.9571	0.8293	-0.6237	-0.3385	0.0985	-0.9036	0.2003	0.3666	-0.0296	-0.0399	0.0697	
21.7430	-27.2354	-8.9983	0.8294	-0.6234	-0.3389	0.1377	-0.8971	0.2078	0.3660	-0.0310	-0.0396	0.0688	
21.8221	-27.2945	-9.0323	0.8292	-0.6233	-0.3390	0.1737	-0.8890	0.2164	0.3657	-0.0323	-0.0392	0.0678	
21.9005	-27.3522	-9.0670	0.8290	-0.6230	-0.3390	0.2103	-0.8807	0.2238	0.3616	-0.0332	-0.0389	0.0670	
21.9779	-27.4065	-9.0958	0.8288	-0.6226	-0.3388	0.2476	-0.8703	0.2305	0.3590	-0.0343	-0.0385	0.0663	
22.0608	-27.4643	-9.1360	0.8288	-0.6223	-0.3391	0.2823	-0.8606	0.2360	0.3530	-0.0349	-0.0383	0.0655	
22.1422	-27.5237	-9.1772	0.8288	-0.6222	-0.3396	0.3212	-0.8475	0.2417	0.3471	-0.0360	-0.0380	0.0651	
22.2240	-27.5783	-9.2084	0.8288	-0.6218	-0.3394	0.3576	-0.8316	0.2486	0.3458	-0.0372	-0.0373	0.0645	
22.3015	-27.6323	-9.2456	0.8285	-0.6213	-0.3396	0.3943	-0.8148	0.2556	0.3402	-0.0383	-0.0370	0.0639	
22.3832	-27.6868	-9.2822	0.8285	-0.6209	-0.3398	0.4281	-0.7961	0.2667	0.3357	-0.0396	-0.0366	0.0630	
22.4604	-27.7454	-9.3188	0.8282	-0.6208	-0.3400	0.4611	-0.7763	0.2740	0.3324	-0.0407	-0.0359	0.0624	
22.5419	-27.7999	-9.3584	0.8282	-0.6204	-0.3403	0.4953	-0.7548	0.2788	0.3282	-0.0416	-0.0352	0.0620	
22.6208	-27.8541	-9.3948	0.8280	-0.6199	-0.3404	0.5270	-0.7348	0.2868	0.3171	-0.0425	-0.0352	0.0612	
22.6982	-27.9089	-9.4300	0.8278	-0.6195	-0.3405	0.5592	-0.7107	0.2921	0.3121	-0.0434	-0.0346	0.0608	
22.7760	-27.9671	-9.4607	0.8275	-0.6194	-0.3404	0.5888	-0.6873	0.2948	0.3078	-0.0440	-0.0337	0.0604	
22.8522	-28.0218	-9.4950	0.8272	-0.6190	-0.3404	0.6179	-0.6612	0.3006	0.3022	-0.0449	-0.0331	0.0599	
22.9325	-28.0801	-9.5321	0.8271	-0.6188	-0.3406	0.6446	-0.6354	0.3059	0.2964	-0.0457	-0.0323	0.0593	
23.0106	-28.1344	-9.5642	0.8269	-0.6184	-0.3405	0.6691	-0.6103	0.3107	0.2902	-0.0462	-0.0317	0.0586	
23.0928	-28.1919	-9.5995	0.8269	-0.6182	-0.3406	0.6940	-0.5826	0.3173	0.2808	-0.0471	-0.0313	0.0579	
23.1654	-28.2469	-9.6345	0.8264	-0.6178	-0.3406	0.7183	-0.5528	0.3243	0.2718	-0.0481	-0.0308	0.0572	
23.2477	-28.3048	-9.6695	0.8264	-0.6176	-0.3407	0.7396	-0.5241	0.3308	0.2641	-0.0489	-0.0301	0.0564	
23.3224	-28.3665	-9.7008	0.8260	-0.6176	-0.3406	0.7579	-0.4961	0.3394	0.2557	-0.0497	-0.0295	0.0554	
23.3998	-28.4241	-9.7382	0.8257	-0.6174	-0.3408	0.7788	-0.4630	0.3458	0.2448	-0.0508	-0.0290	0.0548	
23.4826	-28.4765	-9.7710	0.8257	-0.6169	-0.3407	0.7991	-0.4298	0.3490	0.2351	-0.0516	-0.0284	0.0544	
23.5589	-28.5390	-9.8077	0.8254	-0.6169	-0.3408	0.8155	-0.3977	0.3555	0.2267	-0.0524	-0.0276	0.0536	
23.6381	-28.5971	-9.8353	0.8253	-0.6168	-0.3405	0.8295	-0.3656	0.3618	0.2203	-0.0531	-0.0266	0.0529	
23.7130	-28.6518	-9.8688	0.8249	-0.6164	-0.3405	0.8442	-0.3314	0.3648	0.2123	-0.0537	-0.0257	0.0524	
23.7921	-28.7056	-9.8992	0.8247	-0.6160	-0.3403	0.8564	-0.2973	0.3711	0.2032	-0.0546	-0.0248	0.0516	
23.8703	-28.7650	-9.9356	0.8245	-0.6159	-0.3405	0.8667	-0.2644	0.3772	0.1941	-0.0553	-0.0239	0.0508	
23.9480	-28.8196	-9.9678	0.8243	-0.6155	-0.3404	0.8771	-0.2254	0.3839	0.1819	-0.0566	-0.0230	0.0502	
24.0289	-28.8766	-9.9982	0.8242	-0.6153	-0.3402	0.8841	-0.1922	0.3908	0.1725	-0.0573	-0.0220	0.0493	
24.1113	-28.9308	-10.0273	0.8242	-0.6149	-0.3399	0.8906	-0.1540	0.3968	0.1625	-0.0583	-0.0209	0.0487	
24.1879	-28.9852	-10.0525	0.8239	-0.6145	-0.3395	0.8944	-0.1180	0.4037	0.1560	-0.0591	-0.0195	0.0479	
24.2656	-29.0422	-10.0809	0.8237	-0.6143	-0.3392	0.8972	-0.0777	0.4100	0.1469	-0.0601	-0.0181	0.0474	
24.3438	-29.1021	-10.1115	0.8234	-0.6142	-0.3390	0.8989	-0.0373	0.4149	0.1383	-0.0610	-0.0167	0.0470	
24.4234	-29.1623	-10.1401	0.8233	-0.6142	-0.3388	0.8991	0.0042	0.4188	0.1298	-0.0619	-0.0153	0.0468	
24.5027	-29.2189	-10.1694	0.8231	-0.6139	-0.3385	0.8966	0.0475	0.4249	0.1179	-0.0632	-0.0138	0.0463	
24.5877	-29.2743	-10.2040	0.8233	-0.6136	-0.3386	0.8949	0.0868	0.4246	0.1088	-0.0636	-0.0126	0.0462	
24.6709	-29.3337	-10.2322	0.8233	-0.6135	-0.3383	0.8908	0.1264	0.4262	0.0971	-0.0644	-0.0113	0.0459	
24.7526	-29.3998	-10.2614	0.8233	-0.6138	-0.3380	0.8838	0.1658	0.4291	0.0901	-0.0648	-0.0097	0.0456	
24.8299	-29.4602	-10.2871	0.8230	-0.6137	-0.3376	0.8754	0.2056	0.4308	0.0814	-0.0654	-0.0081	0.0454	
24.9116	-29.5186	-10.3143	0.8230	-0.6136	-0.3373	0.8631	0.2473	0.4353	0.0729	-0.0662	-0.0061	0.0451	
24.9968	-29.5771	-10.3401	0.8231	-0.6134	-0.3369	0.8494	0.2905	0.4364	0.0659	-0.0667	-0.0042	0.0452	
25.0745	-29.6350	-10.3708	0.8229	-0.6133	-0.3367	0.8334	0.3329	0.4381	0.0588	-0.0673	-0.0022	0.0453	
25.1616	-29.6966	-10.3984	0.8231	-0.6133	-0.3364	0.8161	0.3747	0.4380	0.0468	-0.0680	-0.0005	0.0453	
25.2424	-29.7557	-10.4322	0.8230	-0.6132	-0.3364	0.7970	0.4146	0.4382	0.0410	-0.0683	0.0015	0.0454	
25.3230	-29.8162	-10.4646	0.8229	-0.6131	-0.3363	0.7774	0.4543	0.4343	0.0302	-0.0687	0.0030	0.0456	
25.4030	-29.8748	-10.4947	0.8227	-0.6130	-0.3361	0.7548	0.4932	0.4326	0.0205	-0.0690	0.0048	0.0457	
25.4840	-29.9377	-10.5246	0.8227	-0.6131	-0.3359	0.7289	0.5332	0.4298	0.0126	-0.0693	0.0068	0.0461	
25.5694	-30.0038	-10.5581	0.8228	-0.6133	-0.3359	0.6999	0.5720	0.4284	0.0067	-0.0694	0.0090	0.0466	
25.6530	-30.0691	-10.5869	0.8228	-0.6135	-0.3357	0.6695	0.6101	0.4243	0.0003	-0.0695	0.0110	0.0471	
25.7376	-30.1353	-10.6174	0.8229	-0.6137	-0.3355	0.6379	0.6474	0.4176	-0.0046	-0.0694	0.0129	0.0479	
25.8194	-30.2045	-10.6516	0.8228	-0.6141	-0.3355	0.6029	0.6842	0.4105	-0.0104	-0.0694	0.0148	0.0487	
25.9047	-30.2709	-10.6835	0.8229	-0.6144	-0.3354	0.5639	0.7210	0.4028	-0.0157	-0.0694	0.0169	0.0497	
25.9891	-30.3327	-10.7186	0.8230	-0.6144	-0.3355	0.5286	0.7521	0.3935	-0.0208	-0.0690	0.0185	0.0504	
26.0756	-30.3971	-10.7517	0.8232	-0.6145	-0.3354	0.4913	0.7812	0.3850	-0.0258	-0.0686	0.0201	0.0511	
26.1601	-30.4658	-10.7896	0.8232	-0.6149	-0.3356	0.4514	0.8089	0.3769	-0.0259	-0.0677	0.0219	0.0522	
26.2415	-30.5335	-10.8248	0.8232	-0.6151	-0.3357	0.4111	0.8358	0.3632	-0.0292	-0.0673	0.0232	0.0532	
26.3250	-30.6011	-10.8620	0.8232	-0.6154	-0.3358	0.3701	0.8595	0.3517	-0.0320	-0.0666	0.0245	0.0541	
26.4101	-30.6673	-10.8944	0.8233	-0.6157	-0.3357	0.3246	0.8841	0.3347	-0.0322	-0.0660	0.0258	0.0556	
26.4888	-30.7282	-10.9311	0.8231	-0.6156	-0.3359	0.2862	0.9033	0.3183	-0.0353	-0.0654	0.0264	0.0563	
26.5663	-30.7983	-10.9643	0.8228	-0.6160	-0.3358	0.2396	0.9219	0.3021	-0.0383	-0.0649	0.0277	0.0575	
26.6470	-30.8655	-10.9957	0.8227	-0.6163	-0.3357	0.1974	0.9376	0.2842	-0.0383	-0.0640	0.0283	0.0586	
26.7260	-30.9310	-11.0278	0.8226	-0.6165	-0.3356	0.1497	0.9507	0.2688	-0.0418	-0.0634	0.0295	0.0596	
26.8074	-30.9916	-11.0633	0.8225	-0.6164	-0.3357	0.1055	0.9612	0.2521	-0.0415	-0.0625	0.0301	0.0607	
26.8933	-31.0564	-11.1032	0.8226	-0.6166	-0.3359	0.0604	0.9695	0.2339	-0.0430	-0.0618	0.0307	0.0617	
26.9593	-31.1371	-11.1265	0.8219	-0.6174	-0.3355	0.0159	0.9747	0.2196	-0.0452	-0.0630	0.0292	0.0612	
27.0394	-31.2067	-11.1712	0.8218	-0.6178	-0.3360	0.0279	-0.9784	-0.2003	0.0463	-0.0623	0.0297	0.0620	
27.1204	-31.2728	-11.2090	0.8217	-0.6180	-0.3362	0.0737	-0.9799	-0.1806	0.0442	-0.0614	0.0301	0.0631	
27.2008	-31.3386	-11.2455	0.8216	-0.6182	-0.3363	0.1192	-0.9790	-0.1594	0.0446	-0.0609	0.0305	0.0641	
27.2828	-31.4037	-11.2823	0.8216	-0.6183	-0.3364	0.1618	-0.9760	-0.1406	0.0435	-0.0600	0.0307	0.0649	
27.3648	-31.4652	-11.3263	0.8215	-0.6183	-0.3369	0.2063	-0.9704	-0.1207	0.0394	-0.0591	0.0308	0.0660	
27.4465	-31.5262	-11.3645	0.8215	-0.6183	-0.3370	0.2472	-0.9633	-0.1010	0.0362	-0.0583	0.0308	0.0668	
27.5312	-31.5840	-11.4058	0.8216	-0.6181	-0.3374	0.2871	-0.9539	-0.0835	0.0380	-0.0576	0.0311	0.0671	
27.6132	-31.6479	-11.4460	0.8215	-0.6182	-0.3377	0.3263	-0.9426	-0.0689	0.0357	-0.0566	0.0313	0.0677	
27.6975	-31.7080	-11.4852	0.8216	-0.6181	-0.3379	0.3652	-0.9293	-0.0528	0.0314	-0.0555	0.0312	0.0684	
27.7806	-31.7663	-11.5243	0.8216	-0.6180	-0.3381	0.4025	-0.9147	-0.0354	0.0298	-0.0548	0.0312	0.0689	
27.8648	-31.8254	-11.5635	0.8217	-0.6179	-0.3383	0.4422	-0.8967	-0.0208	0.0263	-0.0537	0.0314	0.0697	
27.9524	-31.8859	-11.6048	0.8219	-0.6178	-0.3387	0.4787	-0.8782	-0.0087	0.0239	-0.0526	0.0316	0.0702	
28.0317	-31.9399	-11.6450	0.8218	-0.6174	-0.3389	0.5151	-0.8573	0.0077	0.0166	-0.0517	0.0313	0.0710	
28.1139	-31.9998	-11.6811	0.8218	-0.6174	-0.3390	0.5515	-0.8340	0.0241	0.0140	-0.0509	0.0314	0.0717	
28.1974	-32.0609	-11.7202	0.8218	-0.6173	-0.3393	0.5825	-0.8127	0.0365	0.0088	-0.0498	0.0311	0.0721	
28.2797	-32.1178	-11.7568	0.8218	-0.6171	-0.3394	0.6104	-0.7919	0.0449	0.0023	-0.0484	0.0307	0.0722	
28.3642	-32.1699	-11.7961	0.8219	-0.6167	-0.3396	0.6396	-0.7678	0.0535	-0.0011	-0.0471	0.0307	0.0725	
28.4493	-32.2279	-11.8327	0.8220	-0.6165	-0.3397	0.6707	-0.7394	0.0651	-0.0077	-0.0459	0.0305	0.0733	
28.5353	-32.2831	-11.8702	0.8221	-0.6163	-0.3399	0.7006	-0.7101	0.0744	-0.0156	-0.0446	0.0301	0.0741	
28.6166	-32.3381	-11.9044	0.8221	-0.6160	-0.3399	0.7275	-0.6818	0.0816	-0.0206	-0.0432	0.0299	0.0745	
28.7024	-32.3897	-11.9385	0.8222	-0.6155	-0.3399	0.7521	-0.6540	0.0865	-0.0264	-0.0417	0.0296	0.0749	
28.7904	-32.4468	-11.9749	0.8225	-0.6153	-0.3400	0.7749	-0.6248	0.0959	-0.0334	-0.0406	0.0291	0.0752	
28.8755	-32.5023	-12.0114	0.8226	-0.6151	-0.3401	0.7996	-0.5914	0.1012	-0.0415	-0.0391	0.0286	0.0760	
28.9611	-32.5553	-12.0458	0.8227	-0.6147	-0.3401	0.8225	-0.5578	0.1048	-0.0514	-0.0375	0.0279	0.0768	
29.0441	-32.6107	-12.0751	0.8227	-0.6145	-0.3399	0.8414	-0.5259	0.1122	-0.0632	-0.0365	0.0268	0.0772	
29.1305	-32.6665	-12.1079	0.8229	-0.6142	-0.3399	0.8600	-0.4939	0.1134	-0.0716	-0.0348	0.0261	0.0776	
29.2166	-32.7213	-12.1405	0.8230	-0.6139	-0.3398	0.8783	-0.4581	0.1167	-0.0783	-0.0333	0.0255	0.0782	
29.3004	-32.7770	-12.1710	0.8231	-0.6137	-0.3397	0.8952	-0.4223	0.1161	-0.0898	-0.0316	0.0243	0.0789	
29.3864	-32.8359	-12.2023	0.8232	-0.6136	-0.3396	0.9101	-0.3861	0.1175	-0.1000	-0.0302	0.0232	0.0795	
29.4746	-32.8914	-12.2394	0.8235	-0.6133	-0.3397	0.9234	-0.3503	0.1172	-0.1105	-0.0287	0.0220	0.0800	
29.5631	-32.9477	-12.2683	0.8237	-0.6131	-0.3395	0.9355	-0.3122	0.1162	-0.1223	-0.0272	0.0207	0.0806	
29.6509	-33.0042	-12.2961	0.8239	-0.6129	-0.3392	0.9450	-0.2776	0.1138	-0.1360	-0.0258	0.0191	0.0809	
29.7402	-33.0620	-12.3232	0.8242	-0.6127	-0.3390	0.9538	-0.2387	0.1149	-0.1445	-0.0246	0.0180	0.0814	
29.8304	-33.1204	-12.3561	0.8245	-0.6126	-0.3389	0.9613	-0.1999	0.1122	-0.1563	-0.0232	0.0164	0.0819	
29.9195	-33.1829	-12.3817	0.8248	-0.6126	-0.3386	0.9664	-0.1620	0.1115	-0.1684	-0.0221	0.0149	0.0823	
30.0084	-33.2393	-12.4071	0.8251	-0.6124	-0.3382	0.9707	-0.1210	0.1087	-0.1792	-0.0209	0.0134	0.0828	
30.0969	-33.2964	-12.4340	0.8253	-0.6123	-0.3380	0.9730	-0.0781	0.1054	-0.1917	-0.0198	0.0116	0.0834	
30.1846	-33.3610	-12.4627	0.8255	-0.6124	-0.3378	0.9737	-0.0372	0.0996	-0.2038	-0.0186	0.0097	0.0839	
30.2749	-33.4193	-12.4862	0.8259	-0.6123	-0.3373	0.9722	0.0093	0.0948	-0.2148	-0.0175	0.0079	0.0847	
30.3635	-33.4742	-12.5136	0.8261	-0.6120	-0.3371	0.9687	0.0525	0.0892	-0.2271	-0.0165	0.0060	0.0852	
30.4538	-33.5320	-12.5370	0.8264	-0.6118	-0.3367	0.9632	0.0945	0.0863	-0.2374	-0.0157	0.0044	0.0855	
30.5407	-33.5903	-12.5625	0.8266	-0.6117	-0.3363	0.9567	0.1347	0.0812	-0.2463	-0.0148	0.0027	0.0857	
30.6312	-33.6531	-12.5954	0.8269	-0.6118	-0.3363	0.9479	0.1742	0.0759	-0.2572	-0.0142	0.0008	0.0857	
30.7204	-33.7157	-12.6263	0.8272	-0.6118	-0.3362	0.9380	0.2140	0.0685	-0.2653	-0.0132	-0.0010	0.0858	
30.8069	-33.7793	-12.6490	0.8274	-0.6119	-0.3358	0.9234	0.2584	0.0634	-0.2768	-0.0129	-0.0030	0.0862	
30.8881	-33.8447	-12.6771	0.8273	-0.6121	-0.3356	0.9094	0.2982	0.0557	-0.2856	-0.0123	-0.0049	0.0862	
30.9740	-33.9070	-12.7068	0.8274	-0.6121	-0.3354	0.8904	0.3407	0.0516	-0.2975	-0.0123	-0.0068	0.0865	
31.0582	-33.9718	-12.7296	0.8275	-0.6122	-0.3350	0.8685	0.3842	0.0411	-0.3108	-0.0122	-0.0093	0.0869	
31.1437	-34.0394	-12.7537	0.8276	-0.6125	-0.3346	0.8472	0.4248	0.0318	-0.3179	-0.0118	-0.0113	0.0870	
31.2307	-34.1065	-12.7815	0.8278	-0.6127	-0.3344	0.8259	0.4607	0.0228	-0.3252	-0.0115	-0.0133	0.0867	
31.3168	-34.1715	-12.8091	0.8280	-0.6128	-0.3342	0.8001	0.4987	0.0136	-0.3335	-0.0115	-0.0153	0.0866	
31.4013	-34.2321	-12.8376	0.8280	-0.6128	-0.3340	0.7728	0.5352	0.0081	-0.3412	-0.0117	-0.0169	0.0865	
31.4826	-34.2928	-12.8676	0.8280	-0.6128	-0.3338	0.7437	0.5709	-0.0035	-0.3483	-0.0118	-0.0191	0.0863	
31.5636	-34.3568	-12.8959	0.8279	-0.6129	-0.3336	0.7107	0.6089	-0.0100	-0.3519	-0.0119	-0.0207	0.0865	
31.6459	-34.4179	-12.9300	0.8279	-0.6129	-0.3337	0.6807	0.6398	-0.0175	-0.3571	-0.0122	-0.0223	0.0860	
31.7271	-34.4790	-12.9540	0.8279	-0.6129	-0.3333	0.6465	0.6709	-0.0275	-0.3626	-0.0127	-0.0241	0.0857	
31.8100	-34.5461	-12.9837	0.8279	-0.6131	-0.3332	0.6124	0.7003	-0.0354	-0.3656	-0.0130	-0.0256	0.0853	
31.8912	-34.6081	-13.0182	0.8279	-0.6131	-0.3332	0.5779	0.7266	-0.0442	-0.3697	-0.0136	-0.0271	0.0847	
31.9773	-34.6754	-13.0497	0.8280	-0.6133	-0.3331	0.5419	0.7522	-0.0521	-0.3718	-0.0141	-0.0285	0.0841	
32.0577	-34.7362	-13.0809	0.8279	-0.6133	-0.3331	0.5063	0.7755	-0.0631	-0.3727	-0.0146	-0.0300	0.0834	
32.1378	-34.7985	-13.1122	0.8278	-0.6133	-0.3330	0.4679	0.7969	-0.0726	-0.3760	-0.0154	-0.0313	0.0827	
32.2213	-34.8589	-13.1439	0.8279	-0.6133	-0.3329	0.4310	0.8162	-0.0805	-0.3770	-0.0161	-0.0324	0.0819	
32.3032	-34.9184	-13.1760	0.8279	-0.6132	-0.3329	0.3941	0.8336	-0.0888	-0.3776	-0.0169	-0.0334	0.0811	
32.3838	-34.9807	-13.2120	0.8278	-0.6133	-0.3330	0.3544	0.8491	-0.0977	-0.3800	-0.0180	-0.0344	0.0803	
32.4621	-35.0419	-13.2436	0.8277	-0.6133	-0.3329	0.3150	0.8632	-0.1081	-0.3802	-0.0190	-0.0354	0.0794	
32.5436	-35.1016	-13.2739	0.8276	-0.6132	-0.3328	0.2755	0.8754	-0.1182	-0.3800	-0.0200	-0.0363	0.0785	
32.6202	-35.1610	-13.3108	0.8274	-0.6131	-0.3330	0.2347	0.8862	-0.1288	-0.3789	-0.0211	-0.0372	0.0777	
32.7016	-35.2216	-13.3415	0.8274	-0.6131	-0.3329	0.1952	0.8967	-0.1335	-0.3747	-0.0216	-0.0376	0.0771	
32.7831	-35.2824	-13.3774	0.8273	-0.6131	-0.3330	0.1536	0.9052	-0.1421	-0.3703	-0.0224	-0.0383	0.0764	
32.8583	-35.3469	-13.4158	0.8271	-0.6132	-0.3332	0.1106	0.9103	-0.1519	-0.3697	-0.0238	-0.0388	0.0756	
32.9372	-35.4096	-13.4497	0.8270	-0.6133	-0.3332	0.0717	0.9136	-0.1632	-0.3667	-0.0249	-0.0394	0.0745	
33.0391	-35.4755	-13.4969	0.8277	-0.6134	-0.3337	0.0338	0.9136	-0.1718	-0.3685	-0.0229	-0.0398	0.0755	
33.1183	-35.5377	-13.5324	0.8275	-0.6135	-0.3338	0.0091	-0.9141	0.1772	0.3651	-0.0241	-0.0400	0.0749	
33.1989	-35.5943	-13.5677	0.8275	-0.6133	-0.3339	0.0464	-0.9139	0.1818	0.3612	-0.0248	-0.0400	0.0740	
33.2762	-35.6516	-13.6027	0.8273	-0.6131	-0.3339	0.0863	-0.9117	0.1876	0.3562	-0.0257	-0.0401	0.0732	
33.3567	-35.7114	-13.6414	0.8272	-0.6131	-0.3341	0.1279	-0.9079	0.1926	0.3501	-0.0266	-0.0402	0.0727	
33.4414	-35.7696	-13.6750	0.8273	-0.6130	-0.3342	0.1647	-0.9024	0.1982	0.3466	-0.0276	-0.0400	0.0718	
33.5192	-35.8326	-13.7093	0.8271	-0.6130	-0.3342	0.2010	-0.8961	0.2034	0.3407	-0.0283	-0.0399	0.0709	
33.6001	-35.8898	-13.7416	0.8271	-0.6129	-0.3342	0.2382	-0.8869	0.2101	0.3367	-0.0294	-0.0397	0.0701	
33.6804	-35.9500	-13.7761	0.8270	-0.6128	-0.3342	0.2757	-0.8764	0.2188	0.3298	-0.0305	-0.0398	0.0692	
33.7605	-36.0091	-13.8099	0.8269	-0.6128	-0.3342	0.3141	-0.8645	0.2241	0.3227	-0.0314	-0.0397	0.0687	
33.8420	-36.0681	-13.8450	0.8269	-0.6127	-0.3343	0.3501	-0.8506	0.2330	0.3168	-0.0326	-0.0395	0.0678	
33.9187	-36.1258	-13.8774	0.8267	-0.6126	-0.3343	0.3873	-0.8351	0.2399	0.3093	-0.0336	-0.0394	0.0672	
33.9977	-36.1866	-13.9104	0.8266	-0.6126	-0.3342	0.4221	-0.8182	0.2485	0.3024	-0.0348	-0.0392	0.0664	
34.0771	-36.2422	-13.9417	0.8265	-0.6123	-0.3342	0.4533	-0.8007	0.2539	0.3001	-0.0356	-0.0384	0.0656	
34.1578	-36.2999	-13.9746	0.8264	-0.6122	-0.3342	0.4829	-0.7832	0.2630	0.2922	-0.0365	-0.0382	0.0645	
34.2339	-36.3601	-14.0086	0.8262	-0.6122	-0.3342	0.5160	-0.7610	0.2690	0.2882	-0.0376	-0.0375	0.0640	
34.3161	-36.4181	-14.0431	0.8262	-0.6121	-0.3342	0.5476	-0.7398	0.2744	0.2796	-0.0385	-0.0372	0.0634	
34.3960	-36.4756	-14.0764	0.8261	-0.6119	-0.3342	0.5785	-0.7162	0.2794	0.2738	-0.0394	-0.0366	0.0629	
34.4749	-36.5316	-14.1108	0.8260	-0.6118	-0.3343	0.6097	-0.6907	0.2836	0.2671	-0.0403	-0.0360	0.0625	
34.5594	-36.5888	-14.1440	0.8260	-0.6116	-0.3343	0.6376	-0.6645	0.2887	0.2634	-0.0413	-0.0351	0.0620	
34.6365	-36.6458	-14.1769	0.8259	-0.6115	-0.3343	0.6623	-0.6371	0.3001	0.2579	-0.0426	-0.0345	0.0610	
34.7164	-36.7025	-14.2121	0.8258	-0.6113	-0.3343	0.6883	-0.6121	0.3001	0.2489	-0.0429	-0.0340	0.0606	
34.7982	-36.7624	-14.2497	0.8257	-0.6113	-0.3345	0.7133	-0.5830	0.3060	0.2415	-0.0439	-0.0334	0.0600	
34.8777	-36.8193	-14.2831	0.8256	-0.6111	-0.3345	0.7367	-0.5537	0.3105	0.2345	-0.0447	-0.0327	0.0595	
34.9559	-36.8761	-14.3152	0.8255	-0.6110	-0.3344	0.7586	-0.5223	0.3177	0.2269	-0.0458	-0.0321	0.0588	
35.0347	-36.9350	-14.3452	0.8254	-0.6109	-0.3343	0.7776	-0.4921	0.3248	0.2209	-0.0467	-0.0312	0.0580	
35.1138	-36.9942	-14.3785	0.8253	-0.6108	-0.3343	0.7941	-0.4632	0.3336	0.2116	-0.0476	-0.0306	0.0569	
35.1931	-37.0547	-14.4119	0.8251	-0.6108	-0.3343	0.8104	-0.4322	0.3400	0.2044	-0.0485	-0.0298	0.0561	
35.2755	-37.1122	-14.4465	0.8251	-0.6107	-0.3344	0.8281	-0.3956	0.3480	0.1929	-0.0499	-0.0292	0.0555	
35.3540	-37.1708	-14.4787	0.8250	-0.6106	-0.3343	0.8420	-0.3630	0.3562	0.1825	-0.0510	-0.0285	0.0545	
35.4356	-37.2266	-14.5093	0.8250	-0.6104	-0.3342	0.8524	-0.3317	0.3659	0.1757	-0.0519	-0.0275	0.0534	
35.5166	-37.2793	-14.5424	0.8249	-0.6101	-0.3342	0.8635	-0.2948	0.3746	0.1674	-0.0531	-0.0264	0.0527	
35.5983	-37.3364	-14.5759	0.8249	-0.6100	-0.3342	0.8741	-0.2578	0.3819	0.1559	-0.0543	-0.0256	0.0520	
35.6775	-37.3936	-14.6088	0.8248	-0.6099	-0.3342	0.8848	-0.2232	0.3832	0.1453	-0.0549	-0.0249	0.0515	
35.7531	-37.4508	-14.6372	0.8246	-0.6097	-0.3340	0.8918	-0.1841	0.3902	0.1395	-0.0559	-0.0235	0.0510	
35.8308	-37.5082	-14.6712	0.8244	-0.6096	-0.3341	0.8962	-0.1457	0.3996	0.1303	-0.0572	-0.0222	0.0502	
35.9152	-37.5673	-14.7037	0.8245	-0.6095	-0.3340	0.8999	-0.1083	0.4053	0.1228	-0.0580	-0.0209	0.0497	
35.9967	-37.6246	-14.7335	0.8244	-0.6094	-0.3339	0.9019	-0.0690	0.4121	0.1126	-0.0591	-0.0197	0.0490	
36.0746	-37.6816	-14.7648	0.8243	-0.6093	-0.3338	0.9013	-0.0293	0.4212	0.1022	-0.0604	-0.0182	0.0483	
36.1524	-37.7426	-14.8004	0.8241	-0.6093	-0.3339	0.8993	0.0094	0.4283	0.0933	-0.0614	-0.0167	0.0476	
36.2358	-37.8032	-14.8291	0.8241	-0.6093	-0.3337	0.8973	0.0512	0.4307	0.0857	-0.0621	-0.0153	0.0475	
36.3162	-37.8583	-14.8618	0.8241	-0.6091	-0.3337	0.8936	0.0929	0.4333	0.0745	-0.0631	-0.0141	0.0473	
36.3936	-37.9187	-14.8955	0.8239	-0.6091	-0.3337	0.8866	0.1324	0.4392	0.0683	-0.0638	-0.0122	0.0468	
36.4772	-37.9789	-14.9252	0.8239	-0.6090	-0.3336	0.8773	0.1743	0.4438	0.0621	-0.0645	-0.0104	0.0467	
36.5613	-38.0407	-14.9568	0.8240	-0.6091	-0.3335	0.8666	0.2156	0.4476	0.0557	-0.0651	-0.0085	0.0465	
36.6389	-38.1004	-14.9854	0.8238	-0.6090	-0.3334	0.8553	0.2543	0.4496	0.0501	-0.0655	-0.0068	0.0463	
36.7220	-38.1590	-15.0160	0.8238	-0.6089	-0.3333	0.8410	0.2951	0.4523	0.0436	-0.0660	-0.0049	0.0463	
36.8021	-38.2222	-15.0471	0.8238	-0.6090	-0.3332	0.8236	0.3379	0.4548	0.0385	-0.0666	-0.0028	0.0464	
36.8823	-38.2841	-15.0734	0.8237	-0.6091	-0.3330	0.8035	0.3817	0.4562	0.0358	-0.0671	-0.0006	0.0468	
36.9672	-38.3432	-15.1054	0.8238	-0.6090	-0.3329	0.7823	0.4252	0.4547	0.0289	-0.0676	0.0013	0.0471	
37.0481	-38.4069	-15.1327	0.8237	-0.6091	-0.3327	0.7592	0.4653	0.4553	0.0208	-0.0681	0.0033	0.0472	
37.1307	-38.4670	-15.1643	0.8237	-0.6091	-0.3326	0.7341	0.5085	0.4500	0.0157	-0.0685	0.0051	0.0479	
37.2105	-38.5304	-15.1931	0.8236	-0.6092	-0.3325	0.7073	0.5495	0.4449	0.0085	-0.0689	0.0069	0.0484	
37.2961	-38.5956	-15.2246	0.8237	-0.6093	-0.3324	0.6778	0.5888	0.4407	0.0009	-0.0692	0.0087	0.0488	
37.3779	-38.6563	-15.2582	0.8237	-0.6093	-0.3324	0.6492	0.6246	0.4346	-0.0049	-0.0692	0.0104	0.0493	
37.4612	-38.7184	-15.2885	0.8237	-0.6093	-0.3323	0.6150	0.6628	0.4274	-0.0092	-0.0693	0.0123	0.0501	
37.5449	-38.7839	-15.3204	0.8237	-0.6095	-0.3323	0.5791	0.6982	0.4208	-0.0170	-0.0695	0.0142	0.0506	
37.6275	-38.8508	-15.3545	0.8237	-0.6097	-0.3323	0.5421	0.7317	0.4129	-0.0224	-0.0694	0.0160	0.0513	
37.7095	-38.9170	-15.3887	0.8237	-0.6098	-0.3323	0.5031	0.7652	0.4013	-0.0232	-0.0690	0.0177	0.0525	
37.7935	-38.9803	-15.4193	0.8237	-0.6099	-0.3322	0.4650	0.7948	0.3893	-0.0276	-0.0688	0.0191	0.0533	
37.8771	-39.0452	-15.4513	0.8238	-0.6101	-0.3322	0.4238	0.8230	0.3771	-0.0323	-0.0685	0.0206	0.0541	
37.9568	-39.1094	-15.4834	0.8237	-0.6102	-0.3321	0.3805	0.8499	0.3629	-0.0349	-0.0682	0.0221	0.0552	
38.0381	-39.1729	-15.5172	0.8236	-0.6102	-0.3321	0.3353	0.8740	0.3500	-0.0379	-0.0678	0.0237	0.0562	
38.1232	-39.2394	-15.5518	0.8237	-0.6104	-0.3322	0.2921	0.8958	0.3323	-0.0415	-0.0674	0.0247	0.0572	
38.2053	-39.3029	-15.5858	0.8237	-0.6105	-0.3322	0.2503	0.9142	0.3162	-0.0447	-0.0669	0.0256	0.0580	
38.2903	-39.3680	-15.6177	0.8238	-0.6106	-0.3321	0.2028	0.9306	0.3021	-0.0445	-0.0660	0.0269	0.0592	
38.3741	-39.4318	-15.6538	0.8238	-0.6107	-0.3322	0.1558	0.9445	0.2858	-0.0470	-0.0655	0.0280	0.0602	
38.4585	-39.4989	-15.6897	0.8238	-0.6109	-0.3323	0.1115	0.9554	0.2695	-0.0505	-0.0648	0.0288	0.0609	
38.5433	-39.5655	-15.7264	0.8239	-0.6111	-0.3324	0.0644	0.9640	0.2534	-0.0521	-0.0641	0.0297	0.0618	
38.6124	-39.6364	-15.7501	0.8235	-0.6114	-0.3321	0.0160	0.9710	0.2331	-0.0506	-0.0651	0.0283	0.0608	
38.6953	-39.7005	-15.7838	0.8235	-0.6115	-0.3321	0.0253	-0.9753	-0.2156	0.0495	-0.0642	0.0287	0.0615	
38.7807	-39.7643	-15.8219	0.8236	-0.6116	-0.3323	0.0701	-0.9772	-0.1960	0.0470	-0.0633	0.0292	0.0625	
38.8651	-39.8258	-15.8606	0.8236	-0.6116	-0.3324	0.1140	-0.9765	-0.1774	0.0485	-0.0627	0.0298	0.0632	
38.9470	-39.8895	-15.8968	0.8236	-0.6117	-0.3325	0.1541	-0.9747	-0.1575	0.0454	-0.0618	0.0298	0.0639	
39.0276	-39.9527	-15.9322	0.8236	-0.6117	-0.3326	0.1947	-0.9707	-0.1369	0.0414	-0.0609	0.0297	0.0648	
39.1088	-40.0178	-15.9667	0.8235	-0.6119	-0.3326	0.2352	-0.9642	-0.1194	0.0384	-0.0599	0.0299	0.0655	
39.1873	-40.0801	-16.0030	0.8234	-0.6119	-0.3327	0.2777	-0.9551	-0.0990	0.0356	-0.0592	0.0301	0.0664	
39.2724	-40.1400	-16.0419	0.8235	-0.6119	-0.3329	0.3148	-0.9456	-0.0805	0.0316	-0.0583	0.0299	0.0669	
39.3552	-40.2002	-16.0809	0.8235	-0.6118	-0.3331	0.3551	-0.9326	-0.0648	0.0293	-0.0573	0.0302	0.0676	
39.4362	-40.2607	-16.1199	0.8234	-0.6118	-0.3332	0.3906	-0.9194	-0.0508	0.0261	-0.0562	0.0303	0.0679	
39.5186	-40.3207	-16.1540	0.8234	-0.6118	-0.3333	0.4247	-0.9050	-0.0350	0.0229	-0.0553	0.0302	0.0683	
39.6037	-40.3814	-16.1893	0.8235	-0.6118	-0.3333	0.4629	-0.8864	-0.0224	0.0220	-0.0541	0.0307	0.0689	
39.6846	-40.4406	-16.2245	0.8234	-0.6117	-0.3334	0.4990	-0.8668	-0.0068	0.0169	-0.0532	0.0306	0.0696	
39.7664	-40.4985	-16.2598	0.8234	-0.6116	-0.3334	0.5341	-0.8460	0.0045	0.0111	-0.0519	0.0306	0.0703	
39.8503	-40.5558	-16.2973	0.8234	-0.6115	-0.3336	0.5647	-0.8261	0.0134	0.0097	-0.0505	0.0308	0.0704	
39.9340	-40.6150	-16.3323	0.8235	-0.6114	-0.3336	0.5952	-0.8040	0.0241	0.0076	-0.0493	0.0310	0.0707	
40.0162	-40.6739	-16.3677	0.8235	-0.6113	-0.3337	0.6261	-0.7793	0.0381	-0.0002	-0.0483	0.0306	0.0713	
40.1005	-40.7293	-16.4020	0.8235	-0.6112	-0.3337	0.6557	-0.7538	0.0514	-0.0054	-0.0473	0.0305	0.0718	
40.1848	-40.7894	-16.4386	0.8236	-0.6111	-0.3338	0.6857	-0.7257	0.0629	-0.0095	-0.0462	0.0305	0.0725	
40.2677	-40.8472	-16.4745	0.8236	-0.6110	-0.3339	0.7133	-0.6974	0.0746	-0.0150	-0.0451	0.0303	0.0730	
40.3525	-40.9048	-16.5108	0.8237	-0.6109	-0.3340	0.7381	-0.6700	0.0842	-0.0209	-0.0439	0.0300	0.0733	
40.4361	-40.9635	-16.5462	0.8237	-0.6109	-0.3340	0.7634	-0.6398	0.0913	-0.0264	-0.0424	0.0297	0.0739	
40.5189	-41.0228	-16.5807	0.8237	-0.6108	-0.3341	0.7864	-0.6099	0.0979	-0.0354	-0.0411	0.0291	0.0744	
40.6048	-41.0789	-16.6123	0.8238	-0.6106	-0.3340	0.8104	-0.5759	0.1040	-0.0424	-0.0396	0.0287	0.0752	
40.6930	-41.1352	-16.6438	0.8240	-0.6105	-0.3340	0.8308	-0.5458	0.1052	-0.0498	-0.0378	0.0281	0.0756	
40.7797	-41.1906	-16.6772	0.8241	-0.6103	-0.3340	0.8508	-0.5113	0.1108	-0.0583	-0.0365	0.0274	0.0763	
40.8675	-41.2460	-16.7061	0.8243	-0.6102	-0.3338	0.8687	-0.4790	0.1133	-0.0670	-0.0349	0.0266	0.0768	
40.9515	-41.3041	-16.7378	0.8243	-0.6101	-0.3338	0.8862	-0.4429	0.1165	-0.0771	-0.0335	0.0257	0.0775	
41.0363	-41.3634	-16.7701	0.8244	-0.6100	-0.3338	0.9017	-0.4087	0.1186	-0.0836	-0.0319	0.0250	0.0779	
41.1208	-41.4207	-16.7998	0.8245	-0.6099	-0.3336	0.9164	-0.3708	0.1203	-0.0954	-0.0306	0.0238	0.0787	
41.2078	-41.4789	-16.8308	0.8246	-0.6098	-0.3336	0.9296	-0.3343	0.1206	-0.1036	-0.0290	0.0228	0.0792	
41.2939	-41.5376	-16.8618	0.8247	-0.6097	-0.3335	0.9406	-0.3012	0.1157	-0.1137	-0.0272	0.0214	0.0795	
41.3808	-41.5929	-16.8910	0.8248	-0.6096	-0.3334	0.9510	-0.2613	0.1117	-0.1260	-0.0256	0.0198	0.0803	
