-1.3653	-11.9322	-0.2047	0.0000	0.0000	0.0000	0.2380	-0.3805	-0.5992	0.6630	0.0000	0.0000	0.0000	
-0.7710	-11.4422	0.1268	0.0588	0.0485	0.0328	0.2627	-0.4078	-0.5303	0.7007	-0.0200	0.0110	-0.0262	
-0.4682	-11.3281	0.0751	0.1359	0.0778	0.0208	0.2719	-0.4640	-0.4546	0.7129	-0.1165	0.0140	-0.1192	
-0.1350	-11.2500	0.0339	0.2829	0.1115	0.0085	0.3230	-0.5137	-0.4254	0.6796	-0.1491	-0.0059	-0.0442	
0.0169	-11.2036	0.0316	0.3665	0.1367	0.0108	0.3679	-0.5201	-0.4467	0.6413	-0.1165	-0.0051	0.0179	
0.1166	-11.1954	0.0546	0.4211	0.1374	0.0302	0.3705	-0.5711	-0.3921	0.6218	-0.1168	-0.0211	-0.0138	
0.2601	-11.3075	0.1200	0.5179	0.0301	0.0884	0.4035	-0.5636	-0.3643	0.6274	-0.1052	0.0021	-0.0069	
0.4066	-11.2582	0.1979	0.6241	0.0787	0.1606	0.4201	-0.5811	-0.3437	0.6082	-0.0973	-0.0021	-0.0071	
0.5096	-11.2218	0.3159	0.6691	0.1063	0.2698	0.4589	-0.5964	-0.2701	0.6003	-0.1073	0.0081	-0.0177	
0.6754	-11.2167	0.4642	0.7800	0.1034	0.4003	0.4719	-0.6294	-0.2036	0.5823	-0.1116	0.0045	-0.0292	
0.7831	-11.2842	0.5503	0.8174	0.0294	0.4462	0.4763	-0.6528	-0.1917	0.5618	-0.1027	-0.0030	-0.0263	
0.9154	-11.3691	0.5627	0.8643	-0.0556	0.4156	0.4997	-0.6670	-0.1514	0.5311	-0.1048	-0.0031	-0.0239	
0.9679	-11.4508	0.6053	0.8319	-0.1256	0.4158	0.5093	-0.6859	-0.1053	0.5092	-0.1044	-0.0041	-0.0268	
1.1101	-11.4255	0.6812	0.8835	-0.0932	0.4490	0.5466	-0.6855	-0.0720	0.4764	-0.1057	-0.0013	-0.0208	
1.2803	-11.5140	0.7169	0.9558	-0.1635	0.4425	0.5714	-0.6853	-0.0363	0.4509	-0.1052	0.0008	-0.0181	
1.4061	-11.5967	0.8649	0.9802	-0.2189	0.5316	0.5918	-0.6905	0.0061	0.4151	-0.1067	0.0006	-0.0174	
1.5676	-11.6884	0.9764	1.0291	-0.2758	0.5804	0.6207	-0.6855	0.0377	0.3793	-0.1071	0.0015	-0.0134	
1.7292	-11.7550	1.1164	1.0755	-0.3073	0.6449	0.6361	-0.6865	0.0760	0.3440	-0.1072	0.0013	-0.0131	
1.8293	-11.7886	1.2275	1.0709	-0.3100	0.6789	0.6578	-0.6773	0.1013	0.3162	-0.1054	0.0024	-0.0102	
1.9260	-11.8895	1.4055	1.0654	-0.3600	0.7575	0.6674	-0.6740	0.1389	0.2854	-0.1049	0.0026	-0.0107	
2.0366	-12.0084	1.4849	1.0653	-0.4153	0.7613	0.6791	-0.6675	0.1810	0.2444	-0.1062	0.0026	-0.0105	
2.0694	-11.9844	1.5540	1.0122	-0.3684	0.7559	0.6983	-0.6540	0.2119	0.1991	-0.1072	0.0022	-0.0078	
2.1312	-12.0160	1.6876	0.9838	-0.3623	0.7921	0.7137	-0.6412	0.2379	0.1518	-0.1077	0.0011	-0.0054	
2.2256	-12.0730	1.7227	0.9751	-0.3711	0.7656	0.7330	-0.6216	0.2583	0.0995	-0.1085	-0.0002	-0.0014	
2.3754	-12.0885	1.7833	1.0014	-0.3569	0.7564	0.7438	-0.6024	0.2847	0.0471	-0.1094	-0.0012	0.0006	
2.3879	-12.1326	1.8994	0.9505	-0.3587	0.7788	0.7524	-0.5811	0.3105	0.0052	-0.1094	-0.0014	0.0022	
2.4431	-12.1919	1.9965	0.9287	-0.3707	0.7892	0.7559	-0.5601	0.3376	-0.0340	-0.1091	-0.0014	0.0029	
2.4974	-12.2648	2.0626	0.9078	-0.3884	0.7824	0.7601	-0.5364	0.3599	-0.0736	-0.1087	-0.0017	0.0043	
2.5791	-12.3331	2.0971	0.9000	-0.4000	0.7601	0.7631	-0.5098	0.3775	-0.1232	-0.1090	-0.0031	0.0063	
2.7116	-12.3638	2.1438	0.9161	-0.3907	0.7448	0.7688	-0.4780	0.3855	-0.1789	-0.1094	-0.0053	0.0095	
2.7839	-12.3795	2.2457	0.9056	-0.3775	0.7571	0.7714	-0.4453	0.3978	-0.2212	-0.1091	-0.0061	0.0116	
2.8449	-12.4265	2.2724	0.8905	-0.3782	0.7334	0.7694	-0.4157	0.4050	-0.2678	-0.1088	-0.0080	0.0135	
2.9476	-12.4637	2.3190	0.8949	-0.3743	0.7197	0.7706	-0.3829	0.4021	-0.3149	-0.1080	-0.0105	0.0163	
3.0230	-12.4983	2.3685	0.8870	-0.3695	0.7092	0.7620	-0.3478	0.4099	-0.3609	-0.1081	-0.0120	0.0176	
3.1333	-12.5418	2.3790	0.8951	-0.3686	0.6819	0.7535	-0.3161	0.4075	-0.4084	-0.1077	-0.0145	0.0193	
3.2888	-12.5965	2.4321	0.9192	-0.3705	0.6742	0.7413	-0.2760	0.4017	-0.4613	-0.1079	-0.0175	0.0214	
3.3795	-12.6430	2.5178	0.9169	-0.3698	0.6799	0.7308	-0.2351	0.3929	-0.5067	-0.1075	-0.0202	0.0235	
3.5221	-12.6932	2.5828	0.9366	-0.3723	0.6763	0.7191	-0.1998	0.3785	-0.5485	-0.1065	-0.0232	0.0252	
3.6500	-12.7689	2.6296	0.9485	-0.3815	0.6656	0.7040	-0.1596	0.3567	-0.5937	-0.1057	-0.0272	0.0273	
3.7633	-12.8616	2.6445	0.9551	-0.3997	0.6453	0.6820	-0.1224	0.3485	-0.6314	-0.1052	-0.0293	0.0280	
3.8940	-12.9263	2.7325	0.9671	-0.4030	0.6509	0.6605	-0.0799	0.3232	-0.6733	-0.1046	-0.0333	0.0296	
4.0001	-13.0135	2.7936	0.9704	-0.4152	0.6467	0.6363	-0.0404	0.2985	-0.7106	-0.1037	-0.0369	0.0306	
4.1090	-13.0670	2.8439	0.9749	-0.4158	0.6397	0.6125	0.0029	0.2761	-0.7410	-0.1028	-0.0399	0.0316	
4.2072	-13.1594	2.9309	0.9757	-0.4296	0.6447	0.5850	0.0426	0.2480	-0.7714	-0.1018	-0.0434	0.0323	
4.3074	-13.2539	3.0386	0.9773	-0.4426	0.6558	0.5530	0.0817	0.2165	-0.8007	-0.1008	-0.0472	0.0326	
4.4040	-13.3394	3.1107	0.9784	-0.4522	0.6546	0.5194	0.1193	0.1846	-0.8261	-0.0998	-0.0508	0.0326	
4.4861	-13.4505	3.1765	0.9742	-0.4691	0.6524	0.4814	0.1611	0.1536	-0.8477	-0.0991	-0.0541	0.0326	
4.5864	-13.5363	3.2986	0.9766	-0.4768	0.6668	0.4427	0.2022	0.1154	-0.8660	-0.0982	-0.0580	0.0325	
4.6188	-13.6322	3.3728	0.9589	-0.4887	0.6656	0.4031	0.2349	0.0805	-0.8812	-0.0971	-0.0612	0.0315	
4.6901	-13.7730	3.4720	0.9534	-0.5134	0.6721	0.3570	0.2677	0.0465	-0.8937	-0.0964	-0.0641	0.0303	
4.7673	-13.8713	3.5340	0.9505	-0.5238	0.6673	0.3099	0.3003	0.0110	-0.9020	-0.0958	-0.0671	0.0289	
4.8309	-13.9675	3.5880	0.9443	-0.5337	0.6601	0.2623	0.3292	-0.0251	-0.9069	-0.0951	-0.0697	0.0271	
4.8674	-14.1138	3.6288	0.9308	-0.5555	0.6498	0.2042	0.3594	-0.0634	-0.9079	-0.0952	-0.0727	0.0249	
4.9109	-14.2236	3.7021	0.9198	-0.5681	0.6491	0.1537	0.3869	-0.1011	-0.9036	-0.0947	-0.0751	0.0229	
4.9509	-14.3040	3.8003	0.9082	-0.5722	0.6553	0.1010	0.4129	-0.1377	-0.8945	-0.0944	-0.0773	0.0210	
4.9661	-14.4634	3.7761	0.8847	-0.5998	0.6352	0.0616	0.4327	-0.1771	-0.8828	-0.0952	-0.0758	0.0220	
4.9699	-14.5518	3.8102	0.8650	-0.6049	0.6253	0.0069	0.4532	-0.2128	-0.8654	-0.0949	-0.0781	0.0202	
4.9597	-14.7024	3.8259	0.8377	-0.6284	0.6162	0.0367	-0.4684	0.2491	0.8477	-0.0958	-0.0763	0.0204	
4.9975	-14.8365	3.8607	0.8246	-0.6472	0.6112	0.0852	-0.4828	0.2817	0.8252	-0.0966	-0.0746	0.0200	
5.0257	-14.9542	3.8593	0.8102	-0.6603	0.5974	0.1329	-0.4907	0.3117	0.8033	-0.0977	-0.0731	0.0195	
5.0528	-15.0505	3.8954	0.7965	-0.6674	0.5929	0.1791	-0.4964	0.3439	0.7773	-0.0990	-0.0714	0.0184	
5.0780	-15.1205	3.9205	0.7835	-0.6677	0.5855	0.2236	-0.4980	0.3807	0.7472	-0.1008	-0.0694	0.0166	
5.1003	-15.2033	3.9592	0.7704	-0.6712	0.5816	0.2695	-0.4939	0.4153	0.7153	-0.1025	-0.0675	0.0147	
5.1404	-15.2611	4.0018	0.7625	-0.6682	0.5784	0.3127	-0.4861	0.4506	0.6811	-0.1043	-0.0658	0.0126	
5.1479	-15.2920	4.0604	0.7473	-0.6592	0.5791	0.3565	-0.4705	0.4853	0.6457	-0.1064	-0.0639	0.0105	
5.1817	-15.2928	4.1024	0.7391	-0.6434	0.5757	0.3985	-0.4524	0.5182	0.6071	-0.1083	-0.0622	0.0082	
5.1804	-15.2968	4.1645	0.7234	-0.6287	0.5769	0.4372	-0.4290	0.5515	0.5670	-0.1103	-0.0606	0.0058	
5.2272	-15.3214	4.2382	0.7190	-0.6192	0.5804	0.4729	-0.4018	0.5858	0.5220	-0.1124	-0.0590	0.0030	
5.2793	-15.2988	4.2937	0.7163	-0.5996	0.5797	0.5060	-0.3700	0.6189	0.4739	-0.1145	-0.0574	0.0000	
5.3187	-15.2964	4.3453	0.7109	-0.5851	0.5782	0.5353	-0.3321	0.6517	0.4230	-0.1168	-0.0557	-0.0031	
5.3940	-15.2781	4.4085	0.7133	-0.5678	0.5790	0.5611	-0.2846	0.6825	0.3730	-0.1191	-0.0534	-0.0060	
5.4516	-15.2697	4.4922	0.7118	-0.5531	0.5842	0.5839	-0.2349	0.7081	0.3206	-0.1214	-0.0514	-0.0088	
5.5481	-15.2511	4.5644	0.7182	-0.5372	0.5867	0.6046	-0.1790	0.7283	0.2684	-0.1236	-0.0491	-0.0112	
5.6535	-15.2448	4.6372	0.7262	-0.5243	0.5892	0.6209	-0.1203	0.7443	0.2147	-0.1257	-0.0468	-0.0137	
5.7857	-15.2249	4.7083	0.7393	-0.5092	0.5911	0.6328	-0.0613	0.7550	0.1610	-0.1274	-0.0444	-0.0160	
5.9007	-15.2365	4.8014	0.7484	-0.5010	0.5973	0.6403	-0.0014	0.7607	0.1069	-0.1290	-0.0421	-0.0183	
6.0165	-15.2576	4.8765	0.7573	-0.4950	0.5997	0.6434	0.0638	0.7609	0.0544	-0.1308	-0.0394	-0.0203	
6.1470	-15.2609	4.9468	0.7687	-0.4858	0.6012	0.6441	0.1292	0.7536	0.0008	-0.1326	-0.0369	-0.0221	
6.2880	-15.2852	5.0364	0.7816	-0.4810	0.6062	0.6413	0.1969	0.7394	-0.0515	-0.1345	-0.0343	-0.0237	
6.4067	-15.2928	5.1459	0.7899	-0.4732	0.6148	0.6327	0.2628	0.7211	-0.1013	-0.1361	-0.0314	-0.0252	
6.5487	-15.3254	5.2152	0.8022	-0.4705	0.6157	0.6230	0.3223	0.6960	-0.1515	-0.1373	-0.0291	-0.0265	
6.6816	-15.3588	5.3036	0.8122	-0.4681	0.6200	0.6121	0.3779	0.6660	-0.1967	-0.1381	-0.0267	-0.0273	
6.8163	-15.3871	5.4052	0.8223	-0.4647	0.6266	0.5958	0.4387	0.6263	-0.2433	-0.1399	-0.0243	-0.0281	
6.9391	-15.4473	5.4946	0.8299	-0.4673	0.6308	0.5769	0.4914	0.5852	-0.2874	-0.1410	-0.0220	-0.0287	
7.0578	-15.5109	5.5877	0.8363	-0.4705	0.6358	0.5598	0.5357	0.5396	-0.3288	-0.1416	-0.0202	-0.0291	
7.1623	-15.5351	5.6778	0.8402	-0.4666	0.6399	0.5384	0.5794	0.4891	-0.3671	-0.1424	-0.0183	-0.0292	
7.2689	-15.5776	5.7968	0.8442	-0.4661	0.6489	0.5142	0.6190	0.4369	-0.4017	-0.1431	-0.0161	-0.0291	
7.3772	-15.6245	5.9047	0.8484	-0.4665	0.6555	0.4859	0.6572	0.3817	-0.4316	-0.1437	-0.0138	-0.0288	
7.4796	-15.6688	6.0232	0.8515	-0.4665	0.6638	0.4576	0.6899	0.3242	-0.4579	-0.1442	-0.0117	-0.0281	
7.5728	-15.7191	6.1320	0.8528	-0.4675	0.6704	0.4280	0.7149	0.2679	-0.4841	-0.1443	-0.0098	-0.0276	
7.6673	-15.7698	6.2430	0.8544	-0.4686	0.6770	0.3947	0.7387	0.2060	-0.5061	-0.1449	-0.0080	-0.0268	
7.7725	-15.8356	6.3585	0.8576	-0.4722	0.6843	0.3609	0.7570	0.1460	-0.5252	-0.1450	-0.0062	-0.0257	
7.8548	-15.9011	6.4650	0.8570	-0.4755	0.6900	0.3243	0.7699	0.0813	-0.5434	-0.1456	-0.0049	-0.0248	
7.9494	-15.9575	6.5690	0.8585	-0.4773	0.6952	0.2864	0.7787	0.0164	-0.5579	-0.1461	-0.0037	-0.0236	
8.0310	-16.0079	6.6645	0.8578	-0.4781	0.6989	0.2475	0.7833	-0.0461	-0.5687	-0.1463	-0.0026	-0.0223	
8.1103	-16.0649	6.7753	0.8568	-0.4800	0.7049	0.2076	0.7840	-0.1118	-0.5742	-0.1468	-0.0019	-0.0207	
8.1810	-16.1304	6.8806	0.8545	-0.4830	0.7100	0.1656	0.7795	-0.1779	-0.5771	-0.1473	-0.0015	-0.0191	
8.2650	-16.1724	6.9896	0.8543	-0.4824	0.7156	0.1241	0.7712	-0.2399	-0.5767	-0.1476	-0.0013	-0.0173	
8.3263	-16.1978	7.0963	0.8505	-0.4793	0.7208	0.0846	0.7597	-0.2983	-0.5723	-0.1475	-0.0015	-0.0155	
8.3985	-16.2327	7.2047	0.8485	-0.4777	0.7262	0.0434	0.7437	-0.3549	-0.5655	-0.1475	-0.0018	-0.0138	
8.4601	-16.2625	7.3660	0.8449	-0.4746	0.7395	0.0016	0.7262	-0.4099	-0.5527	-0.1476	-0.0008	-0.0152	
8.5085	-16.2897	7.4578	0.8395	-0.4719	0.7422	0.0381	-0.7046	0.4633	0.5369	-0.1475	-0.0018	-0.0133	
8.5578	-16.3057	7.5671	0.8345	-0.4674	0.7475	0.0787	-0.6761	0.5192	0.5169	-0.1478	-0.0031	-0.0117	
8.6167	-16.3195	7.6609	0.8310	-0.4627	0.7504	0.1196	-0.6448	0.5719	0.4928	-0.1481	-0.0047	-0.0102	
8.6633	-16.3271	7.7665	0.8259	-0.4571	0.7551	0.1579	-0.6107	0.6228	0.4629	-0.1484	-0.0070	-0.0089	
8.7083	-16.3445	7.8560	0.8206	-0.4530	0.7574	0.1954	-0.5723	0.6697	0.4309	-0.1486	-0.0090	-0.0078	
8.7738	-16.3339	7.9355	0.8183	-0.4452	0.7582	0.2321	-0.5350	0.7083	0.3989	-0.1484	-0.0107	-0.0067	
8.8464	-16.3376	8.0016	0.8171	-0.4394	0.7573	0.2656	-0.4932	0.7462	0.3601	-0.1484	-0.0130	-0.0061	
8.9321	-16.3318	8.0638	0.8178	-0.4325	0.7558	0.2999	-0.4485	0.7795	0.3187	-0.1485	-0.0151	-0.0054	
9.0134	-16.3269	8.1290	0.8178	-0.4259	0.7547	0.3305	-0.4038	0.8062	0.2806	-0.1482	-0.0166	-0.0049	
9.0913	-16.3185	8.2061	0.8173	-0.4189	0.7554	0.3580	-0.3559	0.8306	0.2359	-0.1480	-0.0188	-0.0048	
9.1674	-16.3012	8.2770	0.8167	-0.4107	0.7552	0.3851	-0.3035	0.8510	0.1880	-0.1481	-0.0209	-0.0048	
9.2578	-16.2849	8.3357	0.8180	-0.4030	0.7534	0.4110	-0.2523	0.8650	0.1402	-0.1480	-0.0227	-0.0045	
9.3665	-16.2841	8.3952	0.8216	-0.3975	0.7517	0.4320	-0.1980	0.8753	0.0900	-0.1481	-0.0246	-0.0047	
9.4782	-16.2959	8.4481	0.8255	-0.3938	0.7491	0.4502	-0.1445	0.8804	0.0419	-0.1479	-0.0261	-0.0049	
9.5919	-16.3075	8.5047	0.8296	-0.3902	0.7471	0.4664	-0.0914	0.8801	-0.0094	-0.1477	-0.0280	-0.0051	
9.7103	-16.3173	8.5514	0.8343	-0.3864	0.7439	0.4780	-0.0409	0.8758	-0.0607	-0.1472	-0.0297	-0.0056	
9.8471	-16.3195	8.6061	0.8411	-0.3816	0.7418	0.4882	0.0103	0.8657	-0.1137	-0.1469	-0.0317	-0.0060	
9.9688	-16.3319	8.6571	0.8460	-0.3783	0.7392	0.4923	0.0652	0.8524	-0.1646	-0.1468	-0.0330	-0.0068	
10.0927	-16.3444	8.7164	0.8509	-0.3750	0.7378	0.4944	0.1145	0.8352	-0.2144	-0.1463	-0.0345	-0.0075	
10.2221	-16.3613	8.7659	0.8565	-0.3724	0.7352	0.4909	0.1616	0.8161	-0.2614	-0.1456	-0.0355	-0.0086	
10.3575	-16.3977	8.8134	0.8627	-0.3723	0.7323	0.4862	0.2104	0.7891	-0.3120	-0.1453	-0.0371	-0.0096	
10.4830	-16.4334	8.8578	0.8675	-0.3720	0.7291	0.4789	0.2584	0.7591	-0.3584	-0.1450	-0.0384	-0.0105	
10.6104	-16.4802	8.9012	0.8725	-0.3732	0.7258	0.4694	0.3006	0.7258	-0.4049	-0.1444	-0.0400	-0.0116	
10.7331	-16.5280	8.9336	0.8768	-0.3744	0.7213	0.4562	0.3434	0.6881	-0.4488	-0.1439	-0.0414	-0.0127	
10.8583	-16.5844	8.9877	0.8812	-0.3766	0.7194	0.4403	0.3823	0.6490	-0.4901	-0.1433	-0.0426	-0.0141	
10.9781	-16.6451	9.0359	0.8850	-0.3793	0.7169	0.4197	0.4172	0.6080	-0.5308	-0.1426	-0.0436	-0.0159	
11.0915	-16.7064	9.0965	0.8880	-0.3820	0.7159	0.3970	0.4541	0.5612	-0.5675	-0.1422	-0.0445	-0.0175	
11.2046	-16.7802	9.1507	0.8908	-0.3861	0.7141	0.3713	0.4866	0.5149	-0.6013	-0.1416	-0.0451	-0.0193	
11.3101	-16.8459	9.1872	0.8928	-0.3892	0.7104	0.3431	0.5128	0.4678	-0.6343	-0.1408	-0.0456	-0.0216	
11.4202	-16.9163	9.2332	0.8952	-0.3928	0.7077	0.3128	0.5388	0.4171	-0.6627	-0.1402	-0.0460	-0.0237	
11.5251	-16.9778	9.2878	0.8970	-0.3952	0.7061	0.2805	0.5602	0.3678	-0.6886	-0.1394	-0.0459	-0.0261	
11.6227	-17.0414	9.3434	0.8980	-0.3979	0.7047	0.2451	0.5778	0.3159	-0.7128	-0.1387	-0.0455	-0.0288	
11.7241	-17.0925	9.3935	0.8994	-0.3991	0.7026	0.2080	0.5944	0.2631	-0.7319	-0.1382	-0.0448	-0.0312	
11.8230	-17.1667	9.4449	0.9005	-0.4029	0.7007	0.1668	0.6072	0.2090	-0.7491	-0.1378	-0.0437	-0.0340	
11.9194	-17.2327	9.5000	0.9012	-0.4057	0.6991	0.1268	0.6173	0.1560	-0.7617	-0.1372	-0.0424	-0.0364	
12.0015	-17.2968	9.5500	0.9005	-0.4083	0.6971	0.0844	0.6231	0.1008	-0.7719	-0.1368	-0.0408	-0.0392	
12.0884	-17.3589	9.6138	0.9002	-0.4106	0.6966	0.0382	0.6268	0.0440	-0.7776	-0.1368	-0.0387	-0.0418	
12.1921	-17.4163	9.6255	0.9017	-0.4125	0.6903	0.0063	-0.6251	0.0169	0.7808	-0.1372	-0.0390	-0.0395	
12.2945	-17.4765	9.6490	0.9029	-0.4147	0.6854	0.0529	-0.6230	0.0746	0.7772	-0.1377	-0.0389	-0.0376	
12.4008	-17.5298	9.6860	0.9046	-0.4162	0.6820	0.1016	-0.6193	0.1279	0.7685	-0.1383	-0.0386	-0.0358	
12.4908	-17.5895	9.7136	0.9045	-0.4183	0.6777	0.1503	-0.6112	0.1815	0.7560	-0.1390	-0.0376	-0.0341	
12.5752	-17.6380	9.7376	0.9039	-0.4192	0.6731	0.1989	-0.5979	0.2329	0.7413	-0.1397	-0.0360	-0.0324	
12.6611	-17.6823	9.7809	0.9034	-0.4197	0.6706	0.2510	-0.5816	0.2811	0.7213	-0.1403	-0.0345	-0.0306	
12.7540	-17.7186	9.8166	0.9036	-0.4193	0.6674	0.3031	-0.5600	0.3264	0.6990	-0.1410	-0.0326	-0.0288	
12.8412	-17.7588	9.8604	0.9033	-0.4194	0.6650	0.3577	-0.5342	0.3671	0.6726	-0.1417	-0.0307	-0.0268	
12.9328	-17.8008	9.9156	0.9034	-0.4197	0.6639	0.4086	-0.5076	0.4049	0.6419	-0.1423	-0.0289	-0.0253	
13.0198	-17.8455	9.9792	0.9030	-0.4202	0.6636	0.4586	-0.4774	0.4392	0.6077	-0.1429	-0.0271	-0.0239	
13.1111	-17.8865	10.0235	0.9031	-0.4203	0.6614	0.5051	-0.4402	0.4721	0.5735	-0.1434	-0.0247	-0.0225	
13.1993	-17.9233	10.0785	0.9029	-0.4200	0.6603	0.5525	-0.3978	0.4984	0.5374	-0.1441	-0.0223	-0.0208	
13.2934	-17.9627	10.1414	0.9033	-0.4200	0.6600	0.5954	-0.3510	0.5242	0.4979	-0.1449	-0.0197	-0.0195	
13.3873	-17.9945	10.2002	0.9036	-0.4192	0.6592	0.6381	-0.3048	0.5427	0.4533	-0.1456	-0.0178	-0.0180	
13.4795	-18.0400	10.2696	0.9037	-0.4198	0.6596	0.6769	-0.2574	0.5576	0.4059	-0.1463	-0.0161	-0.0167	
13.5870	-18.0814	10.3401	0.9054	-0.4198	0.6600	0.7076	-0.2121	0.5720	0.3570	-0.1465	-0.0144	-0.0161	
13.6895	-18.1302	10.4148	0.9066	-0.4206	0.6608	0.7342	-0.1646	0.5840	0.3048	-0.1469	-0.0128	-0.0157	
13.7934	-18.1770	10.4945	0.9079	-0.4212	0.6621	0.7586	-0.1202	0.5891	0.2520	-0.1468	-0.0116	-0.0149	
13.8828	-18.2188	10.5730	0.9078	-0.4212	0.6633	0.7761	-0.0721	0.5950	0.1965	-0.1472	-0.0101	-0.0147	
13.9774	-18.2665	10.6452	0.9081	-0.4218	0.6638	0.7936	-0.0271	0.5914	0.1422	-0.1470	-0.0091	-0.0138	
14.0737	-18.3149	10.7212	0.9086	-0.4225	0.6647	0.8052	0.0217	0.5864	0.0878	-0.1471	-0.0078	-0.0130	
14.1785	-18.3507	10.7991	0.9099	-0.4220	0.6658	0.8137	0.0691	0.5765	0.0314	-0.1472	-0.0068	-0.0122	
14.2770	-18.3941	10.8753	0.9106	-0.4222	0.6667	0.8166	0.1141	0.5662	-0.0219	-0.1469	-0.0056	-0.0116	
14.3828	-18.4359	10.9564	0.9120	-0.4222	0.6680	0.8170	0.1597	0.5492	-0.0768	-0.1468	-0.0047	-0.0107	
14.4817	-18.4913	11.0427	0.9127	-0.4235	0.6697	0.8140	0.2019	0.5300	-0.1288	-0.1464	-0.0039	-0.0098	
14.5745	-18.5476	11.1254	0.9128	-0.4249	0.6712	0.8075	0.2389	0.5105	-0.1782	-0.1455	-0.0032	-0.0091	
14.6755	-18.6078	11.2071	0.9137	-0.4266	0.6725	0.7971	0.2768	0.4893	-0.2243	-0.1446	-0.0023	-0.0084	
14.7679	-18.6649	11.2843	0.9138	-0.4279	0.6734	0.7840	0.3113	0.4639	-0.2726	-0.1440	-0.0019	-0.0076	
14.8721	-18.7240	11.3647	0.9149	-0.4295	0.6745	0.7690	0.3427	0.4352	-0.3209	-0.1433	-0.0017	-0.0068	
14.9795	-18.7902	11.4358	0.9164	-0.4316	0.6748	0.7495	0.3745	0.4055	-0.3668	-0.1428	-0.0014	-0.0060	
15.0739	-18.8521	11.5213	0.9166	-0.4334	0.6764	0.7282	0.4042	0.3744	-0.4093	-0.1421	-0.0011	-0.0052	
15.1724	-18.9025	11.6045	0.9172	-0.4340	0.6777	0.7024	0.4339	0.3383	-0.4523	-0.1418	-0.0008	-0.0042	
15.2655	-18.9585	11.6920	0.9173	-0.4352	0.6795	0.6786	0.4563	0.3040	-0.4905	-0.1409	-0.0009	-0.0034	
15.3695	-19.0156	11.7735	0.9183	-0.4365	0.6806	0.6477	0.4797	0.2652	-0.5298	-0.1406	-0.0010	-0.0025	
15.4632	-19.0754	11.8462	0.9185	-0.4379	0.6810	0.6196	0.4981	0.2282	-0.5636	-0.1396	-0.0013	-0.0017	
15.5640	-19.1407	11.9281	0.9193	-0.4398	0.6822	0.5883	0.5137	0.1907	-0.5960	-0.1388	-0.0016	-0.0010	
15.6556	-19.1985	12.0055	0.9192	-0.4411	0.6830	0.5555	0.5292	0.1534	-0.6242	-0.1379	-0.0018	-0.0002	
15.7518	-19.2595	12.0794	0.9196	-0.4426	0.6835	0.5198	0.5408	0.1133	-0.6525	-0.1372	-0.0023	0.0005	
15.8504	-19.3178	12.1539	0.9201	-0.4438	0.6840	0.4838	0.5518	0.0736	-0.6764	-0.1364	-0.0028	0.0013	
15.9474	-19.3861	12.2321	0.9205	-0.4459	0.6848	0.4454	0.5595	0.0302	-0.6991	-0.1359	-0.0036	0.0020	
16.0472	-19.4541	12.3174	0.9211	-0.4479	0.6862	0.4027	0.5673	-0.0142	-0.7187	-0.1356	-0.0044	0.0029	
16.1397	-19.5171	12.3978	0.9212	-0.4495	0.6872	0.3621	0.5712	-0.0574	-0.7352	-0.1350	-0.0054	0.0036	
16.2409	-19.5801	12.4862	0.9219	-0.4510	0.6889	0.3201	0.5723	-0.0986	-0.7494	-0.1344	-0.0062	0.0042	
16.3330	-19.6424	12.5674	0.9218	-0.4525	0.6899	0.2797	0.5720	-0.1404	-0.7592	-0.1336	-0.0073	0.0049	
16.4298	-19.6951	12.6536	0.9222	-0.4531	0.6913	0.2371	0.5737	-0.1810	-0.7639	-0.1328	-0.0087	0.0061	
16.5238	-19.7594	12.7341	0.9223	-0.4547	0.6922	0.1926	0.5690	-0.2214	-0.7689	-0.1322	-0.0098	0.0066	
16.6127	-19.8225	12.8232	0.9220	-0.4562	0.6939	0.1444	0.5637	-0.2636	-0.7697	-0.1319	-0.0113	0.0073	
16.7121	-19.8708	12.9083	0.9225	-0.4564	0.6952	0.1010	0.5586	-0.3049	-0.7656	-0.1313	-0.0133	0.0081	
16.7992	-19.9259	12.9869	0.9221	-0.4572	0.6958	0.0587	0.5511	-0.3452	-0.7584	-0.1320	-0.0115	0.0075	
16.8900	-19.9821	13.0677	0.9220	-0.4580	0.6968	0.0189	0.5393	-0.3848	-0.7500	-0.1311	-0.0134	0.0082	
16.9856	-20.0357	13.1564	0.9223	-0.4586	0.6983	0.0247	-0.5247	0.4250	0.7380	-0.1316	-0.0117	0.0071	
17.0834	-20.0841	13.2506	0.9227	-0.4588	0.7002	0.0714	-0.5069	0.4625	0.7244	-0.1319	-0.0106	0.0058	
17.1709	-20.1293	13.3498	0.9224	-0.4588	0.7026	0.1122	-0.4882	0.5003	0.7072	-0.1324	-0.0094	0.0040	
17.2730	-20.1830	13.4473	0.9232	-0.4594	0.7047	0.1515	-0.4650	0.5395	0.6862	-0.1327	-0.0083	0.0019	
17.3688	-20.2319	13.5455	0.9235	-0.4596	0.7070	0.1890	-0.4398	0.5767	0.6629	-0.1330	-0.0075	-0.0003	
17.4638	-20.2669	13.6434	0.9237	-0.4587	0.7092	0.2245	-0.4119	0.6145	0.6352	-0.1331	-0.0069	-0.0028	
17.5583	-20.3065	13.7299	0.9239	-0.4581	0.7105	0.2528	-0.3809	0.6545	0.6033	-0.1333	-0.0060	-0.0059	
17.6552	-20.3426	13.8204	0.9243	-0.4573	0.7121	0.2783	-0.3475	0.6930	0.5682	-0.1333	-0.0053	-0.0091	
17.7602	-20.3812	13.9174	0.9253	-0.4567	0.7143	0.3039	-0.3136	0.7298	0.5270	-0.1332	-0.0051	-0.0125	
17.8612	-20.4138	14.0100	0.9260	-0.4557	0.7160	0.3216	-0.2741	0.7669	0.4840	-0.1331	-0.0043	-0.0159	
17.9661	-20.4476	14.0901	0.9270	-0.4547	0.7169	0.3347	-0.2322	0.8037	0.4347	-0.1331	-0.0036	-0.0199	
18.0655	-20.4812	14.1808	0.9276	-0.4538	0.7185	0.3440	-0.1898	0.8374	0.3812	-0.1330	-0.0030	-0.0238	
18.1757	-20.5084	14.2688	0.9289	-0.4523	0.7199	0.3482	-0.1469	0.8682	0.3229	-0.1329	-0.0026	-0.0280	
18.2871	-20.5388	14.3447	0.9304	-0.4511	0.7204	0.3448	-0.0993	0.8964	0.2614	-0.1329	-0.0017	-0.0323	
18.3996	-20.5776	14.4215	0.9319	-0.4506	0.7209	0.3392	-0.0493	0.9179	0.2007	-0.1329	-0.0007	-0.0361	
18.5093	-20.6147	14.5005	0.9331	-0.4500	0.7216	0.3329	-0.0007	0.9330	0.1374	-0.1330	-0.0002	-0.0395	
18.6277	-20.6494	14.5746	0.9350	-0.4492	0.7219	0.3225	0.0486	0.9423	0.0751	-0.1329	0.0005	-0.0427	
18.7371	-20.6900	14.6393	0.9362	-0.4488	0.7215	0.3055	0.1025	0.9463	0.0107	-0.1333	0.0016	-0.0461	
18.8573	-20.7274	14.7130	0.9382	-0.4482	0.7218	0.2912	0.1508	0.9429	-0.0561	-0.1335	0.0020	-0.0490	
18.9782	-20.7692	14.7725	0.9402	-0.4480	0.7210	0.2690	0.2002	0.9336	-0.1240	-0.1337	0.0027	-0.0523	
19.0894	-20.8152	14.8342	0.9415	-0.4480	0.7204	0.2477	0.2483	0.9180	-0.1839	-0.1337	0.0036	-0.0547	
19.1948	-20.8662	14.8988	0.9423	-0.4484	0.7199	0.2262	0.2945	0.8961	-0.2424	-0.1337	0.0042	-0.0567	
19.3072	-20.9213	14.9642	0.9436	-0.4491	0.7196	0.2024	0.3396	0.8675	-0.3010	-0.1339	0.0049	-0.0588	
19.4173	-20.9773	15.0316	0.9447	-0.4499	0.7193	0.1736	0.3853	0.8337	-0.3543	-0.1340	0.0061	-0.0607	
19.5186	-21.0340	15.0941	0.9453	-0.4507	0.7188	0.1415	0.4303	0.7937	-0.4048	-0.1342	0.0075	-0.0626	
19.6179	-21.0991	15.1504	0.9456	-0.4521	0.7178	0.1122	0.4659	0.7505	-0.4548	-0.1341	0.0083	-0.0643	
19.7229	-21.1589	15.2180	0.9463	-0.4531	0.7175	0.0782	0.5024	0.7011	-0.4992	-0.1340	0.0096	-0.0660	
19.8229	-21.2231	15.2836	0.9467	-0.4544	0.7172	0.0447	0.5366	0.6483	-0.5378	-0.1340	0.0110	-0.0672	
19.9326	-21.2809	15.3635	0.9478	-0.4553	0.7177	0.0134	0.5656	0.5960	-0.5700	-0.1344	0.0116	-0.0662	
20.0285	-21.3441	15.4303	0.9478	-0.4565	0.7174	0.0170	-0.5906	-0.5416	0.5985	-0.1337	0.0127	-0.0669	
20.1236	-21.4026	15.5000	0.9479	-0.4574	0.7173	0.0511	-0.6151	-0.4815	0.6222	-0.1333	0.0143	-0.0676	
20.2110	-21.4639	15.5741	0.9474	-0.4585	0.7175	0.0848	-0.6349	-0.4241	0.6408	-0.1325	0.0159	-0.0680	
20.2961	-21.5348	15.6554	0.9467	-0.4602	0.7182	0.1181	-0.6525	-0.3621	0.6553	-0.1320	0.0175	-0.0683	
20.3813	-21.6005	15.7248	0.9461	-0.4616	0.7180	0.1479	-0.6647	-0.3039	0.6672	-0.1310	0.0188	-0.0684	
20.4627	-21.6621	15.7999	0.9452	-0.4626	0.7183	0.1783	-0.6760	-0.2417	0.6735	-0.1304	0.0203	-0.0683	
20.5433	-21.7323	15.8807	0.9443	-0.4642	0.7189	0.2110	-0.6835	-0.1766	0.6763	-0.1299	0.0221	-0.0682	
20.6250	-21.7928	15.9586	0.9434	-0.4652	0.7193	0.2408	-0.6899	-0.1131	0.6737	-0.1295	0.0236	-0.0677	
20.7104	-21.8526	16.0402	0.9428	-0.4661	0.7200	0.2688	-0.6909	-0.0496	0.6699	-0.1289	0.0251	-0.0673	
20.7959	-21.9163	16.1175	0.9422	-0.4673	0.7203	0.2941	-0.6916	0.0106	0.6606	-0.1283	0.0263	-0.0664	
20.8790	-21.9710	16.2026	0.9415	-0.4678	0.7212	0.3171	-0.6882	0.0650	0.6511	-0.1272	0.0274	-0.0656	
20.9578	-22.0259	16.2817	0.9405	-0.4684	0.7217	0.3393	-0.6844	0.1194	0.6358	-0.1264	0.0282	-0.0644	
21.0346	-22.0845	16.3642	0.9394	-0.4691	0.7224	0.3596	-0.6765	0.1765	0.6192	-0.1258	0.0291	-0.0635	
21.1205	-22.1449	16.4429	0.9388	-0.4700	0.7228	0.3790	-0.6660	0.2321	0.6005	-0.1252	0.0300	-0.0625	
21.1985	-22.2028	16.5227	0.9378	-0.4708	0.7233	0.3974	-0.6541	0.2841	0.5792	-0.1245	0.0308	-0.0613	
21.2839	-22.2630	16.6109	0.9372	-0.4716	0.7243	0.4122	-0.6423	0.3331	0.5557	-0.1238	0.0311	-0.0600	
21.3670	-22.3209	16.6894	0.9365	-0.4724	0.7247	0.4276	-0.6280	0.3795	0.5302	-0.1231	0.0315	-0.0586	
21.4542	-22.3763	16.7609	0.9361	-0.4729	0.7246	0.4407	-0.6108	0.4258	0.5034	-0.1225	0.0320	-0.0573	
21.5315	-22.4311	16.8412	0.9351	-0.4734	0.7251	0.4547	-0.5898	0.4728	0.4725	-0.1224	0.0325	-0.0558	
21.6174	-22.4890	16.9200	0.9346	-0.4741	0.7255	0.4662	-0.5679	0.5159	0.4425	-0.1219	0.0330	-0.0543	
21.7062	-22.5452	17.0060	0.9342	-0.4747	0.7264	0.4773	-0.5457	0.5568	0.4076	-0.1218	0.0330	-0.0526	
21.7888	-22.6081	17.0825	0.9335	-0.4757	0.7266	0.4882	-0.5239	0.5918	0.3735	-0.1215	0.0329	-0.0507	
21.8739	-22.6663	17.1558	0.9330	-0.4763	0.7266	0.4977	-0.4999	0.6242	0.3395	-0.1211	0.0329	-0.0488	
21.9605	-22.7254	17.2375	0.9325	-0.4771	0.7272	0.5064	-0.4726	0.6560	0.3032	-0.1209	0.0329	-0.0467	
22.0442	-22.7873	17.3088	0.9319	-0.4780	0.7270	0.5135	-0.4439	0.6858	0.2665	-0.1208	0.0329	-0.0447	
22.1303	-22.8414	17.3792	0.9314	-0.4784	0.7269	0.5208	-0.4120	0.7136	0.2267	-0.1210	0.0327	-0.0425	
22.2179	-22.8980	17.4553	0.9311	-0.4790	0.7270	0.5299	-0.3800	0.7360	0.1883	-0.1212	0.0324	-0.0398	
22.3038	-22.9509	17.5255	0.9306	-0.4793	0.7269	0.5356	-0.3507	0.7554	0.1486	-0.1211	0.0317	-0.0375	
22.3896	-23.0048	17.6061	0.9301	-0.4797	0.7273	0.5428	-0.3174	0.7715	0.1091	-0.1213	0.0310	-0.0348	
22.4759	-23.0519	17.6753	0.9296	-0.4796	0.7270	0.5503	-0.2812	0.7848	0.0643	-0.1220	0.0299	-0.0319	
22.5730	-23.1041	17.7426	0.9298	-0.4799	0.7266	0.5562	-0.2464	0.7948	0.0187	-0.1226	0.0284	-0.0292	
22.6635	-23.1558	17.8064	0.9296	-0.4801	0.7261	0.5626	-0.2115	0.8003	-0.0264	-0.1232	0.0267	-0.0262	
22.7596	-23.2114	17.8654	0.9298	-0.4806	0.7252	0.5677	-0.1781	0.8024	-0.0700	-0.1236	0.0248	-0.0234	
22.8504	-23.2635	17.9317	0.9296	-0.4809	0.7248	0.5738	-0.1423	0.7998	-0.1160	-0.1243	0.0225	-0.0204	
22.9538	-23.3127	17.9902	0.9301	-0.4809	0.7238	0.5791	-0.1032	0.7928	-0.1662	-0.1255	0.0198	-0.0173	
23.0552	-23.3711	18.0476	0.9305	-0.4816	0.7229	0.5803	-0.0660	0.7838	-0.2159	-0.1264	0.0169	-0.0148	
23.1601	-23.4242	18.1047	0.9312	-0.4819	0.7219	0.5809	-0.0252	0.7702	-0.2657	-0.1276	0.0139	-0.0121	
23.2627	-23.4803	18.1624	0.9317	-0.4823	0.7210	0.5804	0.0143	0.7512	-0.3172	-0.1287	0.0104	-0.0096	
23.3696	-23.5414	18.2203	0.9324	-0.4831	0.7201	0.5740	0.0537	0.7309	-0.3672	-0.1297	0.0072	-0.0076	
23.4799	-23.6082	18.2776	0.9333	-0.4842	0.7192	0.5651	0.0947	0.7051	-0.4191	-0.1310	0.0036	-0.0058	
23.5882	-23.6741	18.3356	0.9341	-0.4852	0.7183	0.5534	0.1323	0.6767	-0.4687	-0.1318	0.0000	-0.0044	
23.6966	-23.7423	18.3902	0.9349	-0.4863	0.7173	0.5375	0.1732	0.6435	-0.5174	-0.1330	-0.0035	-0.0031	
23.8074	-23.8206	18.4497	0.9359	-0.4880	0.7165	0.5214	0.2102	0.6063	-0.5635	-0.1337	-0.0074	-0.0020	
23.9240	-23.9026	18.5094	0.9371	-0.4899	0.7157	0.4964	0.2497	0.5663	-0.6088	-0.1348	-0.0108	-0.0014	
24.0381	-23.9804	18.5638	0.9382	-0.4916	0.7147	0.4656	0.2936	0.5200	-0.6526	-0.1363	-0.0142	-0.0007	
24.1463	-24.0576	18.6273	0.9390	-0.4932	0.7142	0.4314	0.3322	0.4721	-0.6929	-0.1375	-0.0174	-0.0006	
24.2414	-24.1439	18.6913	0.9390	-0.4953	0.7137	0.3939	0.3671	0.4201	-0.7302	-0.1386	-0.0208	-0.0009	
24.3397	-24.2283	18.7613	0.9392	-0.4972	0.7136	0.3517	0.4003	0.3669	-0.7621	-0.1395	-0.0237	-0.0014	
24.4393	-24.3232	18.8278	0.9395	-0.4998	0.7133	0.3012	0.4326	0.3082	-0.7910	-0.1409	-0.0264	-0.0022	
24.5316	-24.4087	18.8912	0.9393	-0.5017	0.7128	0.2519	0.4588	0.2491	-0.8144	-0.1418	-0.0291	-0.0033	
24.6165	-24.4950	18.9633	0.9388	-0.5037	0.7128	0.1981	0.4833	0.1866	-0.8313	-0.1429	-0.0316	-0.0044	
24.6955	-24.5760	19.0369	0.9379	-0.5054	0.7129	0.1405	0.5061	0.1249	-0.8409	-0.1440	-0.0336	-0.0055	
24.7687	-24.6587	19.1091	0.9367	-0.5072	0.7129	0.0820	0.5243	0.0611	-0.8445	-0.1450	-0.0355	-0.0068	
24.8432	-24.7242	19.1499	0.9357	-0.5081	0.7113	0.0254	0.5375	-0.0026	-0.8423	-0.1443	-0.0338	-0.0062	
24.9131	-24.8030	19.2224	0.9344	-0.5096	0.7113	0.0393	-0.5462	0.0638	0.8332	-0.1454	-0.0349	-0.0076	
24.9844	-24.8761	19.2898	0.9331	-0.5108	0.7111	0.1025	-0.5493	0.1258	0.8187	-0.1465	-0.0360	-0.0092	
25.0599	-24.9424	19.3634	0.9321	-0.5116	0.7112	0.1623	-0.5507	0.1860	0.7965	-0.1473	-0.0371	-0.0105	
25.1291	-25.0042	19.4394	0.9308	-0.5122	0.7115	0.2229	-0.5477	0.2440	0.7676	-0.1482	-0.0380	-0.0117	
25.2007	-25.0622	19.5143	0.9296	-0.5126	0.7117	0.2816	-0.5386	0.2998	0.7344	-0.1490	-0.0385	-0.0131	
25.2755	-25.1217	19.5941	0.9286	-0.5130	0.7121	0.3371	-0.5261	0.3554	0.6942	-0.1498	-0.0392	-0.0144	
25.3500	-25.1799	19.6606	0.9277	-0.5134	0.7118	0.3913	-0.5064	0.4073	0.6505	-0.1506	-0.0393	-0.0161	
25.4265	-25.2318	19.7379	0.9268	-0.5134	0.7122	0.4399	-0.4841	0.4554	0.6032	-0.1511	-0.0394	-0.0177	
25.5000	-25.2795	19.8118	0.9258	-0.5132	0.7123	0.4882	-0.4577	0.5019	0.5465	-0.1521	-0.0396	-0.0191	
25.5799	-25.3291	19.8798	0.9251	-0.5131	0.7121	0.5290	-0.4270	0.5407	0.4954	-0.1523	-0.0389	-0.0207	
25.6578	-25.3793	19.9492	0.9243	-0.5130	0.7120	0.5645	-0.3955	0.5753	0.4404	-0.1524	-0.0384	-0.0221	
25.7451	-25.4239	20.0245	0.9240	-0.5127	0.7122	0.5961	-0.3601	0.6065	0.3838	-0.1524	-0.0377	-0.0236	
25.8260	-25.4719	20.1019	0.9234	-0.5125	0.7126	0.6225	-0.3226	0.6351	0.3246	-0.1524	-0.0369	-0.0252	
25.9146	-25.5219	20.1782	0.9232	-0.5124	0.7128	0.6447	-0.2830	0.6588	0.2660	-0.1522	-0.0359	-0.0267	
25.9969	-25.5757	20.2474	0.9227	-0.5126	0.7127	0.6629	-0.2404	0.6790	0.2050	-0.1522	-0.0346	-0.0282	
26.0870	-25.6287	20.3207	0.9226	-0.5127	0.7128	0.6759	-0.1980	0.6950	0.1504	-0.1517	-0.0328	-0.0295	
26.1768	-25.6803	20.3950	0.9225	-0.5127	0.7130	0.6837	-0.1547	0.7080	0.0946	-0.1512	-0.0310	-0.0309	
26.2627	-25.7286	20.4776	0.9222	-0.5125	0.7135	0.6870	-0.1085	0.7185	0.0393	-0.1507	-0.0288	-0.0325	
26.3512	-25.7805	20.5550	0.9220	-0.5126	0.7139	0.6856	-0.0614	0.7259	-0.0184	-0.1504	-0.0265	-0.0341	
26.4372	-25.8333	20.6324	0.9217	-0.5127	0.7142	0.6832	-0.0160	0.7283	-0.0686	-0.1497	-0.0241	-0.0350	
26.5256	-25.8870	20.7113	0.9215	-0.5128	0.7145	0.6747	0.0341	0.7288	-0.1193	-0.1493	-0.0210	-0.0360	
26.6149	-25.9363	20.7857	0.9214	-0.5127	0.7147	0.6644	0.0831	0.7243	-0.1697	-0.1489	-0.0182	-0.0365	
26.7048	-25.9868	20.8629	0.9213	-0.5127	0.7150	0.6502	0.1312	0.7161	-0.2205	-0.1486	-0.0155	-0.0371	
26.7975	-26.0369	20.9417	0.9213	-0.5127	0.7153	0.6340	0.1769	0.7056	-0.2664	-0.1479	-0.0127	-0.0374	
26.8773	-26.0858	21.0187	0.9207	-0.5126	0.7156	0.6154	0.2224	0.6913	-0.3098	-0.1473	-0.0100	-0.0372	
26.9579	-26.1346	21.1020	0.9202	-0.5125	0.7162	0.5914	0.2674	0.6774	-0.3498	-0.1466	-0.0066	-0.0372	
27.0362	-26.1821	21.1797	0.9195	-0.5123	0.7165	0.5693	0.3079	0.6589	-0.3869	-0.1457	-0.0040	-0.0367	
27.1198	-26.2310	21.2616	0.9191	-0.5122	0.7170	0.5415	0.3487	0.6382	-0.4243	-0.1450	-0.0011	-0.0363	
27.2038	-26.2764	21.3424	0.9187	-0.5119	0.7175	0.5131	0.3902	0.6148	-0.4570	-0.1443	0.0017	-0.0352	
27.2844	-26.3243	21.4239	0.9181	-0.5118	0.7180	0.4860	0.4300	0.5870	-0.4866	-0.1436	0.0038	-0.0337	
27.3682	-26.3736	21.5070	0.9177	-0.5117	0.7185	0.4522	0.4692	0.5576	-0.5161	-0.1432	0.0064	-0.0323	
27.4560	-26.4189	21.5858	0.9175	-0.5114	0.7189	0.4157	0.5080	0.5233	-0.5446	-0.1431	0.0087	-0.0308	
27.5355	-26.4615	21.6641	0.9169	-0.5110	0.7192	0.3822	0.5424	0.4909	-0.5668	-0.1424	0.0107	-0.0289	
27.6229	-26.5117	21.7467	0.9167	-0.5110	0.7198	0.3453	0.5754	0.4517	-0.5891	-0.1422	0.0122	-0.0270	
27.7040	-26.5574	21.8283	0.9162	-0.5108	0.7202	0.3064	0.6079	0.4120	-0.6070	-0.1419	0.0138	-0.0247	
27.7905	-26.6055	21.9050	0.9160	-0.5107	0.7205	0.2687	0.6368	0.3699	-0.6222	-0.1416	0.0149	-0.0224	
27.8776	-26.6506	21.9798	0.9157	-0.5104	0.7206	0.2276	0.6648	0.3249	-0.6341	-0.1415	0.0158	-0.0198	
27.9571	-26.6981	22.0566	0.9152	-0.5102	0.7209	0.1863	0.6898	0.2781	-0.6430	-0.1415	0.0164	-0.0173	
28.0470	-26.7401	22.1408	0.9151	-0.5098	0.7215	0.1448	0.7126	0.2284	-0.6482	-0.1415	0.0166	-0.0145	
28.1317	-26.7882	22.2184	0.9147	-0.5097	0.7218	0.1028	0.7333	0.1778	-0.6491	-0.1416	0.0166	-0.0116	
28.2186	-26.8330	22.3002	0.9145	-0.5094	0.7223	0.0600	0.7502	0.1278	-0.6470	-0.1416	0.0164	-0.0088	
28.2910	-26.8882	22.4028	0.9136	-0.5096	0.7237	0.0207	0.7668	0.0771	-0.6384	-0.1417	0.0177	-0.0117	
28.3747	-26.9354	22.4872	0.9132	-0.5094	0.7243	0.0214	-0.7764	-0.0192	0.6301	-0.1421	0.0169	-0.0089	
28.4653	-26.9826	22.5691	0.9132	-0.5093	0.7248	0.0602	-0.7843	0.0381	0.6171	-0.1423	0.0155	-0.0059	
28.5430	-27.0264	22.6475	0.9125	-0.5089	0.7251	0.1002	-0.7879	0.0957	0.6008	-0.1425	0.0140	-0.0031	
28.6263	-27.0709	22.7271	0.9121	-0.5086	0.7255	0.1384	-0.7878	0.1566	0.5798	-0.1430	0.0118	-0.0005	
28.7056	-27.1163	22.8104	0.9116	-0.5084	0.7260	0.1778	-0.7831	0.2137	0.5569	-0.1434	0.0100	0.0020	
28.7920	-27.1634	22.8900	0.9113	-0.5082	0.7264	0.2165	-0.7743	0.2739	0.5280	-0.1440	0.0075	0.0044	
28.8699	-27.2082	22.9618	0.9107	-0.5079	0.7264	0.2558	-0.7600	0.3336	0.4954	-0.1448	0.0051	0.0065	
28.9547	-27.2472	23.0412	0.9104	-0.5073	0.7268	0.2904	-0.7439	0.3897	0.4592	-0.1452	0.0022	0.0086	
29.0373	-27.2899	23.1123	0.9100	-0.5070	0.7268	0.3250	-0.7224	0.4399	0.4238	-0.1454	-0.0000	0.0102	
29.1175	-27.3315	23.1915	0.9095	-0.5065	0.7271	0.3582	-0.6975	0.4889	0.3828	-0.1457	-0.0028	0.0119	
29.2056	-27.3728	23.2673	0.9094	-0.5061	0.7273	0.3880	-0.6652	0.5392	0.3406	-0.1461	-0.0054	0.0129	
29.2937	-27.4104	23.3452	0.9093	-0.5055	0.7276	0.4153	-0.6316	0.5853	0.2934	-0.1465	-0.0085	0.0140	
29.3803	-27.4487	23.4202	0.9091	-0.5049	0.7277	0.4402	-0.5943	0.6269	0.2455	-0.1468	-0.0114	0.0148	
29.4682	-27.4864	23.4896	0.9089	-0.5043	0.7276	0.4608	-0.5552	0.6634	0.1999	-0.1466	-0.0140	0.0151	
29.5552	-27.5250	23.5611	0.9087	-0.5037	0.7276	0.4811	-0.5079	0.6990	0.1465	-0.1471	-0.0169	0.0154	
29.6450	-27.5657	23.6347	0.9087	-0.5033	0.7277	0.4982	-0.4615	0.7276	0.0990	-0.1470	-0.0191	0.0155	
29.7369	-27.5991	23.7058	0.9088	-0.5025	0.7276	0.5125	-0.4080	0.7538	0.0462	-0.1474	-0.0215	0.0155	
29.8273	-27.6395	23.7797	0.9087	-0.5020	0.7277	0.5227	-0.3550	0.7752	-0.0019	-0.1473	-0.0234	0.0151	
29.9215	-27.6770	23.8521	0.9089	-0.5014	0.7277	0.5317	-0.2990	0.7906	-0.0528	-0.1474	-0.0254	0.0150	
30.0175	-27.7165	23.9197	0.9091	-0.5009	0.7275	0.5368	-0.2452	0.8011	-0.1028	-0.1471	-0.0275	0.0146	
30.1134	-27.7551	23.9891	0.9094	-0.5004	0.7274	0.5382	-0.1905	0.8079	-0.1490	-0.1467	-0.0290	0.0139	
30.2109	-27.7928	24.0609	0.9097	-0.4998	0.7274	0.5364	-0.1328	0.8089	-0.2012	-0.1467	-0.0312	0.0132	
30.3099	-27.8338	24.1336	0.9100	-0.4994	0.7274	0.5333	-0.0728	0.8045	-0.2511	-0.1468	-0.0333	0.0128	
30.4055	-27.8788	24.2055	0.9102	-0.4992	0.7274	0.5273	-0.0169	0.7964	-0.2969	-0.1464	-0.0350	0.0121	
30.5032	-27.9239	24.2747	0.9105	-0.4989	0.7273	0.5181	0.0376	0.7845	-0.3402	-0.1458	-0.0366	0.0113	
30.6008	-27.9669	24.3445	0.9108	-0.4986	0.7272	0.5045	0.0930	0.7689	-0.3826	-0.1455	-0.0380	0.0102	
30.6991	-28.0085	24.4177	0.9111	-0.4982	0.7272	0.4883	0.1457	0.7503	-0.4225	-0.1450	-0.0392	0.0090	
30.7912	-28.0578	24.4864	0.9112	-0.4982	0.7270	0.4720	0.1954	0.7277	-0.4594	-0.1442	-0.0406	0.0080	
30.8912	-28.1052	24.5571	0.9116	-0.4980	0.7270	0.4525	0.2411	0.7033	-0.4946	-0.1433	-0.0417	0.0066	
30.9910	-28.1543	24.6266	0.9120	-0.4980	0.7268	0.4314	0.2853	0.6779	-0.5247	-0.1423	-0.0424	0.0053	
31.0883	-28.2051	24.7001	0.9122	-0.4980	0.7269	0.4103	0.3276	0.6471	-0.5547	-0.1412	-0.0435	0.0039	
31.1829	-28.2553	24.7716	0.9124	-0.4980	0.7268	0.3842	0.3703	0.6151	-0.5819	-0.1405	-0.0441	0.0024	
31.2780	-28.3072	24.8392	0.9126	-0.4981	0.7266	0.3594	0.4074	0.5809	-0.6081	-0.1394	-0.0450	0.0006	
31.3704	-28.3638	24.9086	0.9126	-0.4984	0.7265	0.3308	0.4447	0.5433	-0.6320	-0.1386	-0.0457	-0.0013	
31.4644	-28.4207	24.9756	0.9127	-0.4987	0.7262	0.2983	0.4795	0.5046	-0.6543	-0.1380	-0.0459	-0.0034	
31.5584	-28.4761	25.0480	0.9129	-0.4989	0.7262	0.2656	0.5123	0.4617	-0.6748	-0.1374	-0.0462	-0.0057	
31.6490	-28.5289	25.1183	0.9128	-0.4990	0.7261	0.2336	0.5406	0.4171	-0.6936	-0.1367	-0.0466	-0.0082	
31.7357	-28.5866	25.1846	0.9127	-0.4993	0.7258	0.1978	0.5655	0.3717	-0.7105	-0.1361	-0.0465	-0.0110	
31.8232	-28.6418	25.2500	0.9125	-0.4995	0.7255	0.1614	0.5868	0.3248	-0.7253	-0.1355	-0.0461	-0.0139	
31.9075	-28.6924	25.3163	0.9122	-0.4995	0.7252	0.1245	0.6017	0.2789	-0.7398	-0.1347	-0.0453	-0.0172	
31.9969	-28.7468	25.3885	0.9122	-0.4997	0.7252	0.0862	0.6163	0.2315	-0.7492	-0.1341	-0.0442	-0.0201	
32.0801	-28.8018	25.4617	0.9118	-0.4999	0.7252	0.0408	0.6293	0.1774	-0.7561	-0.1343	-0.0428	-0.0233	
32.1734	-28.8525	25.5128	0.9119	-0.5000	0.7243	-0.0021	0.6377	0.1234	-0.7612	-0.1346	-0.0438	-0.0208	
32.2585	-28.9044	25.5834	0.9117	-0.5000	0.7242	0.0484	-0.6413	-0.0705	0.7635	-0.1346	-0.0417	-0.0244	
32.3400	-28.9553	25.6524	0.9113	-0.5001	0.7241	0.0967	-0.6425	-0.0179	0.7607	-0.1348	-0.0394	-0.0276	
32.4177	-29.0092	25.7186	0.9107	-0.5002	0.7238	0.1449	-0.6374	0.0366	0.7567	-0.1351	-0.0366	-0.0311	
32.4912	-29.0616	25.7843	0.9100	-0.5003	0.7235	0.1958	-0.6263	0.0902	0.7501	-0.1355	-0.0331	-0.0347	
32.5677	-29.1108	25.8538	0.9095	-0.5003	0.7233	0.2445	-0.6157	0.1482	0.7344	-0.1362	-0.0303	-0.0376	
32.6496	-29.1611	25.9230	0.9091	-0.5003	0.7232	0.2922	-0.6015	0.2052	0.7147	-0.1369	-0.0274	-0.0401	
32.7277	-29.2077	25.9929	0.9086	-0.5002	0.7231	0.3399	-0.5839	0.2562	0.6917	-0.1375	-0.0240	-0.0421	
32.8051	-29.2492	26.0638	0.9080	-0.4998	0.7230	0.3844	-0.5594	0.3067	0.6679	-0.1379	-0.0201	-0.0443	
32.8865	-29.2915	26.1371	0.9077	-0.4995	0.7230	0.4292	-0.5335	0.3567	0.6357	-0.1386	-0.0165	-0.0458	
32.9640	-29.3359	26.2061	0.9071	-0.4993	0.7228	0.4715	-0.5034	0.4069	0.5987	-0.1395	-0.0130	-0.0473	
33.0413	-29.3733	26.2784	0.9066	-0.4988	0.7228	0.5093	-0.4712	0.4558	0.5572	-0.1403	-0.0097	-0.0485	
33.1205	-29.4126	26.3483	0.9062	-0.4984	0.7227	0.5459	-0.4337	0.5027	0.5102	-0.1413	-0.0063	-0.0495	
33.2074	-29.4535	26.4162	0.9060	-0.4980	0.7225	0.5778	-0.3934	0.5446	0.4633	-0.1420	-0.0026	-0.0502	
33.2942	-29.4934	26.4916	0.9059	-0.4976	0.7226	0.6047	-0.3532	0.5816	0.4141	-0.1424	0.0006	-0.0505	
33.3801	-29.5325	26.5589	0.9057	-0.4972	0.7224	0.6286	-0.3130	0.6149	0.3585	-0.1430	0.0033	-0.0504	
33.4660	-29.5729	26.6280	0.9055	-0.4969	0.7223	0.6470	-0.2704	0.6467	0.2990	-0.1436	0.0057	-0.0503	
33.5592	-29.6119	26.6990	0.9056	-0.4964	0.7222	0.6637	-0.2269	0.6701	0.2440	-0.1439	0.0084	-0.0495	
33.6511	-29.6531	26.7664	0.9057	-0.4961	0.7220	0.6755	-0.1831	0.6903	0.1832	-0.1443	0.0106	-0.0486	
33.7416	-29.6963	26.8386	0.9057	-0.4959	0.7219	0.6816	-0.1365	0.7086	0.1191	-0.1449	0.0126	-0.0479	
33.8356	-29.7403	26.9092	0.9058	-0.4957	0.7218	0.6875	-0.0908	0.7184	0.0573	-0.1454	0.0143	-0.0464	
33.9305	-29.7828	26.9815	0.9060	-0.4954	0.7218	0.6875	-0.0475	0.7248	-0.0051	-0.1457	0.0155	-0.0450	
34.0283	-29.8269	27.0531	0.9063	-0.4952	0.7218	0.6837	-0.0015	0.7268	-0.0671	-0.1460	0.0168	-0.0434	
34.1273	-29.8766	27.1230	0.9066	-0.4952	0.7217	0.6779	0.0403	0.7242	-0.1243	-0.1459	0.0176	-0.0416	
34.2248	-29.9239	27.1910	0.9068	-0.4951	0.7215	0.6675	0.0811	0.7176	-0.1835	-0.1460	0.0180	-0.0399	
34.3276	-29.9714	27.2604	0.9073	-0.4951	0.7213	0.6544	0.1233	0.7042	-0.2464	-0.1466	0.0179	-0.0380	
34.4245	-30.0237	27.3276	0.9075	-0.4952	0.7211	0.6390	0.1626	0.6884	-0.3036	-0.1467	0.0176	-0.0361	
34.5206	-30.0734	27.3990	0.9077	-0.4952	0.7210	0.6201	0.2011	0.6692	-0.3580	-0.1467	0.0173	-0.0344	
34.6147	-30.1275	27.4678	0.9078	-0.4954	0.7209	0.6004	0.2383	0.6461	-0.4082	-0.1466	0.0167	-0.0324	
34.7121	-30.1849	27.5337	0.9081	-0.4957	0.7206	0.5763	0.2756	0.6200	-0.4567	-0.1466	0.0161	-0.0306	
34.8090	-30.2398	27.6026	0.9083	-0.4959	0.7205	0.5485	0.3098	0.5905	-0.5052	-0.1467	0.0154	-0.0292	
34.9068	-30.2983	27.6718	0.9086	-0.4963	0.7203	0.5210	0.3424	0.5577	-0.5491	-0.1465	0.0143	-0.0277	
35.0025	-30.3535	27.7410	0.9087	-0.4965	0.7202	0.4927	0.3723	0.5229	-0.5890	-0.1462	0.0130	-0.0262	
35.1005	-30.4085	27.8151	0.9090	-0.4967	0.7202	0.4619	0.4009	0.4830	-0.6276	-0.1461	0.0115	-0.0249	
35.1965	-30.4623	27.8832	0.9092	-0.4969	0.7201	0.4310	0.4265	0.4435	-0.6614	-0.1457	0.0101	-0.0237	
35.2903	-30.5171	27.9548	0.9093	-0.4971	0.7200	0.3938	0.4530	0.3986	-0.6939	-0.1458	0.0088	-0.0225	
35.3856	-30.5769	28.0229	0.9094	-0.4975	0.7199	0.3595	0.4738	0.3559	-0.7220	-0.1452	0.0074	-0.0217	
35.4810	-30.6289	28.0921	0.9096	-0.4975	0.7197	0.3228	0.4936	0.3097	-0.7468	-0.1449	0.0059	-0.0208	
35.5736	-30.6838	28.1624	0.9096	-0.4977	0.7197	0.2859	0.5109	0.2591	-0.7690	-0.1447	0.0041	-0.0202	
35.6658	-30.7430	28.2339	0.9097	-0.4981	0.7196	0.2460	0.5269	0.2101	-0.7867	-0.1444	0.0027	-0.0195	
35.7587	-30.8000	28.3051	0.9097	-0.4984	0.7196	0.2085	0.5416	0.1578	-0.7998	-0.1441	0.0009	-0.0186	
35.8520	-30.8532	28.3763	0.9098	-0.4985	0.7195	0.1692	0.5522	0.1050	-0.8104	-0.1438	-0.0008	-0.0182	
35.9463	-30.9079	28.4483	0.9099	-0.4987	0.7195	0.1316	0.5646	0.0544	-0.8142	-0.1433	-0.0027	-0.0170	
36.0438	-30.9594	28.5183	0.9101	-0.4987	0.7194	0.0936	0.5734	0.0042	-0.8150	-0.1428	-0.0044	-0.0161	
36.1274	-31.0086	28.5895	0.9099	-0.4987	0.7194	0.0555	0.5824	-0.0487	-0.8106	-0.1431	-0.0017	-0.0173	
36.2213	-31.0573	28.6686	0.9100	-0.4987	0.7197	0.0160	0.5837	-0.1001	-0.8066	-0.1427	-0.0031	-0.0162	
36.3037	-31.1056	28.7419	0.9097	-0.4986	0.7197	0.0208	-0.5823	0.1508	0.7997	-0.1432	-0.0012	-0.0176	
36.3891	-31.1550	28.8185	0.9095	-0.4986	0.7199	0.0595	-0.5758	0.2046	0.7901	-0.1432	0.0006	-0.0191	
36.4738	-31.2045	28.8954	0.9092	-0.4986	0.7201	0.0968	-0.5650	0.2594	0.7779	-0.1431	0.0023	-0.0207	
36.5607	-31.2515	28.9750	0.9091	-0.4985	0.7204	0.1324	-0.5508	0.3137	0.7628	-0.1429	0.0037	-0.0226	
36.6493	-31.2999	29.0531	0.9090	-0.4984	0.7206	0.1647	-0.5340	0.3709	0.7425	-0.1425	0.0050	-0.0251	
36.7342	-31.3488	29.1356	0.9088	-0.4983	0.7210	0.1918	-0.5153	0.4266	0.7192	-0.1420	0.0060	-0.0278	
36.8225	-31.3950	29.2163	0.9087	-0.4982	0.7213	0.2166	-0.4911	0.4844	0.6916	-0.1413	0.0070	-0.0307	
36.9137	-31.4417	29.2978	0.9088	-0.4981	0.7216	0.2371	-0.4651	0.5417	0.6597	-0.1405	0.0077	-0.0337	
37.0064	-31.4871	29.3821	0.9088	-0.4979	0.7221	0.2542	-0.4384	0.5968	0.6232	-0.1395	0.0079	-0.0369	
37.1012	-31.5399	29.4667	0.9090	-0.4980	0.7225	0.2677	-0.4124	0.6524	0.5779	-0.1386	0.0075	-0.0405	
37.1942	-31.5844	29.5497	0.9091	-0.4978	0.7229	0.2776	-0.3815	0.7036	0.5325	-0.1376	0.0073	-0.0436	
37.2935	-31.6291	29.6326	0.9094	-0.4976	0.7233	0.2816	-0.3469	0.7525	0.4849	-0.1365	0.0074	-0.0467	
37.3873	-31.6744	29.7162	0.9095	-0.4974	0.7237	0.2820	-0.3159	0.7995	0.4276	-0.1355	0.0066	-0.0503	
37.4831	-31.7200	29.7957	0.9097	-0.4972	0.7239	0.2781	-0.2788	0.8424	0.3688	-0.1348	0.0063	-0.0537	
37.5785	-31.7671	29.8731	0.9098	-0.4971	0.7241	0.2698	-0.2349	0.8805	0.3116	-0.1341	0.0066	-0.0567	
37.6752	-31.8134	29.9511	0.9100	-0.4969	0.7243	0.2596	-0.1937	0.9133	0.2477	-0.1336	0.0062	-0.0599	
37.7725	-31.8574	30.0252	0.9103	-0.4967	0.7244	0.2471	-0.1495	0.9399	0.1827	-0.1332	0.0060	-0.0627	
37.8692	-31.9053	30.1010	0.9105	-0.4967	0.7245	0.2320	-0.1022	0.9601	0.1168	-0.1330	0.0060	-0.0655	
37.9667	-31.9537	30.1738	0.9107	-0.4966	0.7245	0.2148	-0.0518	0.9736	0.0548	-0.1328	0.0064	-0.0677	
38.0633	-32.0031	30.2498	0.9109	-0.4966	0.7246	0.1951	-0.0001	0.9804	-0.0114	-0.1329	0.0066	-0.0702	
38.1598	-32.0503	30.3273	0.9111	-0.4965	0.7248	0.1779	0.0492	0.9799	-0.0740	-0.1328	0.0067	-0.0718	
38.2575	-32.0998	30.3972	0.9113	-0.4965	0.7247	0.1617	0.0976	0.9720	-0.1386	-0.1330	0.0065	-0.0734	
38.3529	-32.1491	30.4656	0.9115	-0.4964	0.7246	0.1418	0.1472	0.9580	-0.2002	-0.1331	0.0066	-0.0749	
38.4536	-32.1957	30.5368	0.9118	-0.4963	0.7246	0.1248	0.1939	0.9383	-0.2581	-0.1330	0.0065	-0.0758	
38.5510	-32.2474	30.6087	0.9120	-0.4964	0.7245	0.1047	0.2415	0.9120	-0.3144	-0.1332	0.0067	-0.0768	
38.6484	-32.2945	30.6812	0.9122	-0.4963	0.7245	0.0893	0.2836	0.8829	-0.3648	-0.1329	0.0066	-0.0771	
38.7457	-32.3483	30.7534	0.9124	-0.4964	0.7245	0.0666	0.3268	0.8484	-0.4114	-0.1325	0.0071	-0.0778	
38.8432	-32.4028	30.8243	0.9127	-0.4966	0.7245	0.0411	0.3697	0.8069	-0.4585	-0.1324	0.0077	-0.0787	
38.9433	-32.4495	30.9040	0.9130	-0.4965	0.7247	0.0161	0.4083	0.7635	-0.5006	-0.1327	0.0093	-0.0779	
39.0393	-32.5005	30.9807	0.9131	-0.4966	0.7249	0.0069	-0.4445	-0.7183	0.5360	-0.1321	0.0098	-0.0781	
39.1315	-32.5544	31.0516	0.9132	-0.4967	0.7248	0.0316	-0.4772	-0.6681	0.5707	-0.1316	0.0103	-0.0786	
39.2249	-32.6038	31.1278	0.9132	-0.4967	0.7250	0.0554	-0.5065	-0.6191	0.5989	-0.1306	0.0109	-0.0787	
39.3169	-32.6560	31.2022	0.9132	-0.4968	0.7250	0.0817	-0.5352	-0.5650	0.6233	-0.1299	0.0119	-0.0789	
39.4105	-32.7063	31.2810	0.9133	-0.4968	0.7252	0.1070	-0.5608	-0.5098	0.6444	-0.1290	0.0128	-0.0790	
39.5057	-32.7625	31.3574	0.9134	-0.4970	0.7254	0.1344	-0.5848	-0.4522	0.6607	-0.1283	0.0141	-0.0789	
39.6020	-32.8129	31.4383	0.9136	-0.4970	0.7256	0.1601	-0.6036	-0.3963	0.6743	-0.1272	0.0153	-0.0788	
39.6977	-32.8671	31.5114	0.9138	-0.4972	0.7257	0.1849	-0.6200	-0.3391	0.6841	-0.1262	0.0165	-0.0786	
39.7917	-32.9184	31.5903	0.9138	-0.4973	0.7259	0.2090	-0.6338	-0.2829	0.6903	-0.1251	0.0177	-0.0782	
39.8822	-32.9695	31.6697	0.9138	-0.4973	0.7261	0.2309	-0.6445	-0.2279	0.6940	-0.1238	0.0187	-0.0778	
39.9742	-33.0225	31.7501	0.9138	-0.4974	0.7264	0.2529	-0.6550	-0.1719	0.6924	-0.1228	0.0198	-0.0770	
40.0666	-33.0738	31.8290	0.9139	-0.4975	0.7266	0.2747	-0.6630	-0.1105	0.6884	-0.1223	0.0209	-0.0763	
40.1570	-33.1263	31.9057	0.9138	-0.4976	0.7267	0.2952	-0.6668	-0.0534	0.6836	-0.1213	0.0221	-0.0757	
40.2489	-33.1791	31.9861	0.9138	-0.4977	0.7270	0.3131	-0.6701	0.0016	0.6746	-0.1203	0.0230	-0.0748	
40.3441	-33.2315	32.0648	0.9140	-0.4978	0.7272	0.3296	-0.6717	0.0555	0.6628	-0.1195	0.0236	-0.0738	
40.4365	-33.2851	32.1455	0.9140	-0.4979	0.7274	0.3465	-0.6693	0.1063	0.6506	-0.1184	0.0246	-0.0727	
40.5264	-33.3395	32.2206	0.9139	-0.4981	0.7275	0.3619	-0.6677	0.1589	0.6325	-0.1178	0.0251	-0.0715	
40.6183	-33.3931	32.3038	0.9139	-0.4982	0.7278	0.3764	-0.6617	0.2118	0.6143	-0.1172	0.0259	-0.0704	
40.7083	-33.4483	32.3848	0.9139	-0.4984	0.7281	0.3920	-0.6540	0.2658	0.5910	-0.1170	0.0266	-0.0690	
40.7981	-33.5022	32.4632	0.9138	-0.4985	0.7283	0.4047	-0.6466	0.3129	0.5680	-0.1164	0.0270	-0.0676	
40.8885	-33.5534	32.5418	0.9138	-0.4985	0.7285	0.4169	-0.6360	0.3595	0.5428	-0.1159	0.0275	-0.0662	
40.9823	-33.6069	32.6205	0.9139	-0.4987	0.7287	0.4290	-0.6227	0.4071	0.5140	-0.1158	0.0280	-0.0646	
41.0716	-33.6611	32.6978	0.9138	-0.4988	0.7288	0.4427	-0.6082	0.4484	0.4852	-0.1155	0.0286	-0.0627	
41.1610	-33.7120	32.7733	0.9137	-0.4989	0.7289	0.4517	-0.5921	0.4912	0.4539	-0.1153	0.0290	-0.0611	
41.2499	-33.7662	32.8496	0.9136	-0.4990	0.7290	0.4629	-0.5745	0.5286	0.4228	-0.1150	0.0294	-0.0591	
41.3405	-33.8201	32.9248	0.9136	-0.4991	0.7291	0.4729	-0.5525	0.5680	0.3873	-0.1152	0.0298	-0.0571	
41.4292	-33.8724	32.9990	0.9135	-0.4992	0.7291	0.4826	-0.5323	0.6021	0.3513	-0.1153	0.0299	-0.0549	
41.5176	-33.9265	33.0736	0.9134	-0.4994	0.7291	0.4921	-0.5073	0.6342	0.3171	-0.1152	0.0304	-0.0526	
41.6068	-33.9789	33.1502	0.9133	-0.4994	0.7293	0.5033	-0.4834	0.6613	0.2801	-0.1154	0.0304	-0.0499	
41.6972	-34.0310	33.2221	0.9133	-0.4995	0.7292	0.5110	-0.4568	0.6890	0.2396	-0.1158	0.0302	-0.0475	
41.7883	-34.0771	33.2968	0.9132	-0.4994	0.7293	0.5180	-0.4299	0.7132	0.2013	-0.1159	0.0300	-0.0451	
41.8805	-34.1268	33.3719	0.9133	-0.4994	0.7293	0.5285	-0.4015	0.7321	0.1616	-0.1163	0.0296	-0.0420	
41.9711	-34.1741	33.4441	0.9132	-0.4993	0.7293	0.5376	-0.3690	0.7498	0.1223	-0.1168	0.0293	-0.0390	
42.0643	-34.2238	33.5189	0.9133	-0.4993	0.7294	0.5468	-0.3361	0.7641	0.0806	-0.1174	0.0287	-0.0358	
42.1589	-34.2730	33.5889	0.9134	-0.4993	0.7293	0.5546	-0.3027	0.7757	0.0380	-0.1181	0.0278	-0.0328	
42.2510	-34.3219	33.6611	0.9134	-0.4993	0.7292	0.5653	-0.2701	0.7814	-0.0047	-0.1188	0.0264	-0.0293	
42.3481	-34.3728	33.7283	0.9135	-0.4993	0.7291	0.5692	-0.2333	0.7880	-0.0498	-0.1196	0.0251	-0.0265	
42.4436	-34.4219	33.7934	0.9137	-0.4993	0.7288	0.5785	-0.1986	0.7872	-0.0956	-0.1206	0.0231	-0.0230	
42.5427	-34.4712	33.8588	0.9139	-0.4993	0.7286	0.5853	-0.1629	0.7836	-0.1399	-0.1214	0.0210	-0.0197	
42.6432	-34.5186	33.9266	0.9142	-0.4992	0.7284	0.5874	-0.1245	0.7788	-0.1869	-0.1223	0.0189	-0.0169	
42.7448	-34.5656	33.9881	0.9145	-0.4991	0.7280	0.5881	-0.0834	0.7698	-0.2368	-0.1236	0.0165	-0.0141	
42.8492	-34.6176	34.0519	0.9149	-0.4992	0.7277	0.5874	-0.0438	0.7560	-0.2885	-0.1250	0.0135	-0.0114	
42.9522	-34.6688	34.1171	0.9153	-0.4992	0.7275	0.5822	-0.0040	0.7406	-0.3377	-0.1260	0.0107	-0.0092	
43.0573	-34.7212	34.1823	0.9157	-0.4993	0.7273	0.5712	0.0378	0.7215	-0.3903	-0.1275	0.0078	-0.0075	
43.1606	-34.7790	34.2480	0.9160	-0.4995	0.7270	0.5576	0.0840	0.6979	-0.4418	-0.1290	0.0049	-0.0056	
43.2660	-34.8410	34.3059	0.9165	-0.4999	0.7266	0.5417	0.1263	0.6690	-0.4935	-0.1305	0.0014	-0.0040	
43.3728	-34.9011	34.3674	0.9169	-0.5002	0.7262	0.5213	0.1680	0.6386	-0.5409	-0.1317	-0.0016	-0.0028	
43.4767	-34.9658	34.4294	0.9173	-0.5007	0.7259	0.4961	0.2131	0.6017	-0.5884	-0.1332	-0.0049	-0.0017	
43.5770	-35.0295	34.4944	0.9176	-0.5011	0.7256	0.4681	0.2558	0.5646	-0.6298	-0.1343	-0.0077	-0.0008	
43.6802	-35.0978	34.5578	0.9179	-0.5017	0.7253	0.4336	0.2956	0.5222	-0.6719	-0.1356	-0.0108	-0.0006	
43.7786	-35.1667	34.6256	0.9181	-0.5023	0.7252	0.3973	0.3373	0.4744	-0.7090	-0.1369	-0.0139	-0.0001	
43.8764	-35.2368	34.6931	0.9183	-0.5029	0.7250	0.3519	0.3750	0.4254	-0.7439	-0.1383	-0.0165	-0.0004	
43.9725	-35.3079	34.7630	0.9184	-0.5035	0.7250	0.3025	0.4116	0.3739	-0.7732	-0.1397	-0.0188	-0.0007	
44.0629	-35.3782	34.8317	0.9184	-0.5041	0.7248	0.2523	0.4456	0.3182	-0.7971	-0.1410	-0.0213	-0.0012	
44.1499	-35.4500	34.9008	0.9182	-0.5048	0.7247	0.1999	0.4745	0.2597	-0.8163	-0.1421	-0.0238	-0.0020	
44.2409	-35.5201	34.9658	0.9182	-0.5054	0.7245	0.1433	0.5002	0.1983	-0.8298	-0.1434	-0.0260	-0.0030	
44.3246	-35.5893	35.0394	0.9179	-0.5060	0.7245	0.0819	0.5226	0.1350	-0.8367	-0.1448	-0.0279	-0.0042	
44.4073	-35.6498	35.0942	0.9176	-0.5063	0.7240	0.0209	0.5410	0.0715	-0.8367	-0.1435	-0.0263	-0.0036	
44.4897	-35.7182	35.1631	0.9174	-0.5068	0.7239	0.0425	-0.5543	-0.0086	0.8300	-0.1449	-0.0278	-0.0047	
44.5678	-35.7819	35.2336	0.9169	-0.5072	0.7238	0.1037	-0.5636	0.0544	0.8167	-0.1460	-0.0292	-0.0059	
44.6493	-35.8467	35.3006	0.9166	-0.5077	0.7237	0.1651	-0.5665	0.1135	0.7984	-0.1470	-0.0301	-0.0072	
44.7287	-35.9079	35.3705	0.9162	-0.5080	0.7236	0.2267	-0.5662	0.1736	0.7721	-0.1481	-0.0310	-0.0084	
44.8099	-35.9652	35.4414	0.9159	-0.5082	0.7236	0.2849	-0.5625	0.2333	0.7391	-0.1491	-0.0320	-0.0095	
44.8896	-36.0176	35.5154	0.9156	-0.5082	0.7236	0.3380	-0.5549	0.2886	0.7025	-0.1497	-0.0328	-0.0105	
44.9696	-36.0700	35.5889	0.9152	-0.5083	0.7236	0.3903	-0.5408	0.3423	0.6609	-0.1504	-0.0332	-0.0118	
45.0501	-36.1186	35.6587	0.9149	-0.5082	0.7236	0.4410	-0.5210	0.3931	0.6151	-0.1512	-0.0333	-0.0132	
45.1335	-36.1680	35.7324	0.9146	-0.5082	0.7236	0.4857	-0.4992	0.4405	0.5658	-0.1516	-0.0335	-0.0145	
45.2216	-36.2193	35.8055	0.9145	-0.5082	0.7236	0.5242	-0.4732	0.4844	0.5164	-0.1518	-0.0334	-0.0160	
45.3047	-36.2705	35.8799	0.9143	-0.5082	0.7237	0.5599	-0.4428	0.5254	0.4626	-0.1520	-0.0332	-0.0175	
45.3901	-36.3204	35.9518	0.9141	-0.5082	0.7237	0.5941	-0.4078	0.5613	0.4063	-0.1523	-0.0325	-0.0188	
45.4755	-36.3704	36.0268	0.9139	-0.5081	0.7238	0.6209	-0.3716	0.5959	0.3481	-0.1525	-0.0320	-0.0205	
