-0.3707	-11.5044	0.9521	0.0000	0.0000	0.0000	0.2194	0.2732	0.0615	-0.9346	0.0000	0.0000	0.0000	
-0.2447	-11.3166	0.6189	0.0125	0.0186	-0.0330	0.2305	0.2989	-0.0002	-0.9285	-0.0027	-0.0160	-0.0219	
-0.2327	-11.1827	0.4829	0.0181	0.0542	-0.0662	0.1388	0.2362	0.0636	-0.9722	-0.1076	0.1401	0.1083	
-0.1352	-11.2072	0.2958	0.0611	0.0467	-0.1465	0.1146	0.1828	0.0206	-0.9910	-0.1385	0.1657	0.2181	
-0.0051	-11.2512	0.1667	0.1348	0.0079	-0.2397	0.0431	0.1371	0.0950	-0.9938	-0.1707	0.1534	0.2163	
-0.0705	-11.2353	0.0469	0.1000	0.0308	-0.2866	0.0017	-0.0846	-0.1486	1.0031	-0.0894	0.1197	0.1481	
0.0053	-11.2990	-0.0742	0.1716	-0.0163	-0.3480	-0.0262	-0.0638	-0.1177	1.0159	-0.0246	0.0690	0.0478	
0.0962	-11.3051	-0.0348	0.2507	-0.0163	-0.2629	0.0191	0.0302	0.1275	-0.9918	-0.0129	0.0663	0.0365	
0.1848	-11.3891	-0.0778	0.3206	-0.1072	-0.2815	0.0020	-0.0051	0.1406	-0.9900	-0.0102	0.0610	0.0415	
0.2526	-11.4710	-0.1050	0.3623	-0.1867	-0.2812	-0.0017	0.0487	-0.1588	0.9860	-0.0020	0.0694	0.0399	
0.3085	-11.5250	-0.1334	0.3815	-0.2246	-0.2827	-0.0110	0.0743	-0.1821	0.9809	0.0052	0.0630	0.0417	
0.4008	-11.5982	-0.1374	0.4372	-0.2765	-0.2568	0.0027	-0.1209	0.1985	-0.9723	0.0074	0.0519	0.0434	
0.4795	-11.7230	-0.1100	0.4731	-0.3743	-0.2040	-0.0013	-0.1555	0.2184	-0.9632	0.0096	0.0477	0.0432	
0.5300	-11.7659	-0.1112	0.4792	-0.3817	-0.1857	-0.0043	-0.1892	0.2359	-0.9530	0.0125	0.0503	0.0426	
0.5984	-11.7857	-0.0830	0.4975	-0.3646	-0.1432	0.0070	0.2180	-0.2574	0.9413	0.0142	0.0493	0.0400	
0.7917	-11.9227	-0.0215	0.6202	-0.4545	-0.0807	0.0152	0.2460	-0.2787	0.9282	0.0214	0.0434	0.0400	
0.9620	-11.9627	0.0621	0.7099	-0.4494	-0.0042	0.0170	0.2763	-0.2932	0.9151	0.0259	0.0401	0.0383	
1.0830	-12.0472	0.1591	0.7469	-0.4834	0.0689	0.0213	0.3037	-0.3178	0.8980	0.0411	0.0283	0.0349	
1.2437	-12.0314	0.2042	0.8113	-0.4340	0.0975	0.0123	0.3258	-0.3321	0.8853	0.0444	0.0270	0.0301	
1.3676	-12.0652	0.2171	0.8471	-0.4263	0.1053	-0.0273	-0.3538	0.3539	-0.8666	0.0139	0.0443	0.0442	
1.5417	-12.1610	0.1793	0.9090	-0.4619	0.0716	0.0401	0.3786	-0.3732	0.8461	0.0201	0.0451	0.0381	
1.7196	-12.2384	0.2194	0.9715	-0.4797	0.0989	0.0557	0.4022	-0.3963	0.8238	-0.0044	0.0619	0.0384	
1.8421	-12.3645	0.2192	0.9950	-0.5257	0.1010	0.1087	0.4242	-0.4404	0.7846	-0.0496	0.0875	0.0431	
1.9091	-12.4650	0.1865	0.9850	-0.5511	0.0851	0.2176	0.4319	-0.4986	0.7202	-0.1059	0.1126	0.0426	
1.9329	-12.5693	0.1923	0.9476	-0.5796	0.0875	0.3290	0.4395	-0.5216	0.6499	-0.1307	0.1267	0.0324	
1.9815	-12.6660	0.2201	0.9260	-0.6016	0.1008	0.4386	0.4405	-0.5377	0.5645	-0.1487	0.1369	0.0272	
1.9932	-12.7450	0.2745	0.8855	-0.6128	0.1252	0.5456	0.4458	-0.5228	0.4754	-0.1570	0.1469	0.0170	
2.0102	-12.8370	0.3156	0.8475	-0.6288	0.1404	0.6133	0.4331	-0.5220	0.4091	-0.1574	0.1408	0.0147	
2.0712	-12.9165	0.3753	0.8355	-0.6375	0.1627	0.6785	0.4206	-0.4972	0.3465	-0.1558	0.1375	0.0076	
2.0775	-12.9800	0.4153	0.7970	-0.6372	0.1744	0.7299	0.4064	-0.4824	0.2660	-0.1553	0.1357	0.0076	
2.1585	-13.0190	0.4685	0.7968	-0.6248	0.1914	0.7727	0.3817	-0.4678	0.2204	-0.1523	0.1271	0.0043	
2.1937	-13.0372	0.4793	0.7762	-0.6041	0.1878	0.8094	0.3479	-0.4519	0.1566	-0.1525	0.1214	0.0033	
2.2742	-13.1074	0.5101	0.7764	-0.6076	0.1931	0.8368	0.3324	-0.4316	0.1047	-0.1480	0.1172	0.0021	
2.3395	-13.1478	0.5813	0.7710	-0.5989	0.2156	0.8678	0.2960	-0.4019	0.0477	-0.1479	0.1131	-0.0010	
2.3825	-13.1808	0.6190	0.7567	-0.5872	0.2233	0.8885	0.2596	-0.3886	0.0006	-0.1469	0.1064	-0.0016	
2.4428	-13.2263	0.6121	0.7502	-0.5817	0.2112	0.9063	0.2274	-0.3586	-0.0535	-0.1456	0.1036	-0.0035	
2.4737	-13.2954	0.6561	0.7316	-0.5858	0.2200	0.9246	0.2003	-0.3196	-0.0961	-0.1427	0.1016	-0.0071	
2.5465	-13.3641	0.6429	0.7311	-0.5896	0.2062	0.9390	0.1695	-0.2860	-0.1274	-0.1398	0.0982	-0.0106	
2.6346	-13.4318	0.6317	0.7364	-0.5923	0.1940	0.9458	0.1449	-0.2508	-0.1666	-0.1368	0.0964	-0.0127	
2.6730	-13.5163	0.6505	0.7228	-0.6016	0.1938	0.9519	0.1170	-0.2120	-0.2027	-0.1342	0.0948	-0.0154	
2.7812	-13.5773	0.6903	0.7356	-0.6020	0.2011	0.9542	0.0862	-0.1710	-0.2400	-0.1322	0.0933	-0.0182	
2.8786	-13.6688	0.6891	0.7439	-0.6135	0.1936	0.9556	0.0543	-0.1309	-0.2695	-0.1300	0.0916	-0.0215	
2.9451	-13.7774	0.6872	0.7411	-0.6293	0.1865	0.9494	0.0331	-0.0947	-0.3057	-0.1272	0.0909	-0.0225	
2.9908	-13.8408	0.6808	0.7316	-0.6294	0.1783	0.9413	0.0062	-0.0578	-0.3391	-0.1251	0.0899	-0.0239	
3.0388	-13.9065	0.6873	0.7235	-0.6299	0.1749	0.9306	-0.0151	-0.0207	-0.3713	-0.1225	0.0894	-0.0249	
3.0927	-13.9951	0.7008	0.7175	-0.6379	0.1739	0.9179	-0.0370	0.0184	-0.4003	-0.1199	0.0892	-0.0262	
3.1707	-14.0756	0.7348	0.7191	-0.6436	0.1793	0.9013	-0.0651	0.0617	-0.4278	-0.1178	0.0891	-0.0285	
3.2410	-14.1567	0.7642	0.7185	-0.6485	0.1833	0.8862	-0.0853	0.1033	-0.4490	-0.1148	0.0893	-0.0303	
3.2864	-14.2330	0.7664	0.7108	-0.6519	0.1787	0.8668	-0.1049	0.1398	-0.4717	-0.1121	0.0891	-0.0312	
3.3512	-14.3140	0.7776	0.7085	-0.6565	0.1772	0.8439	-0.1251	0.1851	-0.4913	-0.1092	0.0901	-0.0328	
3.3839	-14.4030	0.7867	0.6971	-0.6632	0.1752	0.8202	-0.1443	0.2279	-0.5083	-0.1062	0.0910	-0.0342	
3.4163	-14.5004	0.8045	0.6864	-0.6719	0.1758	0.7948	-0.1609	0.2688	-0.5236	-0.1031	0.0919	-0.0353	
3.4639	-14.5723	0.8074	0.6805	-0.6733	0.1722	0.7670	-0.1783	0.3081	-0.5373	-0.1003	0.0926	-0.0362	
3.5359	-14.6736	0.8047	0.6814	-0.6826	0.1671	0.7348	-0.1973	0.3483	-0.5502	-0.0975	0.0937	-0.0374	
3.6157	-14.7715	0.8109	0.6844	-0.6905	0.1649	0.7009	-0.2123	0.3894	-0.5612	-0.0945	0.0950	-0.0380	
3.6837	-14.8787	0.8219	0.6836	-0.7004	0.1642	0.6616	-0.2295	0.4330	-0.5695	-0.0914	0.0970	-0.0390	
3.7219	-14.9651	0.8316	0.6759	-0.7046	0.1630	0.6246	-0.2415	0.4691	-0.5783	-0.0887	0.0980	-0.0389	
3.7426	-15.0293	0.8276	0.6641	-0.7032	0.1584	0.5859	-0.2550	0.5019	-0.5853	-0.0863	0.0988	-0.0389	
3.7702	-15.1167	0.8584	0.6548	-0.7074	0.1628	0.5426	-0.2623	0.5338	-0.5950	-0.0843	0.0996	-0.0378	
3.8190	-15.2023	0.8661	0.6507	-0.7110	0.1615	0.4962	-0.2729	0.5674	-0.5993	-0.0820	0.1009	-0.0374	
3.8686	-15.2976	0.8566	0.6469	-0.7167	0.1560	0.4439	-0.2812	0.6006	-0.6035	-0.0800	0.1024	-0.0366	
3.8977	-15.3599	0.8733	0.6387	-0.7146	0.1570	0.3939	-0.2882	0.6278	-0.6077	-0.0785	0.1031	-0.0356	
3.9283	-15.4386	0.8962	0.6313	-0.7164	0.1594	0.3431	-0.2924	0.6534	-0.6095	-0.0769	0.1039	-0.0343	
3.9520	-15.5114	0.9100	0.6227	-0.7171	0.1596	0.2962	-0.2940	0.6758	-0.6097	-0.0753	0.1042	-0.0328	
3.9890	-15.5651	0.9463	0.6174	-0.7132	0.1650	0.2430	-0.2965	0.6966	-0.6077	-0.0740	0.1047	-0.0315	
4.0175	-15.6320	0.9914	0.6106	-0.7126	0.1720	0.1891	-0.2948	0.7131	-0.6086	-0.0735	0.1047	-0.0296	
4.0515	-15.6846	1.0317	0.6054	-0.7091	0.1778	0.1406	-0.2902	0.7286	-0.6063	-0.0726	0.1045	-0.0277	
4.0709	-15.7238	1.0716	0.5973	-0.7031	0.1831	0.0915	-0.2823	0.7395	-0.6063	-0.0725	0.1037	-0.0256	
4.0776	-15.8130	1.0918	0.5850	-0.7061	0.1833	0.0447	-0.2757	0.7477	-0.6047	-0.0723	0.1050	-0.0264	
4.1137	-15.8433	1.1364	0.5810	-0.6983	0.1895	0.0091	0.2670	-0.7553	0.5999	-0.0723	0.1046	-0.0243	
4.1612	-15.8577	1.1572	0.5794	-0.6877	0.1902	0.0622	0.2597	-0.7578	0.5968	-0.0726	0.1036	-0.0229	
4.2021	-15.9101	1.2083	0.5764	-0.6851	0.1971	0.1172	0.2505	-0.7571	0.5931	-0.0732	0.1026	-0.0214	
4.2314	-15.9548	1.2544	0.5714	-0.6813	0.2029	0.1727	0.2360	-0.7547	0.5885	-0.0742	0.1015	-0.0195	
4.2795	-15.9868	1.3049	0.5701	-0.6751	0.2091	0.2216	0.2239	-0.7493	0.5845	-0.0749	0.1000	-0.0182	
4.3457	-16.0174	1.3365	0.5723	-0.6690	0.2114	0.2711	0.2126	-0.7400	0.5794	-0.0755	0.0985	-0.0174	
4.4199	-16.0290	1.3512	0.5757	-0.6592	0.2101	0.3204	0.2046	-0.7275	0.5726	-0.0758	0.0973	-0.0173	
4.4768	-16.0441	1.3769	0.5756	-0.6506	0.2110	0.3661	0.1963	-0.7124	0.5675	-0.0760	0.0958	-0.0173	
4.5239	-16.0585	1.3976	0.5735	-0.6420	0.2110	0.4118	0.1884	-0.6939	0.5616	-0.0762	0.0944	-0.0176	
4.5949	-16.0864	1.4113	0.5759	-0.6363	0.2095	0.4559	0.1826	-0.6720	0.5560	-0.0761	0.0931	-0.0184	
4.6679	-16.1124	1.4311	0.5785	-0.6304	0.2093	0.5019	0.1751	-0.6450	0.5504	-0.0764	0.0918	-0.0195	
4.7227	-16.1354	1.4541	0.5774	-0.6241	0.2097	0.5414	0.1739	-0.6162	0.5471	-0.0756	0.0907	-0.0212	
4.7991	-16.1504	1.4582	0.5802	-0.6164	0.2067	0.5812	0.1759	-0.5836	0.5408	-0.0745	0.0901	-0.0232	
4.8624	-16.1957	1.4753	0.5805	-0.6141	0.2060	0.6227	0.1791	-0.5461	0.5322	-0.0735	0.0898	-0.0253	
4.9250	-16.2341	1.5004	0.5807	-0.6108	0.2069	0.6602	0.1827	-0.5067	0.5249	-0.0722	0.0895	-0.0275	
4.9875	-16.2722	1.5186	0.5808	-0.6073	0.2066	0.6932	0.1896	-0.4679	0.5162	-0.0703	0.0893	-0.0296	
5.0558	-16.3173	1.5304	0.5820	-0.6052	0.2052	0.7257	0.1937	-0.4262	0.5055	-0.0687	0.0893	-0.0314	
5.1141	-16.3551	1.5463	0.5812	-0.6014	0.2046	0.7550	0.2071	-0.3804	0.4938	-0.0660	0.0899	-0.0338	
5.1587	-16.3954	1.5663	0.5781	-0.5983	0.2048	0.7822	0.2200	-0.3300	0.4817	-0.0633	0.0907	-0.0363	
5.2352	-16.4319	1.5903	0.5805	-0.5946	0.2056	0.8070	0.2345	-0.2772	0.4667	-0.0605	0.0918	-0.0387	
5.2960	-16.4841	1.6207	0.5802	-0.5933	0.2075	0.8293	0.2499	-0.2224	0.4484	-0.0576	0.0931	-0.0408	
5.3322	-16.5332	1.6577	0.5760	-0.5918	0.2105	0.8483	0.2609	-0.1666	0.4303	-0.0550	0.0941	-0.0427	
5.3942	-16.5640	1.6914	0.5762	-0.5874	0.2129	0.8621	0.2715	-0.1141	0.4138	-0.0523	0.0948	-0.0443	
5.4516	-16.6092	1.7413	0.5754	-0.5850	0.2179	0.8708	0.2905	-0.0528	0.3941	-0.0485	0.0965	-0.0463	
5.5195	-16.6538	1.7684	0.5766	-0.5828	0.2192	0.8771	0.3024	0.0009	0.3745	-0.0456	0.0974	-0.0475	
5.5989	-16.6897	1.8209	0.5796	-0.5791	0.2243	0.8805	0.3153	0.0557	0.3506	-0.0426	0.0986	-0.0485	
5.6941	-16.7210	1.8554	0.5849	-0.5748	0.2266	0.8788	0.3296	0.1104	0.3286	-0.0393	0.0997	-0.0493	
5.7879	-16.7678	1.8897	0.5899	-0.5729	0.2289	0.8727	0.3440	0.1645	0.3069	-0.0359	0.1009	-0.0500	
5.8607	-16.7817	1.9385	0.5917	-0.5660	0.2332	0.8652	0.3566	0.2186	0.2773	-0.0330	0.1023	-0.0501	
5.9359	-16.8289	1.9737	0.5939	-0.5642	0.2354	0.8543	0.3696	0.2686	0.2496	-0.0301	0.1034	-0.0500	
6.0267	-16.8630	2.0130	0.5984	-0.5606	0.2381	0.8413	0.3799	0.3166	0.2202	-0.0276	0.1043	-0.0496	
6.1092	-16.9005	2.0475	0.6016	-0.5575	0.2400	0.8274	0.3890	0.3593	0.1901	-0.0254	0.1049	-0.0488	
6.1976	-16.9280	2.0633	0.6057	-0.5530	0.2391	0.8095	0.3998	0.4018	0.1554	-0.0235	0.1060	-0.0475	
6.2969	-16.9547	2.0884	0.6113	-0.5484	0.2396	0.7888	0.4121	0.4414	0.1183	-0.0217	0.1071	-0.0458	
6.3933	-16.9840	2.1076	0.6164	-0.5444	0.2391	0.7689	0.4189	0.4773	0.0787	-0.0207	0.1078	-0.0441	
6.4903	-17.0165	2.1337	0.6215	-0.5410	0.2396	0.7443	0.4264	0.5132	0.0389	-0.0197	0.1088	-0.0424	
6.5940	-17.0529	2.1454	0.6275	-0.5383	0.2382	0.7185	0.4330	0.5455	0.0052	-0.0184	0.1092	-0.0409	
6.6933	-17.0958	2.1477	0.6327	-0.5366	0.2354	0.6915	0.4398	0.5732	-0.0325	-0.0178	0.1096	-0.0388	
6.7907	-17.1497	2.1561	0.6375	-0.5364	0.2335	0.6609	0.4462	0.5998	-0.0730	-0.0174	0.1103	-0.0367	
6.9032	-17.1957	2.1652	0.6444	-0.5351	0.2317	0.6264	0.4545	0.6225	-0.1190	-0.0177	0.1113	-0.0341	
7.0246	-17.2468	2.1677	0.6523	-0.5346	0.2290	0.5901	0.4592	0.6437	-0.1646	-0.0180	0.1121	-0.0317	
7.1255	-17.3097	2.1639	0.6573	-0.5357	0.2255	0.5559	0.4666	0.6567	-0.2086	-0.0189	0.1125	-0.0289	
7.2376	-17.3599	2.1479	0.6637	-0.5352	0.2205	0.5164	0.4704	0.6699	-0.2529	-0.0197	0.1131	-0.0264	
7.3307	-17.4110	2.1394	0.6675	-0.5349	0.2166	0.4760	0.4723	0.6809	-0.2957	-0.0206	0.1135	-0.0241	
7.4232	-17.4864	2.1163	0.6710	-0.5377	0.2108	0.4367	0.4743	0.6867	-0.3376	-0.0218	0.1137	-0.0217	
7.5145	-17.5567	2.1008	0.6744	-0.5398	0.2060	0.3971	0.4775	0.6874	-0.3786	-0.0234	0.1136	-0.0192	
7.6095	-17.6286	2.0850	0.6782	-0.5422	0.2013	0.3547	0.4746	0.6883	-0.4193	-0.0247	0.1137	-0.0172	
7.6940	-17.6951	2.0682	0.6805	-0.5437	0.1965	0.3168	0.4763	0.6817	-0.4583	-0.0268	0.1132	-0.0149	
7.7776	-17.7768	2.0432	0.6827	-0.5472	0.1908	0.2760	0.4735	0.6741	-0.4966	-0.0287	0.1129	-0.0129	
7.8439	-17.8504	2.0220	0.6826	-0.5496	0.1856	0.2359	0.4696	0.6638	-0.5336	-0.0307	0.1124	-0.0111	
7.9231	-17.9216	2.0013	0.6841	-0.5516	0.1806	0.1932	0.4631	0.6500	-0.5716	-0.0330	0.1120	-0.0095	
7.9763	-18.0093	1.9691	0.6823	-0.5556	0.1743	0.1541	0.4549	0.6358	-0.6054	-0.0349	0.1113	-0.0082	
8.0383	-18.0764	1.9436	0.6816	-0.5570	0.1688	0.1150	0.4395	0.6219	-0.6386	-0.0364	0.1107	-0.0076	
8.0786	-18.1519	1.9268	0.6783	-0.5594	0.1645	0.0789	0.4272	0.6040	-0.6693	-0.0382	0.1097	-0.0070	
8.1164	-18.1889	1.8656	0.6746	-0.5573	0.1556	0.0504	0.4107	0.5858	-0.6984	-0.0365	0.1111	-0.0065	
8.1462	-18.2636	1.8487	0.6701	-0.5595	0.1514	0.0197	0.3923	0.5679	-0.7246	-0.0379	0.1099	-0.0061	
8.1667	-18.3167	1.8048	0.6646	-0.5594	0.1448	0.0075	-0.3712	-0.5499	0.7497	-0.0363	0.1113	-0.0061	
8.1857	-18.3742	1.7609	0.6590	-0.5597	0.1383	0.0369	-0.3410	-0.5344	0.7734	-0.0350	0.1123	-0.0059	
8.2020	-18.4307	1.7232	0.6532	-0.5600	0.1327	0.0621	-0.3106	-0.5175	0.7961	-0.0333	0.1135	-0.0060	
8.2149	-18.4839	1.6927	0.6470	-0.5598	0.1280	0.0855	-0.2770	-0.4992	0.8177	-0.0314	0.1148	-0.0064	
8.2194	-18.5347	1.6838	0.6401	-0.5594	0.1259	0.1059	-0.2394	-0.4833	0.8366	-0.0295	0.1160	-0.0067	
8.2325	-18.6000	1.6699	0.6342	-0.5605	0.1232	0.1262	-0.2006	-0.4638	0.8548	-0.0274	0.1171	-0.0076	
8.2409	-18.6708	1.6746	0.6279	-0.5622	0.1227	0.1481	-0.1544	-0.4491	0.8682	-0.0257	0.1180	-0.0077	
8.2559	-18.7368	1.6863	0.6225	-0.5633	0.1230	0.1675	-0.1040	-0.4357	0.8789	-0.0237	0.1190	-0.0076	
8.2592	-18.8113	1.7093	0.6158	-0.5652	0.1245	0.1820	-0.0518	-0.4198	0.8885	-0.0211	0.1200	-0.0080	
8.2705	-18.8897	1.7493	0.6102	-0.5675	0.1278	0.1970	0.0019	-0.4047	0.8936	-0.0189	0.1207	-0.0083	
8.2995	-18.9610	1.7936	0.6067	-0.5690	0.1316	0.2108	0.0578	-0.3955	0.8927	-0.0167	0.1212	-0.0077	
8.3298	-19.0356	1.8392	0.6034	-0.5708	0.1354	0.2252	0.1191	-0.3903	0.8851	-0.0146	0.1219	-0.0065	
8.3748	-19.1206	1.8938	0.6017	-0.5736	0.1401	0.2406	0.1770	-0.3837	0.8742	-0.0127	0.1223	-0.0056	
8.4227	-19.2065	1.9478	0.6005	-0.5765	0.1446	0.2575	0.2334	-0.3804	0.8575	-0.0113	0.1223	-0.0042	
8.4725	-19.2876	1.9992	0.5994	-0.5789	0.1488	0.2732	0.2898	-0.3788	0.8359	-0.0098	0.1224	-0.0026	
8.5268	-19.3854	2.0588	0.5988	-0.5829	0.1537	0.2845	0.3465	-0.3749	0.8119	-0.0079	0.1225	-0.0013	
8.5801	-19.4717	2.1109	0.5982	-0.5856	0.1577	0.3072	0.3988	-0.3796	0.7765	-0.0074	0.1224	0.0014	
8.6564	-19.5700	2.1668	0.6000	-0.5896	0.1620	0.3268	0.4454	-0.3821	0.7415	-0.0069	0.1218	0.0036	
8.7250	-19.6514	2.2259	0.6009	-0.5918	0.1666	0.3436	0.4894	-0.3836	0.7045	-0.0063	0.1211	0.0057	
8.8075	-19.7496	2.2804	0.6033	-0.5957	0.1706	0.3629	0.5298	-0.3888	0.6614	-0.0061	0.1204	0.0083	
8.8887	-19.8529	2.3345	0.6055	-0.6000	0.1745	0.3821	0.5671	-0.3934	0.6154	-0.0061	0.1197	0.0109	
8.9652	-19.9524	2.3810	0.6072	-0.6039	0.1776	0.4013	0.5981	-0.4015	0.5670	-0.0064	0.1185	0.0138	
9.0469	-20.0496	2.4179	0.6094	-0.6076	0.1796	0.4213	0.6262	-0.4062	0.5162	-0.0070	0.1176	0.0164	
9.1196	-20.1518	2.4660	0.6106	-0.6117	0.1828	0.4386	0.6514	-0.4113	0.4640	-0.0076	0.1166	0.0190	
9.1993	-20.2427	2.4997	0.6125	-0.6146	0.1844	0.4562	0.6710	-0.4171	0.4112	-0.0085	0.1154	0.0216	
9.2839	-20.3394	2.5384	0.6149	-0.6181	0.1865	0.4750	0.6876	-0.4202	0.3550	-0.0097	0.1144	0.0241	
9.3569	-20.4452	2.5777	0.6161	-0.6224	0.1886	0.4904	0.7000	-0.4223	0.3047	-0.0107	0.1129	0.0262	
9.4305	-20.5373	2.6095	0.6173	-0.6253	0.1899	0.5038	0.7096	-0.4254	0.2517	-0.0119	0.1115	0.0285	
9.5002	-20.6315	2.6427	0.6182	-0.6284	0.1914	0.5212	0.7127	-0.4269	0.1994	-0.0137	0.1099	0.0305	
9.5672	-20.7340	2.6682	0.6188	-0.6323	0.1921	0.5367	0.7122	-0.4305	0.1462	-0.0157	0.1082	0.0327	
9.6364	-20.8319	2.6952	0.6195	-0.6357	0.1929	0.5500	0.7110	-0.4300	0.0919	-0.0175	0.1069	0.0346	
9.6986	-20.9346	2.7187	0.6196	-0.6395	0.1934	0.5627	0.7052	-0.4318	0.0410	-0.0196	0.1051	0.0365	
9.7653	-21.0260	2.7483	0.6202	-0.6422	0.1944	0.5731	0.6969	-0.4331	-0.0106	-0.0217	0.1034	0.0383	
9.8329	-21.1282	2.7837	0.6208	-0.6459	0.1960	0.5833	0.6871	-0.4310	-0.0604	-0.0239	0.1018	0.0398	
9.8901	-21.2206	2.8031	0.6204	-0.6486	0.1960	0.5928	0.6744	-0.4289	-0.1082	-0.0261	0.1000	0.0410	
9.9502	-21.3135	2.8387	0.6203	-0.6513	0.1975	0.6027	0.6617	-0.4195	-0.1555	-0.0281	0.0987	0.0417	
10.0183	-21.3984	2.8651	0.6209	-0.6533	0.1982	0.6103	0.6462	-0.4127	-0.2027	-0.0302	0.0973	0.0425	
10.0873	-21.4929	2.8778	0.6216	-0.6561	0.1976	0.6167	0.6294	-0.4044	-0.2482	-0.0323	0.0960	0.0430	
10.1419	-21.5781	2.8991	0.6210	-0.6580	0.1978	0.6228	0.6102	-0.3933	-0.2938	-0.0344	0.0948	0.0434	
10.1989	-21.6706	2.9174	0.6206	-0.6606	0.1978	0.6272	0.5900	-0.3808	-0.3386	-0.0363	0.0937	0.0436	
10.2609	-21.7691	2.9334	0.6206	-0.6637	0.1975	0.6318	0.5683	-0.3644	-0.3822	-0.0382	0.0929	0.0434	
10.3219	-21.8605	2.9407	0.6206	-0.6661	0.1965	0.6362	0.5439	-0.3477	-0.4239	-0.0400	0.0921	0.0429	
10.3815	-21.9466	2.9624	0.6204	-0.6679	0.1968	0.6391	0.5207	-0.3258	-0.4638	-0.0414	0.0916	0.0422	
10.4500	-22.0328	2.9822	0.6210	-0.6697	0.1969	0.6397	0.4979	-0.3049	-0.5010	-0.0427	0.0909	0.0416	
10.5048	-22.1265	2.9970	0.6204	-0.6722	0.1965	0.6403	0.4706	-0.2792	-0.5396	-0.0440	0.0908	0.0407	
10.5647	-22.2123	3.0217	0.6202	-0.6739	0.1970	0.6392	0.4440	-0.2542	-0.5749	-0.0451	0.0904	0.0398	
10.6334	-22.3067	3.0364	0.6208	-0.6764	0.1967	0.6396	0.4198	-0.2267	-0.6039	-0.0455	0.0902	0.0383	
10.6908	-22.4036	3.0510	0.6203	-0.6790	0.1964	0.6392	0.3901	-0.1955	-0.6340	-0.0461	0.0905	0.0367	
10.7586	-22.4915	3.0558	0.6208	-0.6807	0.1953	0.6393	0.3628	-0.1642	-0.6588	-0.0461	0.0906	0.0350	
10.8204	-22.5854	3.0775	0.6208	-0.6830	0.1956	0.6360	0.3314	-0.1301	-0.6851	-0.0464	0.0911	0.0333	
10.8836	-22.6800	3.0895	0.6208	-0.6853	0.1950	0.6328	0.3010	-0.0953	-0.7077	-0.0464	0.0915	0.0316	
10.9497	-22.7728	3.1070	0.6211	-0.6873	0.1950	0.6305	0.2743	-0.0588	-0.7247	-0.0456	0.0920	0.0298	
11.0262	-22.8633	3.1204	0.6223	-0.6892	0.1946	0.6255	0.2476	-0.0220	-0.7404	-0.0448	0.0924	0.0281	
11.0921	-22.9499	3.1176	0.6225	-0.6906	0.1929	0.6228	0.2189	0.0164	-0.7520	-0.0437	0.0931	0.0262	
11.1501	-23.0302	3.1306	0.6221	-0.6915	0.1925	0.6168	0.1896	0.0585	-0.7624	-0.0424	0.0941	0.0245	
11.2128	-23.1113	3.1355	0.6221	-0.6925	0.1914	0.6115	0.1628	0.0956	-0.7695	-0.0411	0.0946	0.0229	
11.2780	-23.1874	3.1455	0.6223	-0.6930	0.1908	0.6052	0.1374	0.1357	-0.7733	-0.0394	0.0952	0.0214	
11.3408	-23.2630	3.1663	0.6223	-0.6935	0.1911	0.5971	0.1140	0.1769	-0.7751	-0.0375	0.0958	0.0203	
11.4081	-23.3409	3.1765	0.6227	-0.6941	0.1905	0.5854	0.0918	0.2166	-0.7767	-0.0359	0.0962	0.0195	
11.4674	-23.4147	3.1847	0.6224	-0.6944	0.1897	0.5769	0.0707	0.2569	-0.7734	-0.0337	0.0967	0.0186	
11.5237	-23.4798	3.1972	0.6219	-0.6940	0.1893	0.5595	0.0544	0.2971	-0.7727	-0.0321	0.0968	0.0188	
11.5887	-23.5421	3.2138	0.6221	-0.6934	0.1891	0.5388	0.0369	0.3336	-0.7734	-0.0311	0.0966	0.0191	
11.6459	-23.6092	3.2233	0.6217	-0.6932	0.1884	0.5176	0.0241	0.3707	-0.7716	-0.0298	0.0963	0.0197	
11.7057	-23.6700	3.2376	0.6216	-0.6925	0.1881	0.4879	0.0126	0.4074	-0.7724	-0.0293	0.0959	0.0211	
11.7625	-23.7224	3.2522	0.6213	-0.6911	0.1878	0.4581	0.0061	0.4418	-0.7721	-0.0288	0.0951	0.0227	
11.8246	-23.7838	3.2667	0.6213	-0.6905	0.1874	0.4253	-0.0015	0.4728	-0.7724	-0.0289	0.0941	0.0242	
11.8830	-23.8403	3.2759	0.6211	-0.6895	0.1866	0.3918	-0.0038	0.5010	-0.7727	-0.0291	0.0927	0.0261	
11.9424	-23.8889	3.2996	0.6210	-0.6880	0.1870	0.3521	-0.0042	0.5266	-0.7747	-0.0301	0.0912	0.0282	
11.9960	-23.9502	3.3147	0.6205	-0.6874	0.1867	0.3157	-0.0013	0.5482	-0.7757	-0.0309	0.0892	0.0301	
12.0474	-24.0028	3.3308	0.6198	-0.6863	0.1864	0.2729	-0.0016	0.5688	-0.7767	-0.0323	0.0876	0.0320	
12.0993	-24.0465	3.3509	0.6191	-0.6844	0.1864	0.2343	0.0001	0.5862	-0.7767	-0.0335	0.0856	0.0335	
12.1571	-24.0918	3.3723	0.6190	-0.6827	0.1865	0.1917	0.0041	0.5992	-0.7784	-0.0354	0.0835	0.0351	
12.2057	-24.1420	3.3866	0.6181	-0.6814	0.1861	0.1496	0.0068	0.6113	-0.7781	-0.0370	0.0814	0.0364	
12.2610	-24.2021	3.4003	0.6177	-0.6809	0.1857	0.1092	0.0124	0.6201	-0.7781	-0.0387	0.0792	0.0375	
12.3128	-24.2556	3.4309	0.6170	-0.6799	0.1864	0.0657	0.0161	0.6246	-0.7792	-0.0409	0.0769	0.0382	
12.4071	-24.3008	3.4034	0.6194	-0.6781	0.1832	0.0188	0.0197	0.6243	-0.7819	-0.0390	0.0789	0.0380	
12.4647	-24.3573	3.4154	0.6191	-0.6773	0.1826	0.0256	-0.0187	-0.6249	0.7810	-0.0411	0.0770	0.0383	
12.5287	-24.4143	3.4298	0.6193	-0.6766	0.1822	0.0693	-0.0192	-0.6238	0.7794	-0.0432	0.0750	0.0384	
12.5890	-24.4645	3.4466	0.6193	-0.6754	0.1819	0.1113	-0.0199	-0.6162	0.7809	-0.0455	0.0727	0.0380	
12.6465	-24.5152	3.4618	0.6190	-0.6742	0.1816	0.1509	-0.0138	-0.6094	0.7794	-0.0472	0.0712	0.0371	
12.7062	-24.5786	3.4806	0.6189	-0.6740	0.1815	0.1905	-0.0102	-0.5998	0.7783	-0.0489	0.0694	0.0361	
12.7677	-24.6424	3.4957	0.6188	-0.6737	0.1812	0.2230	-0.0043	-0.5881	0.7791	-0.0500	0.0678	0.0345	
12.8249	-24.7071	3.5010	0.6185	-0.6736	0.1801	0.2571	0.0059	-0.5719	0.7805	-0.0512	0.0665	0.0323	
12.8794	-24.7717	3.5108	0.6180	-0.6734	0.1795	0.2916	0.0129	-0.5572	0.7787	-0.0524	0.0652	0.0307	
12.9366	-24.8373	3.5227	0.6176	-0.6733	0.1789	0.3272	0.0262	-0.5380	0.7776	-0.0535	0.0645	0.0284	
12.9937	-24.8998	3.5436	0.6173	-0.6729	0.1790	0.3564	0.0352	-0.5191	0.7776	-0.0542	0.0633	0.0262	
13.0527	-24.9712	3.5579	0.6170	-0.6732	0.1787	0.3811	0.0514	-0.5019	0.7762	-0.0540	0.0628	0.0239	
13.1176	-25.0357	3.5762	0.6172	-0.6730	0.1787	0.4036	0.0698	-0.4786	0.7785	-0.0538	0.0625	0.0208	
13.1744	-25.1085	3.5882	0.6168	-0.6733	0.1782	0.4268	0.0902	-0.4537	0.7786	-0.0536	0.0625	0.0178	
13.2375	-25.1741	3.6034	0.6168	-0.6731	0.1779	0.4471	0.1128	-0.4308	0.7772	-0.0529	0.0627	0.0150	
13.2910	-25.2474	3.6294	0.6162	-0.6735	0.1785	0.4671	0.1358	-0.4061	0.7749	-0.0522	0.0629	0.0122	
13.3428	-25.3232	3.6463	0.6154	-0.6740	0.1784	0.4837	0.1637	-0.3803	0.7725	-0.0509	0.0636	0.0093	
13.3978	-25.3939	3.6651	0.6149	-0.6742	0.1784	0.5005	0.1894	-0.3547	0.7678	-0.0499	0.0641	0.0068	
13.4617	-25.4668	3.6869	0.6150	-0.6745	0.1787	0.5105	0.2178	-0.3297	0.7652	-0.0481	0.0648	0.0042	
13.5225	-25.5391	3.7101	0.6148	-0.6748	0.1790	0.5209	0.2487	-0.3031	0.7595	-0.0464	0.0657	0.0017	
13.5818	-25.6092	3.7349	0.6146	-0.6749	0.1795	0.5293	0.2827	-0.2772	0.7515	-0.0444	0.0669	-0.0006	
13.6414	-25.6880	3.7608	0.6144	-0.6755	0.1800	0.5355	0.3148	-0.2500	0.7438	-0.0424	0.0680	-0.0028	
13.7008	-25.7599	3.7910	0.6142	-0.6758	0.1808	0.5431	0.3496	-0.2250	0.7302	-0.0404	0.0692	-0.0045	
13.7664	-25.8337	3.8066	0.6144	-0.6761	0.1807	0.5475	0.3841	-0.1990	0.7172	-0.0383	0.0705	-0.0062	
13.8365	-25.9048	3.8283	0.6149	-0.6762	0.1809	0.5472	0.4211	-0.1732	0.7033	-0.0358	0.0719	-0.0078	
13.9066	-25.9685	3.8475	0.6154	-0.6759	0.1810	0.5488	0.4511	-0.1530	0.6878	-0.0337	0.0726	-0.0086	
13.9843	-26.0341	3.8736	0.6164	-0.6757	0.1816	0.5493	0.4826	-0.1347	0.6695	-0.0317	0.0735	-0.0091	
14.0557	-26.1010	3.8968	0.6170	-0.6756	0.1819	0.5514	0.5132	-0.1167	0.6477	-0.0300	0.0743	-0.0094	
14.1217	-26.1616	3.9253	0.6173	-0.6751	0.1826	0.5544	0.5446	-0.1033	0.6211	-0.0285	0.0751	-0.0090	
14.1879	-26.2218	3.9527	0.6176	-0.6746	0.1832	0.5557	0.5763	-0.0910	0.5926	-0.0270	0.0759	-0.0084	
14.2591	-26.2748	3.9806	0.6182	-0.6736	0.1839	0.5604	0.6037	-0.0800	0.5615	-0.0260	0.0765	-0.0077	
14.3313	-26.3318	4.0036	0.6188	-0.6729	0.1842	0.5658	0.6297	-0.0706	0.5277	-0.0254	0.0770	-0.0067	
14.3975	-26.3822	4.0193	0.6191	-0.6718	0.1840	0.5718	0.6545	-0.0619	0.4906	-0.0249	0.0776	-0.0057	
14.4676	-26.4366	4.0403	0.6197	-0.6710	0.1842	0.5785	0.6756	-0.0541	0.4539	-0.0248	0.0778	-0.0046	
14.5361	-26.4917	4.0570	0.6201	-0.6702	0.1840	0.5858	0.6958	-0.0495	0.4125	-0.0250	0.0781	-0.0032	
14.6059	-26.5462	4.0736	0.6206	-0.6694	0.1839	0.5985	0.7099	-0.0444	0.3683	-0.0260	0.0781	-0.0020	
14.6755	-26.6063	4.0900	0.6211	-0.6690	0.1838	0.6064	0.7221	-0.0458	0.3305	-0.0266	0.0775	-0.0006	
14.7399	-26.6570	4.1099	0.6213	-0.6679	0.1838	0.6176	0.7302	-0.0422	0.2894	-0.0277	0.0771	0.0004	
14.8153	-26.7122	4.1231	0.6221	-0.6672	0.1835	0.6243	0.7415	-0.0393	0.2419	-0.0286	0.0772	0.0017	
14.8883	-26.7746	4.1385	0.6228	-0.6670	0.1833	0.6350	0.7456	-0.0382	0.1990	-0.0300	0.0766	0.0026	
14.9549	-26.8320	4.1452	0.6231	-0.6664	0.1825	0.6474	0.7454	-0.0362	0.1551	-0.0316	0.0759	0.0031	
15.0191	-26.8860	4.1578	0.6233	-0.6656	0.1822	0.6592	0.7433	-0.0327	0.1090	-0.0333	0.0753	0.0036	
15.0790	-26.9467	4.1683	0.6231	-0.6653	0.1816	0.6707	0.7385	-0.0285	0.0649	-0.0349	0.0747	0.0037	
15.1480	-27.0086	4.1876	0.6235	-0.6650	0.1817	0.6825	0.7302	-0.0219	0.0136	-0.0368	0.0743	0.0037	
15.2116	-27.0702	4.2021	0.6236	-0.6648	0.1814	0.6918	0.7213	-0.0144	-0.0310	-0.0382	0.0738	0.0034	
15.2742	-27.1296	4.2169	0.6236	-0.6644	0.1812	0.7027	0.7072	-0.0040	-0.0775	-0.0398	0.0734	0.0026	
15.3338	-27.1880	4.2380	0.6235	-0.6639	0.1813	0.7147	0.6884	0.0086	-0.1239	-0.0415	0.0729	0.0014	
15.3918	-27.2516	4.2585	0.6232	-0.6638	0.1814	0.7251	0.6672	0.0240	-0.1691	-0.0428	0.0726	-0.0001	
15.4533	-27.3243	4.2816	0.6231	-0.6642	0.1817	0.7331	0.6455	0.0413	-0.2107	-0.0437	0.0723	-0.0018	
15.5127	-27.3919	4.3064	0.6229	-0.6643	0.1821	0.7408	0.6207	0.0615	-0.2501	-0.0443	0.0721	-0.0039	
15.5778	-27.4634	4.3291	0.6231	-0.6646	0.1823	0.7473	0.5944	0.0823	-0.2862	-0.0446	0.0719	-0.0060	
15.6427	-27.5346	4.3518	0.6232	-0.6649	0.1826	0.7502	0.5669	0.1008	-0.3251	-0.0451	0.0718	-0.0079	
15.7057	-27.6032	4.3750	0.6232	-0.6650	0.1829	0.7524	0.5395	0.1224	-0.3582	-0.0449	0.0717	-0.0099	
15.7729	-27.6677	4.4046	0.6234	-0.6649	0.1835	0.7514	0.5073	0.1489	-0.3947	-0.0447	0.0722	-0.0122	
15.8357	-27.7278	4.4339	0.6234	-0.6646	0.1842	0.7491	0.4742	0.1769	-0.4275	-0.0442	0.0727	-0.0145	
15.9055	-27.7988	4.4647	0.6238	-0.6648	0.1849	0.7459	0.4397	0.2056	-0.4564	-0.0432	0.0732	-0.0169	
15.9742	-27.8708	4.4880	0.6241	-0.6652	0.1852	0.7419	0.4061	0.2346	-0.4799	-0.0419	0.0736	-0.0193	
16.0483	-27.9438	4.5155	0.6247	-0.6655	0.1857	0.7342	0.3674	0.2641	-0.5063	-0.0407	0.0743	-0.0217	
16.1241	-28.0133	4.5389	0.6255	-0.6657	0.1860	0.7250	0.3311	0.2942	-0.5277	-0.0391	0.0750	-0.0238	
16.1937	-28.0802	4.5682	0.6258	-0.6657	0.1867	0.7138	0.2931	0.3232	-0.5480	-0.0375	0.0758	-0.0259	
16.2696	-28.1476	4.5905	0.6265	-0.6657	0.1869	0.6967	0.2527	0.3578	-0.5680	-0.0356	0.0771	-0.0278	
16.3443	-28.2169	4.6123	0.6272	-0.6659	0.1871	0.6826	0.2163	0.3874	-0.5811	-0.0334	0.0778	-0.0295	
16.4251	-28.2801	4.6346	0.6282	-0.6657	0.1873	0.6621	0.1784	0.4206	-0.5941	-0.0312	0.0790	-0.0309	
16.5025	-28.3511	4.6543	0.6290	-0.6659	0.1874	0.6386	0.1379	0.4532	-0.6063	-0.0289	0.0803	-0.0323	
16.5782	-28.4161	4.6724	0.6296	-0.6658	0.1875	0.6128	0.0986	0.4847	-0.6161	-0.0266	0.0816	-0.0333	
16.6583	-28.4752	4.6903	0.6306	-0.6654	0.1875	0.5847	0.0606	0.5171	-0.6221	-0.0241	0.0830	-0.0341	
16.7353	-28.5383	4.7064	0.6313	-0.6652	0.1873	0.5538	0.0252	0.5459	-0.6281	-0.0220	0.0842	-0.0344	
16.8068	-28.5994	4.7260	0.6318	-0.6649	0.1874	0.5258	-0.0091	0.5714	-0.6303	-0.0198	0.0851	-0.0347	
16.8771	-28.6663	4.7420	0.6322	-0.6649	0.1873	0.4895	-0.0478	0.5984	-0.6321	-0.0176	0.0865	-0.0350	
16.9575	-28.7300	4.7519	0.6331	-0.6647	0.1869	0.4455	-0.0843	0.6245	-0.6353	-0.0160	0.0882	-0.0347	
17.0319	-28.7932	4.7666	0.6337	-0.6645	0.1867	0.4068	-0.1162	0.6455	-0.6357	-0.0144	0.0893	-0.0342	
17.1072	-28.8618	4.7807	0.6344	-0.6647	0.1865	0.3633	-0.1472	0.6657	-0.6347	-0.0130	0.0905	-0.0335	
17.1802	-28.9285	4.7939	0.6349	-0.6647	0.1862	0.3195	-0.1753	0.6859	-0.6299	-0.0116	0.0917	-0.0325	
17.2493	-28.9899	4.8108	0.6352	-0.6644	0.1862	0.2762	-0.2030	0.7005	-0.6259	-0.0106	0.0925	-0.0316	
17.3151	-29.0585	4.8207	0.6353	-0.6645	0.1857	0.2340	-0.2259	0.7141	-0.6202	-0.0097	0.0932	-0.0303	
17.3816	-29.1254	4.8346	0.6355	-0.6645	0.1855	0.1852	-0.2470	0.7272	-0.6131	-0.0092	0.0942	-0.0287	
17.4493	-29.1897	4.8487	0.6358	-0.6644	0.1853	0.1376	-0.2632	0.7381	-0.6061	-0.0090	0.0949	-0.0269	
17.5156	-29.2536	4.8610	0.6359	-0.6643	0.1849	0.0882	-0.2794	0.7461	-0.5981	-0.0091	0.0956	-0.0251	
17.5793	-29.3266	4.8773	0.6360	-0.6647	0.1848	0.0405	-0.2936	0.7520	-0.5892	-0.0093	0.0961	-0.0234	
17.6628	-29.3954	4.9033	0.6370	-0.6648	0.1852	0.0104	0.3056	-0.7549	0.5804	-0.0085	0.0955	-0.0251	
17.7454	-29.4642	4.9290	0.6380	-0.6649	0.1856	0.0593	0.3195	-0.7545	0.5704	-0.0083	0.0949	-0.0266	
17.8209	-29.5289	4.9556	0.6386	-0.6648	0.1860	0.1062	0.3324	-0.7499	0.5624	-0.0081	0.0945	-0.0277	
17.8959	-29.6024	4.9868	0.6391	-0.6652	0.1866	0.1522	0.3424	-0.7439	0.5539	-0.0083	0.0942	-0.0289	
17.9660	-29.6731	5.0153	0.6394	-0.6654	0.1871	0.1974	0.3508	-0.7347	0.5466	-0.0085	0.0939	-0.0300	
18.0425	-29.7419	5.0406	0.6401	-0.6655	0.1874	0.2459	0.3594	-0.7198	0.5407	-0.0086	0.0935	-0.0311	
18.1182	-29.8059	5.0614	0.6406	-0.6654	0.1875	0.2922	0.3671	-0.7042	0.5331	-0.0091	0.0931	-0.0320	
18.1901	-29.8727	5.0877	0.6410	-0.6654	0.1879	0.3382	0.3713	-0.6858	0.5271	-0.0096	0.0928	-0.0330	
18.2587	-29.9340	5.1086	0.6412	-0.6651	0.1880	0.3835	0.3762	-0.6639	0.5204	-0.0101	0.0925	-0.0339	
18.3248	-29.9941	5.1296	0.6413	-0.6648	0.1881	0.4266	0.3806	-0.6401	0.5135	-0.0106	0.0922	-0.0346	
18.3949	-30.0542	5.1443	0.6416	-0.6645	0.1878	0.4696	0.3838	-0.6105	0.5094	-0.0107	0.0921	-0.0357	
18.4635	-30.1167	5.1654	0.6418	-0.6643	0.1879	0.5097	0.3843	-0.5819	0.5042	-0.0111	0.0918	-0.0367	
18.5377	-30.1774	5.1859	0.6423	-0.6640	0.1880	0.5506	0.3830	-0.5488	0.4991	-0.0115	0.0915	-0.0378	
18.6063	-30.2388	5.2027	0.6425	-0.6637	0.1879	0.5888	0.3820	-0.5125	0.4948	-0.0116	0.0914	-0.0390	
18.6690	-30.2993	5.2190	0.6424	-0.6634	0.1877	0.6243	0.3834	-0.4738	0.4885	-0.0115	0.0914	-0.0399	
18.7385	-30.3585	5.2341	0.6427	-0.6631	0.1875	0.6561	0.3867	-0.4317	0.4832	-0.0109	0.0914	-0.0408	
18.8085	-30.4232	5.2495	0.6430	-0.6630	0.1874	0.6854	0.3878	-0.3889	0.4780	-0.0104	0.0913	-0.0417	
18.8750	-30.4833	5.2611	0.6430	-0.6627	0.1870	0.7109	0.3923	-0.3401	0.4741	-0.0093	0.0914	-0.0428	
18.9388	-30.5438	5.2774	0.6430	-0.6624	0.1869	0.7336	0.3964	-0.2940	0.4671	-0.0083	0.0913	-0.0435	
19.0006	-30.6001	5.2965	0.6429	-0.6619	0.1869	0.7531	0.4013	-0.2464	0.4594	-0.0072	0.0913	-0.0440	
19.0639	-30.6570	5.3098	0.6428	-0.6614	0.1867	0.7688	0.4095	-0.1954	0.4504	-0.0057	0.0915	-0.0445	
19.1273	-30.7116	5.3220	0.6428	-0.6608	0.1863	0.7808	0.4196	-0.1413	0.4405	-0.0039	0.0919	-0.0450	
19.1881	-30.7614	5.3413	0.6426	-0.6600	0.1864	0.7898	0.4325	-0.0922	0.4250	-0.0023	0.0922	-0.0447	
19.2522	-30.8172	5.3588	0.6426	-0.6595	0.1863	0.7956	0.4440	-0.0405	0.4101	-0.0005	0.0925	-0.0446	
19.3195	-30.8755	5.3736	0.6427	-0.6591	0.1862	0.7986	0.4593	0.0054	0.3894	0.0011	0.0927	-0.0437	
19.3798	-30.9359	5.3982	0.6425	-0.6588	0.1865	0.7998	0.4748	0.0556	0.3627	0.0027	0.0937	-0.0427	
19.4485	-30.9911	5.4077	0.6428	-0.6582	0.1861	0.7982	0.4931	0.0962	0.3337	0.0041	0.0940	-0.0409	
19.5177	-31.0497	5.4299	0.6430	-0.6579	0.1862	0.7936	0.5087	0.1405	0.3035	0.0055	0.0947	-0.0394	
19.5882	-31.1100	5.4508	0.6433	-0.6576	0.1864	0.7877	0.5252	0.1765	0.2717	0.0066	0.0949	-0.0373	
19.6562	-31.1725	5.4642	0.6435	-0.6574	0.1861	0.7787	0.5408	0.2132	0.2381	0.0076	0.0953	-0.0353	
19.7223	-31.2271	5.4877	0.6436	-0.6568	0.1864	0.7694	0.5538	0.2477	0.2023	0.0083	0.0957	-0.0332	
19.7868	-31.2844	5.5051	0.6436	-0.6564	0.1863	0.7570	0.5677	0.2804	0.1646	0.0089	0.0962	-0.0308	
19.8573	-31.3400	5.5222	0.6439	-0.6559	0.1863	0.7427	0.5809	0.3103	0.1261	0.0093	0.0966	-0.0284	
19.9293	-31.3974	5.5380	0.6443	-0.6555	0.1862	0.7281	0.5927	0.3361	0.0836	0.0092	0.0971	-0.0256	
20.0045	-31.4518	5.5578	0.6448	-0.6549	0.1862	0.7095	0.6053	0.3604	0.0432	0.0092	0.0974	-0.0228	
20.0782	-31.5115	5.5777	0.6453	-0.6546	0.1863	0.6889	0.6158	0.3841	0.0026	0.0090	0.0978	-0.0202	
20.1526	-31.5748	5.5927	0.6457	-0.6545	0.1861	0.6675	0.6235	0.4064	-0.0414	0.0085	0.0984	-0.0176	
20.2319	-31.6426	5.6049	0.6464	-0.6546	0.1858	0.6457	0.6321	0.4218	-0.0858	0.0075	0.0986	-0.0146	
20.3061	-31.7040	5.6192	0.6469	-0.6544	0.1856	0.6229	0.6359	0.4382	-0.1301	0.0064	0.0990	-0.0121	
20.3883	-31.7687	5.6361	0.6477	-0.6543	0.1856	0.5973	0.6406	0.4509	-0.1758	0.0051	0.0993	-0.0093	
20.4664	-31.8314	5.6511	0.6483	-0.6542	0.1854	0.5685	0.6430	0.4628	-0.2240	0.0034	0.1000	-0.0065	
20.5412	-31.8937	5.6647	0.6488	-0.6540	0.1852	0.5399	0.6418	0.4746	-0.2687	0.0019	0.1004	-0.0042	
20.6183	-31.9614	5.6727	0.6494	-0.6541	0.1847	0.5081	0.6400	0.4826	-0.3166	-0.0000	0.1009	-0.0016	
20.6945	-32.0275	5.6823	0.6499	-0.6541	0.1843	0.4758	0.6391	0.4860	-0.3610	-0.0021	0.1011	0.0010	
20.7706	-32.0986	5.6892	0.6504	-0.6544	0.1838	0.4438	0.6356	0.4866	-0.4046	-0.0044	0.1012	0.0033	
20.8446	-32.1687	5.6924	0.6508	-0.6546	0.1831	0.4089	0.6256	0.4887	-0.4508	-0.0067	0.1016	0.0053	
20.9173	-32.2402	5.6954	0.6512	-0.6548	0.1824	0.3727	0.6175	0.4848	-0.4958	-0.0095	0.1018	0.0075	
20.9866	-32.3106	5.6996	0.6514	-0.6550	0.1817	0.3376	0.6030	0.4813	-0.5398	-0.0121	0.1020	0.0091	
21.0513	-32.3758	5.7074	0.6513	-0.6550	0.1813	0.3026	0.5870	0.4763	-0.5811	-0.0147	0.1020	0.0105	
21.1150	-32.4478	5.7129	0.6513	-0.6553	0.1807	0.2673	0.5695	0.4672	-0.6219	-0.0176	0.1020	0.0118	
21.1821	-32.5160	5.7162	0.6514	-0.6554	0.1800	0.2302	0.5452	0.4614	-0.6610	-0.0200	0.1022	0.0125	
21.2449	-32.5864	5.7167	0.6513	-0.6556	0.1792	0.1914	0.5201	0.4504	-0.7002	-0.0228	0.1024	0.0134	
21.3031	-32.6563	5.7214	0.6510	-0.6558	0.1786	0.1547	0.4936	0.4363	-0.7366	-0.0257	0.1024	0.0139	
21.3567	-32.7241	5.7266	0.6504	-0.6559	0.1781	0.1216	0.4662	0.4236	-0.7676	-0.0280	0.1020	0.0141	
21.4127	-32.7893	5.7367	0.6500	-0.6558	0.1777	0.0890	0.4352	0.4130	-0.7954	-0.0298	0.1018	0.0140	
21.4646	-32.8532	5.7402	0.6495	-0.6557	0.1771	0.0538	0.3979	0.4007	-0.8235	-0.0317	0.1019	0.0135	
21.5201	-32.9083	5.7299	0.6490	-0.6553	0.1759	0.0256	0.3619	0.3874	-0.8480	-0.0304	0.1021	0.0147	
21.5731	-32.9723	5.7391	0.6485	-0.6552	0.1755	0.0056	-0.3229	-0.3752	0.8691	-0.0318	0.1020	0.0140	
21.6232	-33.0318	5.7495	0.6479	-0.6549	0.1752	0.0346	-0.2784	-0.3654	0.8876	-0.0327	0.1021	0.0129	
21.6754	-33.0938	5.7624	0.6473	-0.6547	0.1750	0.0599	-0.2343	-0.3550	0.9033	-0.0333	0.1021	0.0115	
21.7304	-33.1584	5.7738	0.6469	-0.6547	0.1747	0.0851	-0.1844	-0.3449	0.9164	-0.0336	0.1024	0.0100	
21.7782	-33.2137	5.7918	0.6461	-0.6542	0.1747	0.1077	-0.1351	-0.3360	0.9261	-0.0335	0.1025	0.0084	
21.8313	-33.2741	5.8064	0.6456	-0.6540	0.1746	0.1264	-0.0874	-0.3274	0.9327	-0.0330	0.1025	0.0068	
21.8877	-33.3362	5.8242	0.6453	-0.6538	0.1746	0.1485	-0.0359	-0.3214	0.9346	-0.0323	0.1029	0.0055	
21.9416	-33.3958	5.8455	0.6448	-0.6536	0.1748	0.1676	0.0118	-0.3139	0.9348	-0.0316	0.1029	0.0043	
21.9984	-33.4544	5.8628	0.6445	-0.6533	0.1748	0.1827	0.0613	-0.3062	0.9327	-0.0305	0.1030	0.0028	
22.0573	-33.5092	5.8824	0.6442	-0.6528	0.1749	0.1953	0.1088	-0.3002	0.9279	-0.0290	0.1030	0.0015	
22.1201	-33.5667	5.8967	0.6441	-0.6524	0.1748	0.2132	0.1573	-0.2940	0.9185	-0.0279	0.1032	0.0008	
22.1809	-33.6249	5.9157	0.6440	-0.6521	0.1748	0.2295	0.2023	-0.2886	0.9077	-0.0268	0.1031	0.0002	
22.2445	-33.6869	5.9364	0.6439	-0.6520	0.1750	0.2461	0.2452	-0.2865	0.8933	-0.0257	0.1029	0.0002	
22.3108	-33.7465	5.9562	0.6440	-0.6517	0.1751	0.2665	0.2899	-0.2860	0.8737	-0.0246	0.1030	0.0007	
22.3731	-33.8031	5.9786	0.6439	-0.6514	0.1753	0.2884	0.3337	-0.2862	0.8507	-0.0238	0.1032	0.0015	
22.4409	-33.8598	5.9991	0.6441	-0.6510	0.1754	0.3065	0.3699	-0.2869	0.8295	-0.0231	0.1027	0.0024	
22.5018	-33.9207	6.0211	0.6440	-0.6508	0.1756	0.3295	0.4084	-0.2861	0.8019	-0.0228	0.1026	0.0035	
22.5686	-33.9793	6.0452	0.6441	-0.6505	0.1759	0.3497	0.4451	-0.2877	0.7728	-0.0224	0.1024	0.0048	
22.6342	-34.0420	6.0697	0.6441	-0.6504	0.1762	0.3766	0.4796	-0.2903	0.7376	-0.0228	0.1023	0.0068	
22.7017	-34.1069	6.0943	0.6443	-0.6504	0.1764	0.4032	0.5062	-0.2970	0.7028	-0.0237	0.1015	0.0092	
22.7677	-34.1700	6.1229	0.6443	-0.6503	0.1769	0.4315	0.5321	-0.3057	0.6617	-0.0248	0.1010	0.0120	
22.8331	-34.2389	6.1453	0.6444	-0.6505	0.1771	0.4598	0.5545	-0.3131	0.6195	-0.0262	0.1003	0.0147	
22.9015	-34.3060	6.1694	0.6446	-0.6506	0.1773	0.4883	0.5740	-0.3216	0.5739	-0.0280	0.0995	0.0175	
22.9623	-34.3741	6.1933	0.6444	-0.6507	0.1776	0.5164	0.5894	-0.3277	0.5284	-0.0300	0.0986	0.0199	
23.0254	-34.4417	6.2104	0.6444	-0.6508	0.1775	0.5432	0.5990	-0.3356	0.4847	-0.0322	0.0972	0.0223	
23.0855	-34.5100	6.2324	0.6442	-0.6509	0.1777	0.5694	0.6076	-0.3432	0.4357	-0.0346	0.0960	0.0248	
23.1476	-34.5800	6.2564	0.6442	-0.6511	0.1779	0.5930	0.6160	-0.3481	0.3851	-0.0368	0.0949	0.0270	
23.2081	-34.6543	6.2745	0.6440	-0.6515	0.1779	0.6188	0.6176	-0.3548	0.3328	-0.0397	0.0936	0.0292	
23.2691	-34.7203	6.2914	0.6439	-0.6516	0.1779	0.6397	0.6208	-0.3570	0.2801	-0.0420	0.0925	0.0309	
23.3311	-34.7887	6.3113	0.6438	-0.6517	0.1780	0.6606	0.6183	-0.3587	0.2322	-0.0445	0.0909	0.0321	
23.3891	-34.8606	6.3320	0.6436	-0.6520	0.1781	0.6829	0.6115	-0.3588	0.1780	-0.0476	0.0895	0.0334	
23.4445	-34.9362	6.3552	0.6432	-0.6524	0.1783	0.7028	0.6011	-0.3609	0.1251	-0.0507	0.0879	0.0346	
23.5029	-35.0106	6.3770	0.6430	-0.6528	0.1784	0.7193	0.5902	-0.3603	0.0759	-0.0533	0.0862	0.0353	
23.5560	-35.0820	6.3956	0.6425	-0.6530	0.1784	0.7352	0.5791	-0.3527	0.0258	-0.0556	0.0850	0.0354	
23.6106	-35.1539	6.4137	0.6422	-0.6533	0.1785	0.7491	0.5666	-0.3427	-0.0281	-0.0580	0.0840	0.0354	
23.6666	-35.2223	6.4354	0.6418	-0.6534	0.1786	0.7629	0.5492	-0.3332	-0.0794	-0.0606	0.0828	0.0352	
23.7199	-35.2912	6.4604	0.6414	-0.6536	0.1789	0.7743	0.5295	-0.3207	-0.1331	-0.0632	0.0818	0.0348	
23.7726	-35.3634	6.4810	0.6410	-0.6539	0.1790	0.7832	0.5099	-0.3102	-0.1786	-0.0652	0.0805	0.0342	
23.8257	-35.4356	6.5054	0.6405	-0.6541	0.1792	0.7886	0.4892	-0.2932	-0.2305	-0.0673	0.0798	0.0335	
23.8853	-35.5107	6.5306	0.6403	-0.6545	0.1795	0.7957	0.4644	-0.2767	-0.2756	-0.0692	0.0789	0.0323	
23.9406	-35.5836	6.5546	0.6400	-0.6548	0.1797	0.8014	0.4417	-0.2547	-0.3154	-0.0703	0.0783	0.0305	
23.9907	-35.6548	6.5811	0.6394	-0.6551	0.1801	0.8038	0.4162	-0.2306	-0.3584	-0.0717	0.0779	0.0288	
24.0491	-35.7253	6.6041	0.6392	-0.6553	0.1802	0.8038	0.3892	-0.2048	-0.4015	-0.0729	0.0778	0.0271	
24.1056	-35.7965	6.6270	0.6389	-0.6555	0.1804	0.8051	0.3641	-0.1801	-0.4346	-0.0734	0.0774	0.0251	
24.1634	-35.8637	6.6534	0.6387	-0.6556	0.1808	0.8012	0.3350	-0.1485	-0.4738	-0.0742	0.0778	0.0231	
24.2213	-35.9293	6.6780	0.6384	-0.6556	0.1810	0.7987	0.3046	-0.1141	-0.5075	-0.0746	0.0783	0.0206	
24.2835	-36.0016	6.7063	0.6384	-0.6558	0.1814	0.7928	0.2746	-0.0786	-0.5394	-0.0748	0.0790	0.0182	
24.3459	-36.0717	6.7304	0.6383	-0.6560	0.1816	0.7862	0.2467	-0.0439	-0.5663	-0.0744	0.0796	0.0159	
24.4081	-36.1427	6.7550	0.6382	-0.6562	0.1819	0.7770	0.2184	-0.0063	-0.5915	-0.0739	0.0805	0.0137	
24.4734	-36.2121	6.7819	0.6383	-0.6564	0.1822	0.7646	0.1900	0.0361	-0.6156	-0.0731	0.0818	0.0115	
24.5369	-36.2816	6.8045	0.6382	-0.6565	0.1824	0.7537	0.1629	0.0792	-0.6331	-0.0717	0.0833	0.0092	
24.6036	-36.3507	6.8295	0.6383	-0.6566	0.1827	0.7382	0.1338	0.1227	-0.6506	-0.0705	0.0848	0.0070	
24.6677	-36.4169	6.8499	0.6383	-0.6567	0.1828	0.7248	0.1055	0.1651	-0.6620	-0.0688	0.0862	0.0048	
24.7359	-36.4868	6.8707	0.6385	-0.6568	0.1829	0.7049	0.0762	0.2081	-0.6746	-0.0674	0.0877	0.0029	
24.8043	-36.5576	6.8883	0.6387	-0.6570	0.1828	0.6853	0.0490	0.2510	-0.6829	-0.0656	0.0892	0.0012	
24.8708	-36.6246	6.9094	0.6387	-0.6570	0.1830	0.6628	0.0233	0.2951	-0.6887	-0.0637	0.0909	-0.0002	
24.9380	-36.6883	6.9284	0.6389	-0.6570	0.1830	0.6350	-0.0024	0.3383	-0.6950	-0.0620	0.0925	-0.0013	
25.0067	-36.7519	6.9478	0.6390	-0.6569	0.1831	0.6037	-0.0255	0.3820	-0.6996	-0.0603	0.0941	-0.0019	
25.0722	-36.8171	6.9622	0.6391	-0.6569	0.1829	0.5717	-0.0428	0.4195	-0.7045	-0.0588	0.0949	-0.0018	
25.1375	-36.8813	6.9784	0.6391	-0.6568	0.1828	0.5374	-0.0615	0.4587	-0.7055	-0.0572	0.0961	-0.0018	
25.1992	-36.9460	6.9943	0.6390	-0.6567	0.1828	0.5012	-0.0784	0.4948	-0.7061	-0.0558	0.0970	-0.0016	
25.2594	-37.0099	7.0124	0.6389	-0.6567	0.1828	0.4602	-0.0939	0.5276	-0.7081	-0.0549	0.0975	-0.0010	
25.3220	-37.0667	7.0278	0.6389	-0.6563	0.1827	0.4165	-0.1063	0.5577	-0.7103	-0.0543	0.0978	0.0000	
25.3818	-37.1223	7.0462	0.6387	-0.6560	0.1827	0.3721	-0.1167	0.5859	-0.7107	-0.0539	0.0979	0.0011	
25.4407	-37.1836	7.0612	0.6385	-0.6558	0.1825	0.3227	-0.1237	0.6139	-0.7098	-0.0537	0.0981	0.0027	
25.4995	-37.2425	7.0747	0.6383	-0.6555	0.1824	0.2804	-0.1300	0.6362	-0.7077	-0.0533	0.0977	0.0039	
25.5605	-37.3040	7.0927	0.6382	-0.6554	0.1823	0.2332	-0.1329	0.6560	-0.7060	-0.0535	0.0971	0.0054	
25.6175	-37.3634	7.1090	0.6380	-0.6552	0.1823	0.1797	-0.1321	0.6728	-0.7058	-0.0545	0.0962	0.0073	
25.6753	-37.4202	7.1302	0.6378	-0.6549	0.1824	0.1341	-0.1326	0.6848	-0.7049	-0.0550	0.0950	0.0085	
25.7328	-37.4788	7.1500	0.6376	-0.6546	0.1824	0.0850	-0.1331	0.6936	-0.7036	-0.0560	0.0937	0.0096	
25.7980	-37.5352	7.1511	0.6376	-0.6543	0.1818	0.0392	-0.1337	0.6965	-0.7050	-0.0551	0.0954	0.0096	
25.8542	-37.5876	7.1699	0.6373	-0.6538	0.1818	0.0071	0.1336	-0.6986	0.7041	-0.0562	0.0937	0.0103	
25.9143	-37.6414	7.1871	0.6372	-0.6534	0.1818	0.0583	0.1324	-0.6972	0.7030	-0.0578	0.0920	0.0110	
25.9726	-37.6970	7.2021	0.6370	-0.6530	0.1816	0.1049	0.1343	-0.6926	0.7020	-0.0589	0.0903	0.0110	
26.0309	-37.7558	7.2191	0.6368	-0.6528	0.1816	0.1540	0.1366	-0.6851	0.6996	-0.0603	0.0887	0.0109	
26.0953	-37.8114	7.2360	0.6369	-0.6524	0.1815	0.1998	0.1408	-0.6762	0.6960	-0.0612	0.0873	0.0104	
26.1572	-37.8668	7.2508	0.6368	-0.6521	0.1814	0.2401	0.1463	-0.6645	0.6939	-0.0617	0.0857	0.0094	
26.2213	-37.9235	7.2662	0.6368	-0.6518	0.1813	0.2831	0.1574	-0.6483	0.6902	-0.0621	0.0847	0.0078	
26.2801	-37.9828	7.2796	0.6366	-0.6516	0.1811	0.3277	0.1667	-0.6299	0.6851	-0.0628	0.0837	0.0063	
26.3393	-38.0473	7.2938	0.6364	-0.6516	0.1809	0.3713	0.1763	-0.6103	0.6780	-0.0632	0.0828	0.0048	
26.4000	-38.1085	7.3095	0.6363	-0.6514	0.1808	0.4122	0.1896	-0.5875	0.6710	-0.0633	0.0822	0.0028	
26.4666	-38.1666	7.3218	0.6364	-0.6512	0.1806	0.4528	0.2060	-0.5600	0.6634	-0.0631	0.0820	0.0002	
26.5277	-38.2299	7.3379	0.6363	-0.6511	0.1805	0.4895	0.2207	-0.5317	0.6562	-0.0628	0.0816	-0.0022	
26.5926	-38.2921	7.3524	0.6363	-0.6510	0.1804	0.5208	0.2403	-0.5007	0.6499	-0.0616	0.0815	-0.0051	
26.6537	-38.3552	7.3674	0.6362	-0.6509	0.1803	0.5557	0.2595	-0.4674	0.6375	-0.0608	0.0817	-0.0076	
26.7120	-38.4200	7.3819	0.6360	-0.6509	0.1802	0.5893	0.2766	-0.4316	0.6252	-0.0601	0.0820	-0.0102	
26.7709	-38.4855	7.3980	0.6359	-0.6509	0.1801	0.6171	0.3008	-0.3949	0.6116	-0.0584	0.0827	-0.0129	
26.8353	-38.5451	7.4147	0.6359	-0.6507	0.1800	0.6399	0.3267	-0.3564	0.5988	-0.0562	0.0834	-0.0157	
26.8985	-38.6077	7.4323	0.6358	-0.6506	0.1800	0.6638	0.3504	-0.3159	0.5812	-0.0543	0.0844	-0.0182	
26.9607	-38.6736	7.4508	0.6358	-0.6507	0.1801	0.6817	0.3770	-0.2729	0.5659	-0.0518	0.0854	-0.0210	
27.0233	-38.7400	7.4683	0.6357	-0.6507	0.1800	0.7000	0.3997	-0.2312	0.5455	-0.0497	0.0863	-0.0231	
27.0868	-38.8074	7.4849	0.6357	-0.6508	0.1800	0.7142	0.4240	-0.1864	0.5258	-0.0472	0.0875	-0.0254	
27.1511	-38.8683	7.5019	0.6357	-0.6506	0.1800	0.7230	0.4502	-0.1425	0.5055	-0.0443	0.0886	-0.0274	
27.2181	-38.9320	7.5181	0.6358	-0.6506	0.1799	0.7273	0.4723	-0.1019	0.4894	-0.0413	0.0892	-0.0292	
27.2848	-38.9949	7.5373	0.6359	-0.6505	0.1800	0.7308	0.4981	-0.0619	0.4639	-0.0383	0.0904	-0.0302	
27.3473	-39.0530	7.5612	0.6359	-0.6503	0.1802	0.7328	0.5214	-0.0207	0.4378	-0.0355	0.0915	-0.0312	
27.4154	-39.1138	7.5837	0.6360	-0.6501	0.1803	0.7337	0.5443	0.0178	0.4071	-0.0329	0.0926	-0.0317	
27.4846	-39.1755	7.6028	0.6362	-0.6500	0.1804	0.7315	0.5666	0.0573	0.3757	-0.0302	0.0938	-0.0321	
27.5502	-39.2359	7.6208	0.6363	-0.6498	0.1804	0.7276	0.5876	0.0950	0.3419	-0.0277	0.0949	-0.0321	
27.6180	-39.2962	7.6391	0.6364	-0.6497	0.1804	0.7187	0.6109	0.1280	0.3083	-0.0250	0.0960	-0.0315	
27.6834	-39.3544	7.6554	0.6365	-0.6494	0.1803	0.7114	0.6304	0.1554	0.2704	-0.0230	0.0968	-0.0304	
27.7509	-39.4167	7.6785	0.6366	-0.6493	0.1805	0.7016	0.6478	0.1855	0.2336	-0.0211	0.0976	-0.0295	
27.8177	-39.4767	7.6998	0.6367	-0.6491	0.1806	0.6911	0.6634	0.2132	0.1935	-0.0195	0.0984	-0.0283	
27.8829	-39.5361	7.7186	0.6368	-0.6490	0.1807	0.6816	0.6761	0.2360	0.1529	-0.0185	0.0987	-0.0268	
27.9488	-39.5938	7.7385	0.6368	-0.6487	0.1807	0.6707	0.6881	0.2553	0.1125	-0.0177	0.0990	-0.0251	
28.0141	-39.6553	7.7546	0.6369	-0.6486	0.1807	0.6572	0.6993	0.2740	0.0709	-0.0169	0.0993	-0.0232	
28.0824	-39.7151	7.7701	0.6371	-0.6484	0.1806	0.6436	0.7085	0.2897	0.0278	-0.0166	0.0995	-0.0213	
28.1518	-39.7762	7.7903	0.6372	-0.6483	0.1806	0.6277	0.7159	0.3060	-0.0179	-0.0165	0.0999	-0.0194	
28.2192	-39.8335	7.8074	0.6374	-0.6480	0.1806	0.6136	0.7229	0.3150	-0.0579	-0.0167	0.0996	-0.0173	
28.2848	-39.8964	7.8223	0.6374	-0.6479	0.1805	0.6013	0.7276	0.3168	-0.1020	-0.0177	0.0992	-0.0148	
28.3528	-39.9590	7.8393	0.6376	-0.6479	0.1805	0.5869	0.7312	0.3186	-0.1452	-0.0188	0.0987	-0.0125	
28.4227	-40.0204	7.8542	0.6378	-0.6477	0.1803	0.5690	0.7320	0.3237	-0.1910	-0.0197	0.0986	-0.0104	
28.4855	-40.0817	7.8680	0.6378	-0.6476	0.1802	0.5541	0.7314	0.3255	-0.2314	-0.0207	0.0979	-0.0087	
28.5514	-40.1425	7.8842	0.6379	-0.6475	0.1801	0.5368	0.7306	0.3230	-0.2744	-0.0222	0.0974	-0.0065	
28.6172	-40.2038	7.9012	0.6379	-0.6474	0.1801	0.5210	0.7234	0.3217	-0.3203	-0.0239	0.0969	-0.0051	
28.6785	-40.2678	7.9174	0.6379	-0.6473	0.1800	0.5073	0.7189	0.3165	-0.3572	-0.0254	0.0957	-0.0036	
28.7412	-40.3288	7.9326	0.6378	-0.6472	0.1799	0.4926	0.7063	0.3133	-0.4014	-0.0272	0.0951	-0.0027	
28.8052	-40.3944	7.9460	0.6378	-0.6472	0.1798	0.4782	0.6918	0.3110	-0.4437	-0.0288	0.0944	-0.0021	
28.8678	-40.4542	7.9592	0.6378	-0.6471	0.1796	0.4668	0.6735	0.3078	-0.4845	-0.0304	0.0935	-0.0021	
28.9288	-40.5123	7.9704	0.6377	-0.6469	0.1794	0.4528	0.6523	0.3064	-0.5255	-0.0318	0.0929	-0.0021	
28.9899	-40.5725	7.9829	0.6376	-0.6467	0.1792	0.4433	0.6290	0.3052	-0.5619	-0.0329	0.0919	-0.0028	
29.0507	-40.6360	7.9943	0.6375	-0.6467	0.1790	0.4305	0.6024	0.3055	-0.5992	-0.0338	0.0913	-0.0035	
29.1118	-40.6996	8.0085	0.6374	-0.6466	0.1788	0.4162	0.5728	0.3122	-0.6337	-0.0339	0.0910	-0.0044	
29.1698	-40.7647	8.0199	0.6373	-0.6466	0.1786	0.4058	0.5418	0.3128	-0.6669	-0.0344	0.0904	-0.0057	
29.2267	-40.8291	8.0323	0.6370	-0.6466	0.1784	0.3962	0.5046	0.3203	-0.6974	-0.0340	0.0901	-0.0075	
29.2882	-40.8929	8.0498	0.6370	-0.6466	0.1784	0.3875	0.4667	0.3295	-0.7240	-0.0333	0.0898	-0.0094	
29.3481	-40.9550	8.0642	0.6368	-0.6465	0.1783	0.3791	0.4289	0.3407	-0.7465	-0.0320	0.0895	-0.0112	
29.4101	-41.0235	8.0790	0.6368	-0.6466	0.1782	0.3703	0.3872	0.3505	-0.7687	-0.0308	0.0893	-0.0131	
29.4678	-41.0874	8.0947	0.6366	-0.6466	0.1782	0.3595	0.3467	0.3585	-0.7891	-0.0298	0.0892	-0.0148	
29.5321	-41.1521	8.1089	0.6366	-0.6466	0.1780	0.3462	0.3039	0.3709	-0.8066	-0.0282	0.0893	-0.0162	
29.5938	-41.2110	8.1233	0.6365	-0.6464	0.1779	0.3308	0.2576	0.3872	-0.8213	-0.0261	0.0898	-0.0176	
29.6592	-41.2741	8.1390	0.6366	-0.6463	0.1779	0.3172	0.2131	0.4038	-0.8316	-0.0238	0.0901	-0.0189	
29.7244	-41.3384	8.1579	0.6366	-0.6463	0.1779	0.3046	0.1663	0.4198	-0.8390	-0.0214	0.0904	-0.0202	
29.7892	-41.4028	8.1758	0.6366	-0.6463	0.1779	0.2919	0.1189	0.4348	-0.8439	-0.0189	0.0907	-0.0215	
29.8516	-41.4711	8.1950	0.6366	-0.6464	0.1780	0.2777	0.0730	0.4531	-0.8444	-0.0161	0.0911	-0.0222	
29.9157	-41.5362	8.2117	0.6366	-0.6464	0.1780	0.2577	0.0253	0.4690	-0.8444	-0.0137	0.0917	-0.0227	
29.9823	-41.5991	8.2304	0.6367	-0.6464	0.1780	0.2352	-0.0226	0.4854	-0.8417	-0.0113	0.0924	-0.0228	
30.0475	-41.6626	8.2487	0.6367	-0.6463	0.1780	0.2158	-0.0680	0.5015	-0.8353	-0.0088	0.0929	-0.0228	
30.1157	-41.7293	8.2690	0.6369	-0.6464	0.1781	0.1959	-0.1102	0.5188	-0.8253	-0.0063	0.0933	-0.0224	
30.1851	-41.7955	8.2881	0.6371	-0.6464	0.1781	0.1697	-0.1533	0.5343	-0.8139	-0.0043	0.0939	-0.0216	
30.2509	-41.8592	8.3063	0.6371	-0.6464	0.1782	0.1454	-0.1893	0.5482	-0.8021	-0.0026	0.0941	-0.0206	
30.3175	-41.9287	8.3245	0.6372	-0.6465	0.1782	0.1169	-0.2210	0.5639	-0.7877	-0.0012	0.0943	-0.0188	
30.3796	-41.9971	8.3390	0.6372	-0.6467	0.1781	0.0855	-0.2548	0.5776	-0.7711	-0.0001	0.0947	-0.0170	
30.4463	-42.0662	8.3536	0.6373	-0.6468	0.1780	0.0503	-0.2890	0.5913	-0.7514	0.0009	0.0953	-0.0150	
30.5197	-42.1330	8.3870	0.6376	-0.6469	0.1785	0.0147	-0.3169	0.6028	-0.7326	0.0008	0.0951	-0.0172	
30.5838	-42.2030	8.4048	0.6376	-0.6470	0.1785	0.0247	0.3432	-0.6143	0.7106	0.0010	0.0956	-0.0146	
30.6504	-42.2700	8.4222	0.6377	-0.6471	0.1785	0.0616	0.3653	-0.6254	0.6876	0.0010	0.0958	-0.0119	
30.7170	-42.3365	8.4385	0.6378	-0.6472	0.1784	0.1009	0.3847	-0.6345	0.6635	0.0006	0.0961	-0.0092	
30.7775	-42.4085	8.4564	0.6377	-0.6474	0.1784	0.1384	0.3994	-0.6426	0.6402	-0.0001	0.0960	-0.0064	
30.8355	-42.4771	8.4733	0.6375	-0.6475	0.1784	0.1790	0.4146	-0.6491	0.6129	-0.0010	0.0962	-0.0037	
30.8993	-42.5489	8.4914	0.6375	-0.6477	0.1784	0.2180	0.4273	-0.6567	0.5829	-0.0020	0.0963	-0.0008	
30.9606	-42.6174	8.5097	0.6375	-0.6478	0.1784	0.2611	0.4367	-0.6600	0.5535	-0.0036	0.0964	0.0020	
31.0177	-42.6924	8.5292	0.6373	-0.6481	0.1785	0.3014	0.4411	-0.6641	0.5245	-0.0054	0.0962	0.0047	
31.0747	-42.7629	8.5434	0.6371	-0.6483	0.1783	0.3455	0.4443	-0.6649	0.4920	-0.0077	0.0963	0.0075	
31.1317	-42.8321	8.5613	0.6369	-0.6484	0.1783	0.3875	0.4448	-0.6645	0.4599	-0.0100	0.0961	0.0100	
31.1868	-42.9013	8.5790	0.6366	-0.6486	0.1783	0.4300	0.4415	-0.6619	0.4282	-0.0126	0.0958	0.0123	
31.2453	-42.9662	8.5974	0.6365	-0.6486	0.1783	0.4726	0.4387	-0.6546	0.3955	-0.0152	0.0956	0.0142	
31.3015	-43.0329	8.6188	0.6363	-0.6486	0.1784	0.5146	0.4346	-0.6461	0.3597	-0.0179	0.0955	0.0161	
31.3597	-43.0992	8.6344	0.6361	-0.6487	0.1784	0.5536	0.4318	-0.6335	0.3259	-0.0203	0.0953	0.0174	
31.4144	-43.1627	8.6535	0.6358	-0.6486	0.1784	0.5941	0.4251	-0.6188	0.2893	-0.0230	0.0952	0.0187	
31.4692	-43.2294	8.6737	0.6356	-0.6487	0.1785	0.6325	0.4193	-0.6007	0.2518	-0.0255	0.0951	0.0198	
31.5254	-43.2946	8.6962	0.6354	-0.6487	0.1786	0.6672	0.4109	-0.5830	0.2160	-0.0279	0.0947	0.0207	
31.5840	-43.3559	8.7124	0.6352	-0.6486	0.1785	0.7008	0.4054	-0.5583	0.1819	-0.0299	0.0946	0.0209	
31.6435	-43.4194	8.7310	0.6351	-0.6486	0.1786	0.7342	0.3950	-0.5328	0.1457	-0.0323	0.0944	0.0212	
31.7030	-43.4803	8.7505	0.6350	-0.6484	0.1786	0.7651	0.3889	-0.5011	0.1093	-0.0341	0.0946	0.0210	
