-1.1654	-11.2617	0.2502	0.0000	0.0000	0.0000	0.0426	0.7695	0.1297	-0.6238	0.0000	0.0000	0.0000	
-0.8024	-11.2305	0.2345	0.0359	0.0031	-0.0016	-0.0514	0.7583	0.2180	-0.6258	0.0043	0.0098	0.0507	
-0.6062	-11.1677	0.3091	0.0875	0.0201	0.0179	0.0303	-0.7786	-0.2730	0.5702	0.0897	-0.1249	0.0563	
-0.5649	-11.1236	0.2786	0.0962	0.0443	0.0055	0.0399	-0.7852	-0.3155	0.5383	0.1159	-0.1665	0.0457	
-0.5313	-11.1385	0.2543	0.1121	0.0334	-0.0154	0.0173	-0.7875	-0.3991	0.4701	0.1085	-0.1704	0.0483	
-0.4918	-11.0888	0.2598	0.1437	0.0723	-0.0244	0.0088	0.7761	0.4648	-0.4385	0.1218	-0.1056	0.0323	
-0.4430	-11.0370	0.3901	0.1819	0.1108	0.1144	-0.0201	0.7466	0.5463	-0.3877	0.1281	-0.0691	0.0919	
-0.4936	-11.0855	0.4952	0.1054	0.0506	0.2117	0.0213	-0.7149	-0.6116	0.3383	0.1312	-0.0687	0.0838	
-0.5144	-11.1188	0.6025	0.0706	0.0063	0.3095	0.0102	-0.6921	-0.6623	0.2910	0.1210	-0.0677	0.0774	
-0.5874	-11.0137	0.6378	-0.0138	0.1225	0.3106	0.0006	0.6718	0.7013	-0.2448	0.1081	-0.0676	0.0738	
-0.6452	-11.0214	0.7715	-0.0670	0.0967	0.4221	-0.0089	0.6665	0.7223	-0.2011	0.0738	-0.0569	0.0799	
-0.7115	-10.9924	0.8740	-0.1291	0.1170	0.4844	0.0153	-0.6480	-0.7465	0.1529	0.0818	-0.0508	0.0806	
-0.7346	-10.9589	0.9425	-0.1354	0.1360	0.5052	0.0378	-0.6292	-0.7699	0.1079	0.0806	-0.0300	0.0905	
-0.7829	-10.9193	1.0983	-0.1654	0.1620	0.6068	0.0586	-0.6161	-0.7841	0.0771	0.0620	-0.0188	0.0829	
-0.9527	-10.8887	1.2158	-0.2992	0.1743	0.6594	0.1015	-0.6036	-0.7907	0.0544	0.0499	0.0003	0.0847	
-1.1113	-10.9303	1.3324	-0.4116	0.1195	0.7044	0.1404	-0.5935	-0.7927	0.0083	0.0386	0.0011	0.0948	
-1.2161	-10.9696	1.4503	-0.4620	0.0786	0.7442	0.1753	-0.5785	-0.7974	-0.0110	0.0349	0.0072	0.0911	
-1.3578	-10.9969	1.5169	-0.5389	0.0493	0.7381	0.2197	-0.5876	-0.7781	-0.0570	0.0186	0.0080	0.0976	
-1.4743	-10.9518	1.6541	-0.5876	0.0794	0.7856	0.2532	-0.5827	-0.7661	-0.0988	0.0119	0.0067	0.0993	
-1.6371	-10.8892	1.8041	-0.6629	0.1164	0.8364	0.2893	-0.5513	-0.7683	-0.1447	0.0150	0.0056	0.1030	
-1.6854	-10.8645	1.9192	-0.6498	0.1238	0.8578	0.3273	-0.5214	-0.7655	-0.1846	0.0173	0.0065	0.1053	
-1.8097	-10.8014	1.9915	-0.6869	0.1552	0.8483	0.3772	-0.4865	-0.7553	-0.2217	0.0187	0.0102	0.1091	
-1.8775	-10.8105	2.1216	-0.6870	0.1396	0.8772	0.4087	-0.4651	-0.7415	-0.2587	0.0171	0.0100	0.1091	
-2.0295	-10.8112	2.1628	-0.7332	0.1300	0.8499	0.4410	-0.4013	-0.7586	-0.2687	0.0294	0.0127	0.1059	
-2.1381	-10.8094	2.2123	-0.7522	0.1241	0.8302	0.4724	-0.3634	-0.7527	-0.2817	0.0324	0.0153	0.1032	
-2.2672	-10.7994	2.3557	-0.7814	0.1217	0.8641	0.5069	-0.3192	-0.7395	-0.3061	0.0344	0.0170	0.1036	
-2.4306	-10.7612	2.4512	-0.8265	0.1353	0.8689	0.5241	-0.2623	-0.7408	-0.3293	0.0396	0.0147	0.1021	
-2.5370	-10.7661	2.5583	-0.8374	0.1252	0.8800	0.5587	-0.2099	-0.7286	-0.3362	0.0450	0.0179	0.1006	
-2.6606	-10.7930	2.6461	-0.8574	0.1053	0.8810	0.5765	-0.1746	-0.7186	-0.3499	0.0448	0.0174	0.0972	
-2.7496	-10.7967	2.7506	-0.8585	0.0981	0.8896	0.5911	-0.1246	-0.7126	-0.3582	0.0490	0.0157	0.0940	
-2.8497	-10.7829	2.8496	-0.8645	0.0998	0.8948	0.6032	-0.0643	-0.7096	-0.3598	0.0558	0.0132	0.0908	
-2.9666	-10.7632	2.9805	-0.8778	0.1041	0.9135	0.6299	-0.0024	-0.6883	-0.3586	0.0618	0.0155	0.0903	
-3.0684	-10.7417	3.0914	-0.8837	0.1090	0.9224	0.6367	0.0560	-0.6793	-0.3613	0.0657	0.0122	0.0880	
-3.1722	-10.7323	3.2111	-0.8900	0.1081	0.9347	0.6439	0.1175	-0.6716	-0.3484	0.0720	0.0091	0.0838	
-3.2675	-10.7473	3.3105	-0.8926	0.0973	0.9373	0.6522	0.1843	-0.6528	-0.3375	0.0781	0.0075	0.0827	
-3.3628	-10.7371	3.3733	-0.8948	0.0976	0.9251	0.6460	0.2456	-0.6437	-0.3299	0.0813	0.0024	0.0807	
-3.4314	-10.7621	3.4853	-0.8864	0.0834	0.9333	0.6263	0.3075	-0.6392	-0.3257	0.0828	-0.0061	0.0787	
-3.5440	-10.7639	3.6083	-0.8954	0.0792	0.9452	0.6023	0.3718	-0.6365	-0.3084	0.0860	-0.0150	0.0754	
-3.6751	-10.7592	3.7305	-0.9110	0.0780	0.9559	0.5793	0.4378	-0.6254	-0.2856	0.0901	-0.0217	0.0732	
-3.8001	-10.7479	3.8039	-0.9231	0.0788	0.9483	0.5540	0.4853	-0.6212	-0.2712	0.0886	-0.0270	0.0703	
-3.9396	-10.7537	3.9344	-0.9397	0.0736	0.9614	0.5131	0.5427	-0.6141	-0.2565	0.0880	-0.0356	0.0697	
-4.0207	-10.8003	4.0600	-0.9351	0.0543	0.9718	0.4740	0.5964	-0.6032	-0.2366	0.0878	-0.0428	0.0687	
-4.1024	-10.8410	4.1648	-0.9308	0.0381	0.9747	0.4231	0.6443	-0.5962	-0.2267	0.0841	-0.0506	0.0696	
-4.1983	-10.8768	4.2765	-0.9317	0.0247	0.9795	0.3809	0.6921	-0.5742	-0.2137	0.0833	-0.0540	0.0707	
-4.2835	-10.8896	4.3758	-0.9289	0.0194	0.9801	0.3302	0.7312	-0.5611	-0.2055	0.0793	-0.0584	0.0722	
-4.3644	-10.9237	4.4802	-0.9250	0.0080	0.9824	0.2772	0.7758	-0.5279	-0.2038	0.0779	-0.0602	0.0769	
-4.4581	-10.9269	4.5636	-0.9249	0.0063	0.9781	0.2232	0.8032	-0.5127	-0.2105	0.0711	-0.0612	0.0802	
-4.5374	-10.9254	4.6526	-0.9207	0.0062	0.9759	0.1483	0.8289	-0.4966	-0.2121	0.0645	-0.0665	0.0859	
-4.6286	-10.9510	4.7565	-0.9201	-0.0020	0.9780	0.0780	0.8472	-0.4787	-0.2190	0.0576	-0.0686	0.0911	
-4.6920	-10.9911	4.8478	-0.9120	-0.0135	0.9759	0.0238	0.8603	-0.4609	-0.2206	0.0630	-0.0680	0.0904	
-4.7942	-10.9660	4.9452	-0.9149	-0.0061	0.9760	0.0332	-0.8716	0.4346	0.2274	0.0588	-0.0668	0.0934	
-4.8906	-10.9441	5.0516	-0.9160	0.0001	0.9786	0.0807	-0.8785	0.4084	0.2396	0.0548	-0.0628	0.0951	
-4.9912	-10.9593	5.1560	-0.9184	-0.0043	0.9804	0.1433	-0.8808	0.3799	0.2447	0.0503	-0.0627	0.0989	
-5.0917	-10.9344	5.2412	-0.9205	0.0025	0.9771	0.1939	-0.8797	0.3520	0.2576	0.0470	-0.0590	0.1008	
-5.1855	-10.9232	5.3316	-0.9205	0.0052	0.9752	0.2361	-0.8718	0.3257	0.2853	0.0434	-0.0510	0.1029	
-5.2766	-10.9168	5.4219	-0.9199	0.0067	0.9734	0.2768	-0.8614	0.2961	0.3097	0.0409	-0.0442	0.1045	
-5.3468	-10.9342	5.5166	-0.9140	0.0019	0.9727	0.3204	-0.8466	0.2629	0.3358	0.0387	-0.0378	0.1074	
-5.4727	-10.9166	5.6034	-0.9226	0.0062	0.9702	0.3655	-0.8248	0.2242	0.3694	0.0378	-0.0309	0.1116	
-5.5598	-10.8832	5.6855	-0.9210	0.0142	0.9666	0.4034	-0.7976	0.1841	0.4102	0.0381	-0.0219	0.1151	
-5.6829	-10.8660	5.7849	-0.9284	0.0181	0.9674	0.4362	-0.7742	0.1500	0.4347	0.0374	-0.0175	0.1151	
-5.7895	-10.8452	5.8685	-0.9316	0.0226	0.9643	0.4669	-0.7478	0.1050	0.4602	0.0391	-0.0132	0.1158	
-5.8712	-10.8556	5.9780	-0.9287	0.0196	0.9674	0.4903	-0.7193	0.0714	0.4885	0.0392	-0.0073	0.1149	
-5.9777	-10.8646	6.0523	-0.9318	0.0171	0.9621	0.5137	-0.6894	0.0296	0.5102	0.0404	-0.0038	0.1145	
-6.0969	-10.8494	6.1699	-0.9376	0.0201	0.9672	0.5214	-0.6653	-0.0118	0.5360	0.0441	-0.0004	0.1107	
-6.1724	-10.8546	6.2639	-0.9334	0.0186	0.9667	0.5295	-0.6462	-0.0505	0.5494	0.0462	0.0004	0.1061	
-6.2830	-10.8512	6.3720	-0.9370	0.0190	0.9693	0.5287	-0.6180	-0.0855	0.5775	0.0493	0.0049	0.1022	
-6.3886	-10.8455	6.4715	-0.9396	0.0199	0.9699	0.5300	-0.5885	-0.1180	0.6005	0.0509	0.0084	0.0988	
-6.4681	-10.8412	6.5965	-0.9363	0.0204	0.9761	0.5282	-0.5679	-0.1552	0.6135	0.0529	0.0080	0.0942	
-6.5697	-10.8278	6.6952	-0.9379	0.0227	0.9764	0.5198	-0.5451	-0.2154	0.6218	0.0594	0.0045	0.0919	
-6.7013	-10.8144	6.7926	-0.9459	0.0249	0.9764	0.5175	-0.5175	-0.2748	0.6233	0.0630	0.0009	0.0917	
-6.8149	-10.8254	6.8991	-0.9497	0.0220	0.9783	0.5129	-0.5020	-0.3294	0.6145	0.0642	-0.0054	0.0895	
-6.9104	-10.8113	7.0021	-0.9498	0.0243	0.9794	0.5113	-0.4751	-0.3902	0.6001	0.0659	-0.0108	0.0903	
-7.0251	-10.7941	7.1194	-0.9537	0.0272	0.9834	0.4926	-0.4466	-0.4557	0.5913	0.0713	-0.0161	0.0898	
-7.1457	-10.8025	7.2350	-0.9587	0.0248	0.9868	0.4778	-0.4258	-0.5141	0.5713	0.0723	-0.0226	0.0891	
-7.2359	-10.7917	7.3288	-0.9575	0.0264	0.9859	0.4592	-0.4051	-0.5755	0.5420	0.0736	-0.0304	0.0891	
-7.3299	-10.7796	7.4179	-0.9571	0.0281	0.9841	0.4385	-0.3887	-0.6254	0.5162	0.0735	-0.0359	0.0870	
-7.4412	-10.7859	7.4953	-0.9600	0.0263	0.9800	0.4208	-0.3718	-0.6757	0.4784	0.0713	-0.0422	0.0873	
-7.5378	-10.7768	7.5847	-0.9601	0.0274	0.9784	0.3913	-0.3540	-0.7251	0.4428	0.0716	-0.0486	0.0862	
-7.6351	-10.7788	7.6598	-0.9602	0.0264	0.9741	0.3761	-0.3321	-0.7750	0.3841	0.0675	-0.0553	0.0904	
-7.7358	-10.7703	7.7647	-0.9610	0.0274	0.9755	0.3623	-0.3204	-0.8110	0.3318	0.0616	-0.0600	0.0913	
-7.8295	-10.7680	7.8764	-0.9604	0.0273	0.9780	0.3526	-0.3037	-0.8426	0.2730	0.0553	-0.0632	0.0941	
-7.9407	-10.7750	7.9633	-0.9631	0.0255	0.9759	0.3374	-0.2918	-0.8702	0.2118	0.0491	-0.0669	0.0961	
-8.0616	-10.7832	8.0727	-0.9674	0.0236	0.9780	0.3282	-0.2750	-0.8905	0.1591	0.0440	-0.0669	0.0972	
-8.1780	-10.7673	8.1804	-0.9708	0.0260	0.9796	0.3214	-0.2594	-0.9067	0.0915	0.0372	-0.0682	0.1008	
-8.2724	-10.7635	8.2760	-0.9702	0.0262	0.9792	0.3272	-0.2400	-0.9146	0.0208	0.0300	-0.0656	0.1062	
-8.3828	-10.7664	8.3677	-0.9724	0.0253	0.9780	0.3290	-0.2292	-0.9162	-0.0444	0.0227	-0.0635	0.1089	
-8.4754	-10.7458	8.4530	-0.9716	0.0284	0.9759	0.3353	-0.2063	-0.9139	-0.1059	0.0188	-0.0591	0.1117	
-8.5713	-10.7442	8.5576	-0.9713	0.0283	0.9770	0.3418	-0.1835	-0.9057	-0.1730	0.0142	-0.0553	0.1158	
-8.6710	-10.7502	8.6573	-0.9717	0.0269	0.9773	0.3460	-0.1628	-0.8936	-0.2369	0.0100	-0.0518	0.1187	
-8.7699	-10.7404	8.7658	-0.9719	0.0281	0.9790	0.3484	-0.1288	-0.8750	-0.3087	0.0078	-0.0488	0.1242	
-8.8678	-10.7363	8.8687	-0.9720	0.0284	0.9798	0.3608	-0.1056	-0.8493	-0.3722	0.0044	-0.0431	0.1275	
-8.9630	-10.7418	8.9587	-0.9717	0.0271	0.9786	0.3673	-0.0789	-0.8278	-0.4191	0.0044	-0.0385	0.1268	
-9.0577	-10.7474	9.0540	-0.9712	0.0259	0.9782	0.3796	-0.0454	-0.7921	-0.4760	0.0042	-0.0326	0.1306	
-9.1635	-10.7409	9.1518	-0.9726	0.0265	0.9782	0.3892	-0.0160	-0.7665	-0.5133	0.0057	-0.0281	0.1282	
-9.2633	-10.7482	9.2353	-0.9731	0.0250	0.9761	0.4157	0.0181	-0.7314	-0.5434	0.0098	-0.0197	0.1273	
-9.3609	-10.7620	9.3197	-0.9731	0.0226	0.9741	0.4410	0.0384	-0.6909	-0.5745	0.0099	-0.0113	0.1262	
-9.4515	-10.7593	9.4088	-0.9721	0.0227	0.9729	0.4460	0.0714	-0.6518	-0.6095	0.0110	-0.0089	0.1261	
-9.5537	-10.7641	9.5038	-0.9729	0.0217	0.9726	0.4695	0.1029	-0.6126	-0.6296	0.0149	-0.0031	0.1238	
-9.6432	-10.7626	9.5886	-0.9718	0.0216	0.9708	0.4958	0.1386	-0.5708	-0.6417	0.0208	0.0023	0.1214	
-9.7469	-10.7677	9.6967	-0.9728	0.0205	0.9725	0.5236	0.1702	-0.5260	-0.6502	0.0254	0.0083	0.1187	
-9.8318	-10.7710	9.7948	-0.9710	0.0197	0.9727	0.5442	0.2134	-0.4817	-0.6539	0.0319	0.0105	0.1167	
-9.9138	-10.7699	9.8665	-0.9689	0.0196	0.9690	0.5515	0.2581	-0.4465	-0.6567	0.0367	0.0088	0.1140	
-9.9973	-10.7498	9.9604	-0.9670	0.0221	0.9687	0.5539	0.3014	-0.4129	-0.6583	0.0400	0.0062	0.1113	
-10.0837	-10.7327	10.0482	-0.9655	0.0242	0.9674	0.5532	0.3387	-0.3778	-0.6617	0.0413	0.0046	0.1089	
-10.1692	-10.7361	10.1473	-0.9640	0.0233	0.9678	0.5555	0.3917	-0.3421	-0.6496	0.0471	0.0006	0.1069	
-10.2742	-10.7330	10.2486	-0.9652	0.0234	0.9684	0.5517	0.4382	-0.3013	-0.6426	0.0502	-0.0016	0.1061	
-10.3858	-10.7365	10.3544	-0.9673	0.0226	0.9696	0.5418	0.4894	-0.2654	-0.6300	0.0530	-0.0062	0.1050	
-10.4677	-10.7230	10.4618	-0.9653	0.0241	0.9711	0.5397	0.5295	-0.2346	-0.6124	0.0554	-0.0088	0.1016	
-10.5700	-10.7200	10.5582	-0.9661	0.0242	0.9710	0.5189	0.5799	-0.2007	-0.5952	0.0564	-0.0145	0.1018	
-10.6686	-10.7105	10.6520	-0.9664	0.0251	0.9705	0.5035	0.6229	-0.1738	-0.5741	0.0570	-0.0189	0.0995	
-10.7720	-10.7007	10.7494	-0.9673	0.0260	0.9706	0.4610	0.6756	-0.1477	-0.5566	0.0539	-0.0275	0.1018	
-10.8684	-10.6927	10.8543	-0.9672	0.0267	0.9716	0.4309	0.7116	-0.1290	-0.5417	0.0501	-0.0315	0.0999	
-10.9882	-10.6825	10.9580	-0.9702	0.0277	0.9724	0.3888	0.7514	-0.1204	-0.5215	0.0447	-0.0384	0.0987	
-11.0829	-10.6972	11.0574	-0.9699	0.0254	0.9727	0.3471	0.7880	-0.1008	-0.4989	0.0414	-0.0430	0.0989	
-11.1602	-10.6785	11.1678	-0.9674	0.0275	0.9744	0.2918	0.8246	-0.0707	-0.4784	0.0378	-0.0470	0.1033	
-11.2621	-10.6736	11.2726	-0.9680	0.0277	0.9753	0.2516	0.8559	-0.0578	-0.4496	0.0351	-0.0511	0.1018	
-11.3581	-10.6794	11.3780	-0.9679	0.0267	0.9763	0.1971	0.8769	-0.0290	-0.4376	0.0306	-0.0502	0.1046	
-11.4542	-10.6877	11.4774	-0.9678	0.0253	0.9765	0.1346	0.8979	-0.0157	-0.4196	0.0235	-0.0522	0.1069	
-11.5518	-10.6797	11.5806	-0.9679	0.0260	0.9772	0.0844	0.9139	0.0036	-0.3978	0.0206	-0.0526	0.1072	
-11.6114	-10.6769	11.6691	-0.9633	0.0260	0.9761	0.0213	0.9181	0.0056	-0.4003	0.0318	-0.0562	0.1064	
-11.7114	-10.6777	11.7670	-0.9638	0.0256	0.9762	0.0319	-0.9209	-0.0261	0.3902	0.0261	-0.0529	0.1072	
-11.7862	-10.6694	11.8767	-0.9611	0.0262	0.9777	0.0996	-0.9165	-0.0532	0.3847	0.0199	-0.0482	0.1122	
-11.8675	-10.6739	11.9739	-0.9593	0.0253	0.9776	0.1643	-0.9098	-0.0780	0.3734	0.0149	-0.0448	0.1158	
-11.9787	-10.6803	12.0690	-0.9612	0.0243	0.9773	0.2314	-0.8954	-0.1018	0.3669	0.0102	-0.0401	0.1197	
-12.0710	-10.6674	12.1813	-0.9607	0.0255	0.9790	0.2779	-0.8809	-0.1181	0.3688	0.0073	-0.0338	0.1180	
-12.1637	-10.6627	12.2780	-0.9603	0.0258	0.9789	0.3301	-0.8590	-0.1380	0.3681	0.0049	-0.0278	0.1186	
-12.2577	-10.6594	12.3663	-0.9601	0.0259	0.9777	0.3834	-0.8322	-0.1504	0.3740	0.0014	-0.0203	0.1189	
-12.3685	-10.6461	12.4694	-0.9618	0.0271	0.9783	0.4379	-0.7966	-0.1729	0.3798	0.0006	-0.0131	0.1211	
-12.4636	-10.6394	12.5671	-0.9616	0.0275	0.9783	0.4931	-0.7508	-0.1859	0.4007	-0.0011	-0.0016	0.1232	
-12.5567	-10.6314	12.6631	-0.9613	0.0282	0.9781	0.5328	-0.7091	-0.1948	0.4225	-0.0012	0.0080	0.1211	
-12.6508	-10.6187	12.7649	-0.9610	0.0293	0.9785	0.5783	-0.6591	-0.2150	0.4297	-0.0004	0.0139	0.1226	
-12.7576	-10.6130	12.8730	-0.9622	0.0296	0.9797	0.6124	-0.6148	-0.2416	0.4350	0.0028	0.0168	0.1218	
-12.8695	-10.6158	12.9688	-0.9639	0.0290	0.9794	0.6355	-0.5691	-0.2654	0.4517	0.0076	0.0215	0.1190	
-12.9718	-10.6007	13.0761	-0.9646	0.0303	0.9805	0.6654	-0.5070	-0.2978	0.4590	0.0125	0.0256	0.1208	
-13.0741	-10.5940	13.1825	-0.9652	0.0307	0.9814	0.6751	-0.4552	-0.3360	0.4757	0.0212	0.0275	0.1181	
-13.1740	-10.5910	13.2892	-0.9655	0.0307	0.9823	0.6833	-0.4040	-0.3691	0.4848	0.0273	0.0281	0.1158	
-13.2716	-10.5839	13.3892	-0.9656	0.0311	0.9825	0.6866	-0.3520	-0.4037	0.4929	0.0335	0.0280	0.1135	
-13.3638	-10.5787	13.4881	-0.9651	0.0314	0.9826	0.6819	-0.3009	-0.4340	0.5080	0.0404	0.0286	0.1099	
-13.4584	-10.5865	13.5908	-0.9649	0.0302	0.9831	0.6783	-0.2460	-0.4660	0.5126	0.0452	0.0280	0.1086	
-13.5737	-10.5813	13.6871	-0.9669	0.0304	0.9828	0.6733	-0.1840	-0.5038	0.5083	0.0499	0.0262	0.1097	
-13.6677	-10.5788	13.7893	-0.9666	0.0304	0.9832	0.6674	-0.1426	-0.5308	0.5044	0.0507	0.0233	0.1065	
-13.7736	-10.5823	13.8899	-0.9675	0.0297	0.9835	0.6516	-0.1089	-0.5687	0.4929	0.0517	0.0159	0.1039	
-13.8774	-10.5853	13.9921	-0.9683	0.0291	0.9839	0.6304	-0.0764	-0.6006	0.4887	0.0536	0.0106	0.1000	
-13.9835	-10.5889	14.0955	-0.9692	0.0284	0.9844	0.6102	-0.0372	-0.6354	0.4726	0.0544	0.0053	0.0994	
-14.0778	-10.5878	14.1968	-0.9689	0.0283	0.9847	0.5959	0.0031	-0.6629	0.4539	0.0537	0.0025	0.0990	
-14.1764	-10.5812	14.2925	-0.9691	0.0286	0.9844	0.5716	0.0437	-0.6964	0.4320	0.0543	-0.0023	0.0995	
-14.2837	-10.5757	14.3854	-0.9701	0.0289	0.9839	0.5422	0.0736	-0.7320	0.4074	0.0535	-0.0090	0.0992	
-14.3854	-10.5764	14.4863	-0.9706	0.0286	0.9841	0.5222	0.0985	-0.7603	0.3756	0.0492	-0.0132	0.0990	
-14.4862	-10.5678	14.5883	-0.9709	0.0291	0.9845	0.4919	0.1236	-0.7896	0.3469	0.0475	-0.0186	0.0985	
-14.5885	-10.5715	14.6899	-0.9714	0.0285	0.9848	0.4548	0.1496	-0.8166	0.3240	0.0478	-0.0235	0.0973	
-14.6986	-10.5749	14.7878	-0.9727	0.0279	0.9847	0.4315	0.1662	-0.8437	0.2751	0.0406	-0.0271	0.0996	
-14.7929	-10.5720	14.8918	-0.9724	0.0279	0.9853	0.4103	0.1987	-0.8597	0.2297	0.0377	-0.0269	0.1019	
-14.8971	-10.5734	14.9909	-0.9730	0.0275	0.9853	0.3956	0.2311	-0.8728	0.1676	0.0319	-0.0249	0.1070	
-14.9931	-10.5735	15.0944	-0.9729	0.0272	0.9858	0.3731	0.2620	-0.8832	0.1055	0.0277	-0.0243	0.1118	
-15.0895	-10.5746	15.1970	-0.9728	0.0269	0.9862	0.3527	0.2853	-0.8902	0.0356	0.0214	-0.0231	0.1169	
-15.1860	-10.5697	15.2962	-0.9727	0.0271	0.9862	0.3388	0.2938	-0.8941	-0.0289	0.0137	-0.0209	0.1189	
-15.2889	-10.5658	15.4004	-0.9732	0.0272	0.9868	0.3257	0.3057	-0.8907	-0.0893	0.0084	-0.0179	0.1200	
-15.3912	-10.5611	15.5005	-0.9737	0.0274	0.9869	0.3131	0.3259	-0.8800	-0.1468	0.0064	-0.0139	0.1209	
-15.4977	-10.5579	15.5964	-0.9745	0.0274	0.9866	0.2997	0.3470	-0.8640	-0.2074	0.0048	-0.0097	0.1226	
-15.6114	-10.5612	15.6968	-0.9760	0.0269	0.9868	0.2918	0.3695	-0.8358	-0.2808	0.0028	-0.0024	0.1270	
-15.7110	-10.5572	15.7841	-0.9762	0.0270	0.9857	0.2947	0.3736	-0.8195	-0.3254	0.0005	0.0032	0.1228	
-15.8097	-10.5529	15.8814	-0.9763	0.0272	0.9856	0.3005	0.3810	-0.7805	-0.3947	-0.0019	0.0132	0.1254	
-15.9138	-10.5498	15.9759	-0.9769	0.0273	0.9853	0.3115	0.4014	-0.7362	-0.4483	0.0012	0.0221	0.1252	
-16.0116	-10.5461	16.0749	-0.9769	0.0274	0.9853	0.3227	0.4077	-0.6936	-0.4999	0.0014	0.0301	0.1240	
-16.1056	-10.5530	16.1747	-0.9765	0.0265	0.9854	0.3364	0.4282	-0.6417	-0.5415	0.0066	0.0370	0.1223	
-16.1936	-10.5521	16.2758	-0.9757	0.0263	0.9857	0.3318	0.4414	-0.5912	-0.5875	0.0082	0.0400	0.1227	
-16.2825	-10.5492	16.3705	-0.9749	0.0264	0.9854	0.3387	0.4605	-0.5387	-0.6200	0.0134	0.0432	0.1205	
-16.3745	-10.5491	16.4751	-0.9744	0.0261	0.9859	0.3478	0.4792	-0.4799	-0.6483	0.0192	0.0465	0.1187	
-16.4766	-10.5511	16.5696	-0.9748	0.0257	0.9856	0.3636	0.4891	-0.4245	-0.6712	0.0237	0.0508	0.1149	
-16.5775	-10.5493	16.6655	-0.9751	0.0257	0.9853	0.3800	0.5006	-0.3604	-0.6902	0.0298	0.0549	0.1124	
-16.6710	-10.5434	16.7612	-0.9748	0.0260	0.9851	0.3867	0.5072	-0.2931	-0.7121	0.0335	0.0583	0.1117	
-16.7665	-10.5428	16.8622	-0.9746	0.0258	0.9853	0.4057	0.5250	-0.2262	-0.7147	0.0419	0.0592	0.1085	
-16.8672	-10.5324	16.9557	-0.9749	0.0265	0.9849	0.4235	0.5387	-0.1678	-0.7108	0.0484	0.0587	0.1040	
-16.9663	-10.5353	17.0574	-0.9750	0.0260	0.9852	0.4106	0.5583	-0.1021	-0.7137	0.0507	0.0547	0.1056	
-17.0666	-10.5266	17.1505	-0.9753	0.0265	0.9847	0.4083	0.5821	-0.0463	-0.7033	0.0547	0.0493	0.1041	
-17.1603	-10.5154	17.2412	-0.9750	0.0272	0.9841	0.4151	0.5945	0.0158	-0.6895	0.0601	0.0478	0.1017	
-17.2542	-10.5017	17.3445	-0.9747	0.0281	0.9845	0.4028	0.6165	0.0630	-0.6755	0.0600	0.0412	0.1009	
-17.3496	-10.4974	17.4513	-0.9745	0.0282	0.9852	0.4019	0.6362	0.1173	-0.6496	0.0643	0.0362	0.0993	
-17.4481	-10.4868	17.5486	-0.9746	0.0288	0.9851	0.3826	0.6587	0.1600	-0.6297	0.0625	0.0297	0.0993	
-17.5475	-10.4860	17.6478	-0.9747	0.0286	0.9851	0.3754	0.6739	0.2093	-0.6022	0.0649	0.0257	0.0978	
-17.6464	-10.4763	17.7502	-0.9748	0.0292	0.9854	0.3458	0.7006	0.2469	-0.5754	0.0613	0.0183	0.0996	
-17.7514	-10.4702	17.8536	-0.9755	0.0294	0.9858	0.3249	0.7190	0.2924	-0.5412	0.0621	0.0131	0.1006	
-17.8443	-10.4674	17.9564	-0.9751	0.0294	0.9862	0.2957	0.7403	0.3308	-0.5062	0.0601	0.0074	0.1022	
-17.9480	-10.4668	18.0514	-0.9756	0.0292	0.9859	0.2748	0.7515	0.3703	-0.4728	0.0602	0.0042	0.1014	
-18.0459	-10.4536	18.1528	-0.9756	0.0301	0.9861	0.2367	0.7622	0.4090	-0.4427	0.0570	0.0022	0.1039	
-18.1474	-10.4478	18.2637	-0.9759	0.0303	0.9871	0.2002	0.7725	0.4369	-0.4170	0.0522	0.0006	0.1044	
-18.2563	-10.4458	18.3620	-0.9768	0.0302	0.9870	0.1579	0.7896	0.4540	-0.3844	0.0458	-0.0032	0.1056	
-18.3433	-10.4357	18.4615	-0.9760	0.0307	0.9871	0.1104	0.7963	0.4789	-0.3532	0.0411	-0.0040	0.1080	
-18.4314	-10.4343	18.5630	-0.9752	0.0306	0.9873	0.0578	0.7974	0.5038	-0.3272	0.0364	-0.0027	0.1106	
-18.5259	-10.4244	18.6659	-0.9750	0.0311	0.9876	0.0251	0.7955	0.5249	-0.3047	0.0385	-0.0022	0.1133	
-18.6222	-10.4256	18.7724	-0.9749	0.0308	0.9882	0.0339	-0.7980	-0.5419	0.2611	0.0336	-0.0043	0.1180	
-18.7180	-10.4245	18.8805	-0.9748	0.0306	0.9889	0.0830	-0.7919	-0.5592	0.2323	0.0303	-0.0031	0.1185	
-18.8084	-10.4210	18.9841	-0.9742	0.0307	0.9893	0.1502	-0.7861	-0.5620	0.2119	0.0227	0.0015	0.1208	
-18.9046	-10.4206	19.0820	-0.9741	0.0305	0.9892	0.2102	-0.7705	-0.5690	0.1988	0.0182	0.0073	0.1209	
-18.9959	-10.4272	19.1816	-0.9737	0.0297	0.9893	0.2698	-0.7439	-0.5800	0.1970	0.0163	0.0160	0.1201	
-19.0896	-10.4242	19.2744	-0.9734	0.0297	0.9888	0.3234	-0.7203	-0.5860	0.1841	0.0143	0.0202	0.1192	
-19.1818	-10.4118	19.3709	-0.9730	0.0304	0.9886	0.3672	-0.6864	-0.6045	0.1708	0.0166	0.0232	0.1173	
-19.2828	-10.4109	19.4728	-0.9733	0.0303	0.9888	0.4197	-0.6551	-0.6063	0.1675	0.0156	0.0293	0.1157	
-19.3818	-10.4069	19.5740	-0.9734	0.0304	0.9890	0.4774	-0.6141	-0.6057	0.1687	0.0156	0.0373	0.1152	
-19.4743	-10.4041	19.6762	-0.9730	0.0303	0.9893	0.5172	-0.5815	-0.6048	0.1772	0.0164	0.0424	0.1099	
-19.5789	-10.4011	19.7748	-0.9736	0.0304	0.9892	0.5592	-0.5366	-0.6076	0.1744	0.0185	0.0458	0.1084	
-19.6741	-10.3904	19.8654	-0.9734	0.0309	0.9886	0.5916	-0.4798	-0.6222	0.1853	0.0261	0.0501	0.1048	
-19.7740	-10.3860	19.9603	-0.9736	0.0310	0.9883	0.6277	-0.4147	-0.6268	0.2052	0.0335	0.0573	0.1020	
-19.8708	-10.3759	20.0560	-0.9736	0.0315	0.9881	0.6553	-0.3405	-0.6401	0.2112	0.0421	0.0598	0.1014	
-19.9788	-10.3759	20.1497	-0.9743	0.0313	0.9877	0.6759	-0.2742	-0.6449	0.2307	0.0495	0.0629	0.0975	
-20.0715	-10.3712	20.2457	-0.9740	0.0314	0.9875	0.6899	-0.2176	-0.6489	0.2389	0.0535	0.0622	0.0939	
-20.1744	-10.3563	20.3486	-0.9744	0.0322	0.9878	0.6936	-0.1536	-0.6541	0.2643	0.0618	0.0622	0.0881	
-20.2730	-10.3585	20.4527	-0.9745	0.0319	0.9882	0.6916	-0.0918	-0.6669	0.2647	0.0662	0.0571	0.0864	
-20.3710	-10.3609	20.5477	-0.9745	0.0315	0.9880	0.6879	-0.0238	-0.6710	0.2765	0.0725	0.0552	0.0842	
-20.4785	-10.3610	20.6560	-0.9752	0.0313	0.9886	0.6751	0.0493	-0.6785	0.2862	0.0796	0.0514	0.0829	
-20.5694	-10.3570	20.7594	-0.9747	0.0313	0.9889	0.6593	0.1138	-0.6859	0.2879	0.0835	0.0463	0.0820	
-20.6556	-10.3583	20.8605	-0.9739	0.0310	0.9891	0.6356	0.1728	-0.6966	0.2878	0.0864	0.0393	0.0811	
-20.7602	-10.3526	20.9681	-0.9744	0.0312	0.9897	0.6130	0.2245	-0.7040	0.2832	0.0864	0.0332	0.0801	
-20.8581	-10.3522	21.0684	-0.9745	0.0310	0.9898	0.5823	0.2836	-0.7080	0.2828	0.0893	0.0277	0.0798	
-20.9520	-10.3605	21.1615	-0.9742	0.0302	0.9894	0.5527	0.3328	-0.7165	0.2684	0.0875	0.0216	0.0811	
-21.0454	-10.3538	21.2636	-0.9739	0.0305	0.9896	0.5139	0.3804	-0.7265	0.2552	0.0868	0.0141	0.0824	
-21.1498	-10.3477	21.3652	-0.9744	0.0307	0.9898	0.4881	0.4221	-0.7285	0.2336	0.0827	0.0111	0.0836	
-21.2445	-10.3464	21.4564	-0.9742	0.0306	0.9893	0.4469	0.4577	-0.7405	0.2116	0.0789	0.0042	0.0856	
-21.3357	-10.3392	21.5594	-0.9738	0.0308	0.9896	0.4056	0.4935	-0.7429	0.2044	0.0785	-0.0011	0.0843	
-21.4373	-10.3439	21.6557	-0.9741	0.0303	0.9894	0.3594	0.5307	-0.7478	0.1751	0.0753	-0.0058	0.0881	
-21.5432	-10.3377	21.7480	-0.9746	0.0305	0.9890	0.3181	0.5589	-0.7544	0.1373	0.0693	-0.0089	0.0921	
-21.6373	-10.3265	21.8464	-0.9744	0.0311	0.9889	0.2739	0.5919	-0.7505	0.1072	0.0673	-0.0113	0.0945	
-21.7293	-10.3279	21.9427	-0.9741	0.0308	0.9888	0.2299	0.6227	-0.7442	0.0745	0.0650	-0.0129	0.0970	
-21.8335	-10.3272	22.0411	-0.9745	0.0306	0.9887	0.1835	0.6431	-0.7431	0.0357	0.0601	-0.0149	0.1003	
-21.9286	-10.3235	22.1431	-0.9743	0.0307	0.9889	0.1568	0.6723	-0.7236	-0.0090	0.0577	-0.0099	0.1022	
-22.0162	-10.3197	22.2432	-0.9737	0.0307	0.9890	0.1197	0.6930	-0.7086	-0.0576	0.0540	-0.0077	0.1057	
-22.1195	-10.3208	22.3380	-0.9741	0.0304	0.9888	0.0882	0.7075	-0.6931	-0.1088	0.0496	-0.0040	0.1084	
-22.2270	-10.3238	22.4373	-0.9747	0.0300	0.9888	0.0519	0.7130	-0.6822	-0.1563	0.0443	-0.0027	0.1105	
-22.3162	-10.3295	22.5277	-0.9742	0.0295	0.9882	0.0263	0.7183	-0.6652	-0.2047	0.0482	-0.0055	0.1099	
-22.4054	-10.3248	22.6263	-0.9737	0.0296	0.9882	-0.0089	-0.7222	0.6472	0.2488	0.0442	-0.0002	0.1086	
-22.5033	-10.3168	22.7218	-0.9737	0.0299	0.9880	0.0103	-0.7330	0.6156	0.2902	0.0441	0.0042	0.1076	
-22.6032	-10.3090	22.8141	-0.9739	0.0302	0.9876	0.0185	-0.7308	0.5916	0.3430	0.0409	0.0122	0.1069	
-22.7063	-10.3061	22.9131	-0.9742	0.0302	0.9876	0.0334	-0.7366	0.5592	0.3802	0.0410	0.0152	0.1049	
-22.7979	-10.3066	23.0102	-0.9738	0.0300	0.9875	0.0380	-0.7354	0.5201	0.4333	0.0414	0.0233	0.1046	
-22.8921	-10.3027	23.1053	-0.9736	0.0301	0.9873	0.0352	-0.7383	0.4752	0.4782	0.0444	0.0301	0.1020	
-22.9921	-10.3031	23.2056	-0.9738	0.0298	0.9874	0.0420	-0.7473	0.4216	0.5119	0.0491	0.0321	0.1001	
-23.0909	-10.3024	23.3021	-0.9739	0.0297	0.9873	0.0329	-0.7504	0.3634	0.5514	0.0549	0.0380	0.0972	
-23.1894	-10.3033	23.4004	-0.9740	0.0295	0.9872	0.0212	-0.7523	0.3133	0.5804	0.0590	0.0412	0.0924	
-23.2945	-10.2988	23.5058	-0.9744	0.0296	0.9876	0.0121	-0.7551	0.2591	0.6030	0.0635	0.0421	0.0883	
-23.3967	-10.3017	23.6073	-0.9747	0.0292	0.9878	0.0072	-0.7452	0.1905	0.6379	0.0683	0.0464	0.0886	
-23.4977	-10.2999	23.7074	-0.9750	0.0291	0.9879	-0.0044	-0.7452	0.1238	0.6554	0.0746	0.0463	0.0856	
-23.5972	-10.3041	23.8083	-0.9751	0.0287	0.9880	-0.0056	-0.7463	0.0660	0.6632	0.0770	0.0429	0.0832	
-23.6946	-10.3044	23.9095	-0.9751	0.0285	0.9882	0.0111	0.7365	-0.0065	-0.6764	0.0789	0.0438	0.0813	
-23.7934	-10.3024	24.0153	-0.9752	0.0284	0.9886	0.0177	0.7331	0.0619	-0.6772	0.0845	0.0410	0.0791	
-23.8893	-10.3022	24.1090	-0.9751	0.0283	0.9883	0.0324	0.7305	0.1256	-0.6714	0.0903	0.0368	0.0753	
-23.9857	-10.3036	24.2106	-0.9750	0.0280	0.9885	0.0531	0.7195	0.1899	-0.6663	0.0964	0.0345	0.0715	
-24.0815	-10.3028	24.3107	-0.9749	0.0279	0.9886	0.0601	0.7118	0.2654	-0.6474	0.1022	0.0277	0.0726	
-24.1856	-10.2968	24.4129	-0.9753	0.0281	0.9888	0.0789	0.7044	0.3317	-0.6231	0.1076	0.0209	0.0705	
-24.2852	-10.2892	24.5132	-0.9754	0.0284	0.9888	0.0926	0.7047	0.3898	-0.5876	0.1096	0.0114	0.0691	
-24.3890	-10.2808	24.6200	-0.9758	0.0287	0.9893	0.1036	0.7035	0.4440	-0.5471	0.1103	0.0025	0.0685	
-24.4855	-10.2807	24.7172	-0.9757	0.0285	0.9892	0.1039	0.6967	0.5061	-0.4981	0.1112	-0.0057	0.0718	
-24.5879	-10.2750	24.8119	-0.9760	0.0287	0.9890	0.0996	0.6858	0.5588	-0.4565	0.1095	-0.0102	0.0740	
-24.6861	-10.2699	24.9113	-0.9760	0.0288	0.9890	0.0958	0.6883	0.5950	-0.4087	0.1044	-0.0169	0.0746	
-24.7888	-10.2642	25.0121	-0.9763	0.0290	0.9891	0.0800	0.6769	0.6379	-0.3601	0.1008	-0.0204	0.0785	
-24.8899	-10.2583	25.1116	-0.9765	0.0292	0.9891	0.0569	0.6667	0.6767	-0.3096	0.0960	-0.0231	0.0833	
-24.9906	-10.2558	25.2059	-0.9767	0.0291	0.9889	0.0247	0.6662	0.7037	-0.2523	0.0882	-0.0269	0.0890	
-25.0972	-10.2549	25.3058	-0.9772	0.0290	0.9889	0.0018	0.6590	0.7272	-0.1977	0.0829	-0.0299	0.0919	
-25.1935	-10.2505	25.4065	-0.9771	0.0291	0.9890	0.0144	-0.6335	-0.7586	0.1525	0.0842	-0.0282	0.0917	
-25.2890	-10.2507	25.5100	-0.9770	0.0289	0.9893	0.0390	-0.6103	-0.7843	0.1081	0.0867	-0.0250	0.0916	
-25.3901	-10.2572	25.6144	-0.9772	0.0284	0.9896	0.0681	-0.5861	-0.8056	0.0647	0.0880	-0.0200	0.0929	
-25.4860	-10.2579	25.7160	-0.9771	0.0282	0.9897	0.1040	-0.5583	-0.8235	0.0205	0.0878	-0.0138	0.0964	
-25.5875	-10.2613	25.8144	-0.9773	0.0279	0.9897	0.1471	-0.5245	-0.8385	-0.0238	0.0869	-0.0073	0.1016	
-25.6843	-10.2569	25.9095	-0.9773	0.0279	0.9895	0.1807	-0.4904	-0.8524	-0.0491	0.0851	-0.0021	0.0991	
-25.7824	-10.2461	26.0129	-0.9773	0.0284	0.9897	0.2232	-0.4664	-0.8531	-0.0859	0.0785	0.0032	0.1021	
-25.8776	-10.2475	26.1117	-0.9772	0.0282	0.9897	0.2711	-0.4405	-0.8490	-0.1168	0.0727	0.0095	0.1042	
-25.9784	-10.2424	26.2079	-0.9773	0.0283	0.9896	0.3209	-0.4130	-0.8416	-0.1412	0.0679	0.0160	0.1049	
-26.0777	-10.2415	26.3074	-0.9774	0.0282	0.9896	0.3554	-0.3911	-0.8346	-0.1643	0.0617	0.0182	0.1025	
-26.1737	-10.2402	26.4076	-0.9773	0.0281	0.9897	0.3992	-0.3669	-0.8199	-0.1881	0.0565	0.0223	0.1027	
-26.2697	-10.2389	26.5062	-0.9772	0.0280	0.9897	0.4376	-0.3409	-0.8053	-0.2122	0.0522	0.0247	0.1024	
-26.3698	-10.2393	26.6003	-0.9774	0.0278	0.9894	0.4628	-0.3102	-0.7992	-0.2298	0.0505	0.0244	0.0990	
-26.4703	-10.2375	26.7044	-0.9775	0.0278	0.9897	0.5100	-0.2895	-0.7727	-0.2456	0.0457	0.0301	0.0989	
-26.5674	-10.2364	26.8055	-0.9775	0.0277	0.9898	0.5413	-0.2444	-0.7656	-0.2491	0.0495	0.0316	0.0952	
-26.6644	-10.2335	26.9039	-0.9774	0.0277	0.9898	0.5735	-0.1844	-0.7545	-0.2591	0.0551	0.0325	0.0950	
-26.7622	-10.2331	26.9972	-0.9774	0.0276	0.9895	0.5997	-0.1136	-0.7488	-0.2583	0.0640	0.0322	0.0931	
-26.8664	-10.2309	27.0990	-0.9778	0.0275	0.9896	0.6264	-0.0638	-0.7354	-0.2522	0.0673	0.0336	0.0892	
-26.9650	-10.2240	27.2007	-0.9778	0.0278	0.9898	0.6529	-0.0072	-0.7127	-0.2548	0.0702	0.0349	0.0889	
-27.0641	-10.2163	27.2993	-0.9779	0.0280	0.9897	0.6688	0.0482	-0.7000	-0.2475	0.0741	0.0334	0.0854	
-27.1624	-10.2108	27.4028	-0.9779	0.0282	0.9900	0.6667	0.1042	-0.6987	-0.2430	0.0771	0.0269	0.0811	
-27.2629	-10.2073	27.5057	-0.9781	0.0282	0.9902	0.6607	0.1655	-0.6943	-0.2361	0.0810	0.0203	0.0780	
-27.3621	-10.2043	27.6085	-0.9781	0.0282	0.9904	0.6476	0.2424	-0.6826	-0.2363	0.0863	0.0131	0.0791	
-27.4578	-10.2000	27.7196	-0.9780	0.0283	0.9910	0.6320	0.3164	-0.6738	-0.2167	0.0934	0.0056	0.0766	
-27.5556	-10.1931	27.8236	-0.9780	0.0285	0.9913	0.6133	0.3877	-0.6611	-0.1919	0.0998	-0.0011	0.0742	
-27.6557	-10.1921	27.9268	-0.9782	0.0284	0.9915	0.5867	0.4481	-0.6524	-0.1750	0.1014	-0.0085	0.0721	
-27.7536	-10.1927	28.0250	-0.9782	0.0282	0.9915	0.5587	0.4982	-0.6445	-0.1623	0.0999	-0.0147	0.0700	
-27.8524	-10.1865	28.1229	-0.9782	0.0284	0.9914	0.5217	0.5445	-0.6439	-0.1405	0.0987	-0.0233	0.0668	
-27.9561	-10.1835	28.2205	-0.9785	0.0284	0.9913	0.4808	0.5869	-0.6402	-0.1302	0.0950	-0.0303	0.0660	
-28.0549	-10.1810	28.3215	-0.9786	0.0284	0.9914	0.4276	0.6298	-0.6369	-0.1308	0.0898	-0.0383	0.0683	
-28.1545	-10.1770	28.4140	-0.9787	0.0285	0.9911	0.3676	0.6755	-0.6268	-0.1273	0.0869	-0.0462	0.0716	
-28.2531	-10.1752	28.5127	-0.9787	0.0284	0.9911	0.3073	0.7125	-0.6191	-0.1257	0.0823	-0.0527	0.0743	
-28.3508	-10.1724	28.6106	-0.9787	0.0284	0.9910	0.2598	0.7431	-0.6028	-0.1363	0.0770	-0.0531	0.0772	
-28.4483	-10.1682	28.7139	-0.9787	0.0285	0.9912	0.2121	0.7674	-0.5915	-0.1345	0.0725	-0.0551	0.0774	
-28.5455	-10.1649	28.8165	-0.9786	0.0285	0.9914	0.1536	0.7930	-0.5762	-0.1264	0.0698	-0.0596	0.0785	
-28.6403	-10.1609	28.9163	-0.9785	0.0285	0.9914	0.0958	0.8180	-0.5503	-0.1374	0.0667	-0.0596	0.0831	
-28.7344	-10.1602	29.0195	-0.9783	0.0284	0.9916	0.0340	0.8361	-0.5240	-0.1601	0.0619	-0.0582	0.0896	
-28.8254	-10.1682	29.1211	-0.9779	0.0279	0.9917	0.0253	-0.8534	0.4912	0.1714	0.0646	-0.0564	0.0870	
-28.9121	-10.1801	29.2141	-0.9774	0.0272	0.9914	0.0720	-0.8616	0.4703	0.1824	0.0687	-0.0535	0.0883	
-29.0029	-10.1854	29.3109	-0.9770	0.0268	0.9913	0.1167	-0.8689	0.4406	0.1970	0.0712	-0.0492	0.0901	
-29.0939	-10.1890	29.4152	-0.9767	0.0265	0.9916	0.1654	-0.8716	0.4073	0.2197	0.0725	-0.0427	0.0945	
-29.1866	-10.1888	29.5170	-0.9764	0.0263	0.9917	0.2084	-0.8714	0.3723	0.2452	0.0724	-0.0357	0.0980	
-29.2786	-10.1952	29.6127	-0.9762	0.0259	0.9915	0.2547	-0.8607	0.3429	0.2808	0.0697	-0.0265	0.1042	
-29.3762	-10.1893	29.7077	-0.9762	0.0261	0.9913	0.2988	-0.8482	0.3055	0.3140	0.0675	-0.0202	0.1088	
-29.4761	-10.1892	29.8025	-0.9763	0.0259	0.9911	0.3327	-0.8302	0.2671	0.3604	0.0669	-0.0105	0.1119	
-29.5751	-10.1844	29.9024	-0.9763	0.0260	0.9912	0.3678	-0.8061	0.2254	0.4054	0.0659	-0.0029	0.1156	
-29.6775	-10.1812	29.9980	-0.9766	0.0261	0.9910	0.3947	-0.7842	0.1844	0.4427	0.0649	0.0023	0.1156	
-29.7722	-10.1743	30.0934	-0.9764	0.0263	0.9908	0.4167	-0.7582	0.1407	0.4818	0.0649	0.0078	0.1154	
-29.8697	-10.1746	30.1941	-0.9764	0.0261	0.9909	0.4328	-0.7343	0.1049	0.5142	0.0633	0.0118	0.1127	
-29.9677	-10.1747	30.2984	-0.9764	0.0260	0.9911	0.4359	-0.7186	0.0639	0.5406	0.0647	0.0139	0.1069	
-30.0684	-10.1734	30.3941	-0.9766	0.0259	0.9910	0.4438	-0.6973	0.0212	0.5637	0.0652	0.0151	0.1035	
-30.1671	-10.1717	30.4922	-0.9766	0.0259	0.9909	0.4334	-0.6846	-0.0004	0.5909	0.0643	0.0185	0.0948	
-30.2592	-10.1716	30.5939	-0.9764	0.0258	0.9911	0.4337	-0.6686	-0.0453	0.6037	0.0658	0.0168	0.0908	
-30.3567	-10.1703	30.6982	-0.9764	0.0257	0.9913	0.4298	-0.6496	-0.0915	0.6212	0.0683	0.0164	0.0874	
-30.4515	-10.1694	30.7976	-0.9762	0.0256	0.9913	0.4308	-0.6360	-0.1452	0.6244	0.0702	0.0119	0.0850	
-30.5521	-10.1669	30.8972	-0.9764	0.0256	0.9913	0.4228	-0.6112	-0.1993	0.6386	0.0741	0.0114	0.0832	
-30.6526	-10.1639	30.9963	-0.9765	0.0257	0.9913	0.4059	-0.5995	-0.2566	0.6413	0.0785	0.0065	0.0791	
-30.7434	-10.1589	31.0964	-0.9762	0.0258	0.9914	0.3984	-0.5860	-0.3168	0.6312	0.0805	-0.0002	0.0776	
-30.8434	-10.1579	31.1928	-0.9763	0.0257	0.9912	0.3813	-0.5787	-0.3549	0.6298	0.0802	-0.0034	0.0722	
-30.9432	-10.1499	31.2879	-0.9764	0.0260	0.9911	0.3710	-0.5669	-0.4147	0.6081	0.0811	-0.0114	0.0718	
-31.0432	-10.1447	31.3844	-0.9765	0.0261	0.9909	0.3604	-0.5535	-0.4712	0.5850	0.0812	-0.0182	0.0717	
-31.1445	-10.1419	31.4830	-0.9767	0.0261	0.9909	0.3437	-0.5403	-0.5280	0.5582	0.0820	-0.0253	0.0713	
-31.2410	-10.1380	31.5812	-0.9766	0.0262	0.9909	0.3249	-0.5243	-0.5944	0.5157	0.0834	-0.0352	0.0734	
-31.3377	-10.1372	31.6771	-0.9766	0.0261	0.9907	0.3139	-0.5047	-0.6457	0.4794	0.0819	-0.0400	0.0749	
-31.4376	-10.1349	31.7713	-0.9767	0.0261	0.9905	0.2900	-0.4803	-0.6999	0.4411	0.0834	-0.0454	0.0758	
-31.5379	-10.1331	31.8667	-0.9768	0.0260	0.9903	0.2764	-0.4688	-0.7385	0.4001	0.0794	-0.0497	0.0758	
-31.6415	-10.1271	31.9628	-0.9771	0.0262	0.9902	0.2580	-0.4550	-0.7798	0.3448	0.0761	-0.0567	0.0777	
-31.7436	-10.1270	32.0615	-0.9773	0.0261	0.9902	0.2622	-0.4432	-0.8096	0.2859	0.0681	-0.0593	0.0821	
-31.8405	-10.1215	32.1573	-0.9772	0.0262	0.9900	0.2600	-0.4249	-0.8406	0.2136	0.0620	-0.0641	0.0882	
-31.9421	-10.1214	32.2570	-0.9774	0.0261	0.9901	0.2608	-0.3957	-0.8666	0.1567	0.0587	-0.0636	0.0923	
-32.0374	-10.1154	32.3562	-0.9773	0.0262	0.9901	0.2658	-0.3667	-0.8873	0.0870	0.0539	-0.0640	0.0986	
-32.1386	-10.1092	32.4559	-0.9775	0.0264	0.9901	0.2734	-0.3383	-0.9003	-0.0009	0.0474	-0.0662	0.1079	
-32.2360	-10.1006	32.5557	-0.9774	0.0267	0.9901	0.2701	-0.3070	-0.9104	-0.0637	0.0450	-0.0660	0.1102	
-32.3348	-10.0974	32.6589	-0.9775	0.0267	0.9903	0.2780	-0.2870	-0.9077	-0.1343	0.0384	-0.0646	0.1144	
-32.4349	-10.0945	32.7554	-0.9776	0.0267	0.9902	0.2973	-0.2597	-0.8958	-0.2074	0.0325	-0.0601	0.1209	
-32.5293	-10.0945	32.8526	-0.9774	0.0266	0.9901	0.3033	-0.2300	-0.8867	-0.2648	0.0301	-0.0571	0.1221	
-32.6313	-10.0866	32.9537	-0.9776	0.0268	0.9902	0.3203	-0.2108	-0.8714	-0.3124	0.0260	-0.0512	0.1216	
-32.7262	-10.0814	33.0495	-0.9775	0.0269	0.9901	0.3337	-0.1971	-0.8531	-0.3556	0.0215	-0.0461	0.1197	
-32.8279	-10.0796	33.1526	-0.9777	0.0269	0.9903	0.3483	-0.1685	-0.8284	-0.4065	0.0194	-0.0414	0.1216	
-32.9245	-10.0776	33.2489	-0.9776	0.0269	0.9901	0.3815	-0.1361	-0.8016	-0.4432	0.0205	-0.0320	0.1223	
-33.0234	-10.0804	33.3464	-0.9777	0.0266	0.9901	0.3994	-0.1005	-0.7738	-0.4824	0.0212	-0.0272	0.1227	
-33.1221	-10.0788	33.4496	-0.9777	0.0266	0.9903	0.4178	-0.0585	-0.7503	-0.5107	0.0248	-0.0228	0.1209	
-33.2192	-10.0780	33.5463	-0.9777	0.0265	0.9902	0.4399	-0.0204	-0.7207	-0.5369	0.0274	-0.0176	0.1198	
-33.3189	-10.0780	33.6480	-0.9778	0.0264	0.9903	0.4646	0.0203	-0.6865	-0.5601	0.0305	-0.0121	0.1191	
-33.4175	-10.0733	33.7506	-0.9778	0.0265	0.9904	0.4765	0.0544	-0.6568	-0.5832	0.0310	-0.0096	0.1168	
-33.5168	-10.0684	33.8540	-0.9779	0.0266	0.9906	0.4910	0.0888	-0.6262	-0.6005	0.0324	-0.0068	0.1140	
-33.6140	-10.0661	33.9512	-0.9779	0.0266	0.9906	0.5177	0.1239	-0.5916	-0.6074	0.0362	-0.0016	0.1110	
-33.7132	-10.0681	34.0458	-0.9779	0.0264	0.9904	0.5435	0.1714	-0.5530	-0.6087	0.0428	0.0019	0.1093	
-33.8128	-10.0655	34.1442	-0.9780	0.0263	0.9903	0.5658	0.2118	-0.5216	-0.6042	0.0475	0.0043	0.1051	
-33.9139	-10.0608	34.2420	-0.9781	0.0264	0.9903	0.5761	0.2662	-0.4848	-0.6019	0.0530	0.0031	0.1040	
-34.0105	-10.0605	34.3424	-0.9781	0.0263	0.9903	0.5767	0.3212	-0.4536	-0.5991	0.0568	-0.0005	0.1024	
-34.1053	-10.0544	34.4416	-0.9780	0.0265	0.9903	0.5764	0.3629	-0.4246	-0.5975	0.0575	-0.0023	0.0997	
-34.2062	-10.0470	34.5454	-0.9781	0.0267	0.9906	0.5673	0.4183	-0.3908	-0.5920	0.0600	-0.0068	0.0995	
-34.3067	-10.0458	34.6468	-0.9782	0.0266	0.9907	0.5645	0.4616	-0.3604	-0.5826	0.0614	-0.0086	0.0969	
-34.4059	-10.0441	34.7464	-0.9783	0.0266	0.9907	0.5427	0.5180	-0.3385	-0.5689	0.0620	-0.0168	0.0956	
-34.5018	-10.0417	34.8448	-0.9782	0.0266	0.9906	0.5276	0.5680	-0.3129	-0.5495	0.0635	-0.0218	0.0938	
-34.6013	-10.0392	34.9490	-0.9783	0.0266	0.9909	0.4931	0.6239	-0.2878	-0.5339	0.0625	-0.0298	0.0949	
-34.6947	-10.0356	35.0488	-0.9781	0.0266	0.9909	0.4694	0.6734	-0.2690	-0.5050	0.0632	-0.0364	0.0926	
-34.7929	-10.0324	35.1471	-0.9781	0.0266	0.9909	0.4401	0.7207	-0.2376	-0.4794	0.0641	-0.0405	0.0931	
-34.8939	-10.0307	35.2420	-0.9782	0.0266	0.9907	0.3882	0.7648	-0.2123	-0.4688	0.0585	-0.0457	0.0963	
-34.9908	-10.0253	35.3398	-0.9782	0.0267	0.9906	0.3433	0.7989	-0.1979	-0.4546	0.0526	-0.0496	0.0961	
-35.0856	-10.0223	35.4393	-0.9781	0.0267	0.9906	0.2940	0.8280	-0.1943	-0.4396	0.0446	-0.0540	0.0951	
-35.1841	-10.0180	35.5386	-0.9781	0.0268	0.9907	0.2401	0.8553	-0.1782	-0.4241	0.0391	-0.0567	0.0965	
-35.2819	-10.0149	35.6404	-0.9781	0.0268	0.9908	0.1704	0.8837	-0.1500	-0.4082	0.0342	-0.0598	0.1024	
-35.3821	-10.0100	35.7371	-0.9782	0.0269	0.9907	0.1196	0.9025	-0.1387	-0.3921	0.0290	-0.0606	0.1017	
-35.4813	-10.0062	35.8360	-0.9782	0.0269	0.9907	0.0639	0.9169	-0.1352	-0.3728	0.0225	-0.0624	0.1012	
-35.5739	-10.0101	35.9356	-0.9780	0.0267	0.9907	-0.0013	0.9209	-0.1210	-0.3728	0.0312	-0.0653	0.0982	
-35.6681	-10.0072	36.0332	-0.9779	0.0267	0.9906	0.0532	-0.9263	0.0940	0.3623	0.0277	-0.0625	0.0999	
-35.7607	-10.0098	36.1330	-0.9777	0.0265	0.9907	0.1151	-0.9236	0.0582	0.3617	0.0241	-0.0573	0.1050	
-35.8551	-10.0049	36.2329	-0.9775	0.0266	0.9907	0.1739	-0.9167	0.0412	0.3602	0.0179	-0.0527	0.1074	
-35.9507	-10.0020	36.3295	-0.9774	0.0266	0.9906	0.2475	-0.9004	0.0215	0.3579	0.0111	-0.0485	0.1134	
-36.0506	-10.0021	36.4309	-0.9775	0.0265	0.9907	0.2973	-0.8865	0.0153	0.3590	0.0056	-0.0433	0.1123	
-36.1505	-9.9931	36.5298	-0.9776	0.0267	0.9907	0.3565	-0.8596	-0.0108	0.3671	0.0034	-0.0360	0.1162	
-36.2489	-9.9862	36.6307	-0.9776	0.0269	0.9908	0.4150	-0.8287	-0.0202	0.3777	-0.0016	-0.0283	0.1185	
-36.3478	-9.9832	36.7291	-0.9777	0.0269	0.9907	0.4634	-0.7947	-0.0594	0.3878	0.0014	-0.0217	0.1210	
-36.4445	-9.9782	36.8278	-0.9776	0.0270	0.9907	0.5029	-0.7620	-0.0845	0.4015	0.0028	-0.0147	0.1203	
-36.5419	-9.9767	36.9244	-0.9776	0.0269	0.9906	0.5332	-0.7277	-0.1070	0.4216	0.0052	-0.0070	0.1180	
-36.6379	-9.9683	37.0242	-0.9776	0.0272	0.9906	0.5694	-0.6747	-0.1422	0.4486	0.0099	0.0027	0.1203	
-36.7373	-9.9630	37.1225	-0.9776	0.0273	0.9906	0.6043	-0.6256	-0.1807	0.4584	0.0135	0.0069	0.1221	
-36.8333	-9.9572	37.2195	-0.9776	0.0274	0.9905	0.6346	-0.5736	-0.2105	0.4734	0.0163	0.0124	0.1226	
-36.9316	-9.9556	37.3178	-0.9776	0.0273	0.9905	0.6386	-0.5382	-0.2474	0.4953	0.0242	0.0149	0.1168	
-37.0312	-9.9499	37.4186	-0.9776	0.0275	0.9906	0.6512	-0.4873	-0.2769	0.5126	0.0285	0.0191	0.1151	
-37.1274	-9.9439	37.5190	-0.9776	0.0276	0.9906	0.6629	-0.4354	-0.3187	0.5188	0.0336	0.0196	0.1150	
-37.2233	-9.9413	37.6174	-0.9775	0.0276	0.9906	0.6724	-0.3856	-0.3514	0.5254	0.0366	0.0208	0.1137	
-37.3243	-9.9377	37.7185	-0.9776	0.0276	0.9907	0.6724	-0.3389	-0.3889	0.5317	0.0412	0.0199	0.1115	
-37.4239	-9.9312	37.8171	-0.9777	0.0278	0.9907	0.6715	-0.2830	-0.4316	0.5313	0.0460	0.0187	0.1119	
-37.5217	-9.9255	37.9172	-0.9777	0.0279	0.9907	0.6626	-0.2439	-0.4760	0.5258	0.0495	0.0134	0.1094	
-37.6183	-9.9211	38.0176	-0.9777	0.0279	0.9907	0.6410	-0.2032	-0.5154	0.5334	0.0556	0.0104	0.1054	
-37.7173	-9.9192	38.1202	-0.9777	0.0279	0.9909	0.6169	-0.1638	-0.5494	0.5413	0.0606	0.0081	0.1010	
-37.8173	-9.9142	38.2212	-0.9778	0.0280	0.9910	0.6047	-0.1307	-0.5831	0.5282	0.0594	0.0040	0.0989	
-37.9159	-9.9113	38.3197	-0.9778	0.0280	0.9909	0.5763	-0.1011	-0.6309	0.5111	0.0609	-0.0047	0.0978	
-38.0184	-9.9136	38.4209	-0.9780	0.0278	0.9910	0.5548	-0.0791	-0.6731	0.4847	0.0581	-0.0124	0.0968	
-38.1224	-9.9101	38.5222	-0.9782	0.0278	0.9911	0.5247	-0.0605	-0.7155	0.4595	0.0567	-0.0206	0.0953	
-38.2180	-9.9040	38.6196	-0.9782	0.0279	0.9910	0.5043	-0.0228	-0.7503	0.4264	0.0553	-0.0233	0.0973	
-38.3161	-9.9032	38.7178	-0.9782	0.0279	0.9910	0.4795	0.0150	-0.7892	0.3822	0.0532	-0.0278	0.1011	
-38.4162	-9.8985	38.8187	-0.9783	0.0279	0.9911	0.4598	0.0221	-0.8201	0.3446	0.0463	-0.0327	0.0995	
-38.5155	-9.8967	38.9201	-0.9783	0.0279	0.9912	0.4425	0.0374	-0.8463	0.2968	0.0396	-0.0355	0.1006	
-38.6127	-9.8961	39.0229	-0.9783	0.0278	0.9913	0.4390	0.0514	-0.8614	0.2562	0.0326	-0.0335	0.0995	
-38.7106	-9.8917	39.1206	-0.9783	0.0279	0.9912	0.4225	0.0813	-0.8784	0.2071	0.0299	-0.0331	0.1020	
-38.8117	-9.8903	39.2207	-0.9784	0.0278	0.9913	0.4033	0.1026	-0.8970	0.1483	0.0248	-0.0344	0.1055	
-38.9085	-9.8890	39.3238	-0.9784	0.0278	0.9914	0.3799	0.1239	-0.9114	0.0983	0.0220	-0.0356	0.1067	
-39.0101	-9.8829	39.4254	-0.9785	0.0279	0.9915	0.3825	0.1404	-0.9135	0.0329	0.0143	-0.0302	0.1100	
-39.1080	-9.8773	39.5234	-0.9785	0.0280	0.9915	0.3674	0.1589	-0.9152	-0.0393	0.0086	-0.0288	0.1150	
-39.2078	-9.8747	39.6238	-0.9786	0.0280	0.9915	0.3559	0.1802	-0.9095	-0.1132	0.0038	-0.0256	0.1200	
-39.3112	-9.8727	39.7243	-0.9788	0.0280	0.9916	0.3465	0.2012	-0.8976	-0.1822	0.0004	-0.0216	0.1234	
-39.4084	-9.8724	39.8202	-0.9788	0.0279	0.9915	0.3591	0.2084	-0.8797	-0.2389	-0.0040	-0.0128	0.1225	
-39.5079	-9.8671	39.9184	-0.9788	0.0280	0.9914	0.3592	0.2166	-0.8517	-0.3140	-0.0095	-0.0061	0.1266	
-39.6063	-9.8649	40.0182	-0.9788	0.0279	0.9914	0.3690	0.2204	-0.8250	-0.3700	-0.0126	0.0012	0.1255	
-39.7039	-9.8635	40.1133	-0.9788	0.0279	0.9913	0.3671	0.2246	-0.7969	-0.4251	-0.0152	0.0052	0.1249	
-39.8022	-9.8635	40.2139	-0.9788	0.0278	0.9913	0.3760	0.2421	-0.7579	-0.4761	-0.0133	0.0120	0.1249	
-39.9006	-9.8599	40.3134	-0.9789	0.0278	0.9914	0.3840	0.2683	-0.7118	-0.5239	-0.0089	0.0180	0.1256	
-40.0012	-9.8539	40.4130	-0.9790	0.0279	0.9914	0.3902	0.2911	-0.6577	-0.5745	-0.0056	0.0241	0.1276	
-40.1015	-9.8495	40.5156	-0.9791	0.0280	0.9915	0.3941	0.3223	-0.6009	-0.6161	0.0002	0.0281	0.1290	
-40.2033	-9.8467	40.6158	-0.9792	0.0280	0.9915	0.4070	0.3492	-0.5474	-0.6440	0.0066	0.0322	0.1270	
-40.3026	-9.8450	40.7170	-0.9792	0.0280	0.9916	0.4195	0.3637	-0.5004	-0.6666	0.0099	0.0357	0.1228	
-40.4049	-9.8393	40.8167	-0.9794	0.0281	0.9916	0.4235	0.3895	-0.4333	-0.6934	0.0154	0.0389	0.1241	
-40.5022	-9.8359	40.9126	-0.9794	0.0281	0.9915	0.4323	0.4166	-0.3752	-0.7074	0.0218	0.0400	0.1222	
-40.5985	-9.8315	41.0070	-0.9793	0.0282	0.9914	0.4315	0.4475	-0.3104	-0.7193	0.0279	0.0396	0.1224	
-40.6971	-9.8255	41.1105	-0.9793	0.0283	0.9915	0.4352	0.4697	-0.2477	-0.7277	0.0326	0.0405	0.1211	
-40.7979	-9.8205	41.2091	-0.9795	0.0283	0.9915	0.4345	0.4939	-0.1867	-0.7303	0.0370	0.0396	0.1198	
-40.8911	-9.8167	41.3086	-0.9793	0.0284	0.9915	0.4305	0.5211	-0.1397	-0.7256	0.0398	0.0353	0.1165	
-40.9879	-9.8108	41.4052	-0.9792	0.0285	0.9914	0.4405	0.5481	-0.0837	-0.7081	0.0472	0.0333	0.1131	
-41.0848	-9.8107	41.5074	-0.9792	0.0284	0.9915	0.4352	0.5679	-0.0334	-0.6990	0.0489	0.0311	0.1105	
-41.1825	-9.8087	41.6038	-0.9792	0.0284	0.9914	0.4398	0.5891	0.0072	-0.6806	0.0520	0.0279	0.1054	
-41.2810	-9.8080	41.7045	-0.9792	0.0283	0.9915	0.4307	0.6046	0.0507	-0.6695	0.0517	0.0258	0.1026	
-41.3747	-9.8057	41.8014	-0.9791	0.0283	0.9914	0.4162	0.6351	0.0887	-0.6464	0.0520	0.0189	0.1015	
-41.4728	-9.8037	41.9003	-0.9791	0.0282	0.9914	0.4031	0.6650	0.1290	-0.6167	0.0537	0.0126	0.1006	
-41.5716	-9.7962	41.9997	-0.9791	0.0284	0.9914	0.3894	0.6974	0.1639	-0.5808	0.0551	0.0053	0.0996	
-41.6679	-9.7946	42.0966	-0.9790	0.0283	0.9913	0.3605	0.7264	0.1996	-0.5508	0.0532	-0.0004	0.1009	
-41.7657	-9.7918	42.1948	-0.9790	0.0283	0.9913	0.3293	0.7500	0.2359	-0.5234	0.0509	-0.0042	0.1020	
-41.8605	-9.7859	42.2963	-0.9789	0.0285	0.9914	0.3031	0.7770	0.2638	-0.4860	0.0496	-0.0100	0.1019	
-41.9568	-9.7839	42.3963	-0.9789	0.0284	0.9914	0.2661	0.7976	0.2879	-0.4599	0.0448	-0.0128	0.1023	
-42.0545	-9.7812	42.4936	-0.9789	0.0284	0.9913	0.2227	0.8163	0.3151	-0.4303	0.0407	-0.0152	0.1044	
-42.1533	-9.7755	42.5961	-0.9789	0.0285	0.9915	0.1820	0.8231	0.3441	-0.4146	0.0367	-0.0132	0.1046	
-42.2559	-9.7742	42.6966	-0.9791	0.0285	0.9915	0.1424	0.8358	0.3600	-0.3914	0.0318	-0.0143	0.1040	
-42.3543	-9.7713	42.7950	-0.9791	0.0285	0.9915	0.0938	0.8412	0.3841	-0.3691	0.0280	-0.0132	0.1058	
-42.4514	-9.7663	42.8942	-0.9791	0.0285	0.9915	0.0255	0.8394	0.4223	-0.3383	0.0256	-0.0113	0.1134	
-42.5445	-9.7590	42.9938	-0.9789	0.0287	0.9915	0.0244	-0.8450	-0.4342	0.3128	0.0300	-0.0090	0.1135	
-42.6366	-9.7525	43.0920	-0.9787	0.0288	0.9915	0.0743	-0.8428	-0.4462	0.2943	0.0335	-0.0053	0.1143	
-42.7285	-9.7491	43.1920	-0.9785	0.0288	0.9915	0.1279	-0.8253	-0.4756	0.2756	0.0355	-0.0022	0.1147	
-42.8212	-9.7457	43.2924	-0.9783	0.0289	0.9915	0.1804	-0.8057	-0.4984	0.2658	0.0377	0.0046	0.1151	
-42.9160	-9.7408	43.3938	-0.9782	0.0289	0.9916	0.2400	-0.7847	-0.5129	0.2531	0.0363	0.0129	0.1175	
-43.0111	-9.7378	43.4945	-0.9781	0.0289	0.9917	0.3073	-0.7528	-0.5235	0.2559	0.0363	0.0257	0.1199	
-43.1054	-9.7368	43.5934	-0.9780	0.0289	0.9917	0.3758	-0.7088	-0.5375	0.2582	0.0373	0.0363	0.1235	
-43.2031	-9.7331	43.6906	-0.9780	0.0289	0.9916	0.4381	-0.6691	-0.5384	0.2674	0.0350	0.0461	0.1227	
-43.3033	-9.7326	43.7951	-0.9781	0.0288	0.9918	0.4836	-0.6210	-0.5515	0.2775	0.0371	0.0513	0.1192	
-43.4034	-9.7303	43.8959	-0.9782	0.0288	0.9918	0.5356	-0.5670	-0.5553	0.2882	0.0376	0.0581	0.1182	
-43.5010	-9.7295	43.9952	-0.9781	0.0287	0.9918	0.5794	-0.5106	-0.5622	0.2956	0.0390	0.0621	0.1167	
-43.6018	-9.7262	44.0985	-0.9782	0.0287	0.9920	0.6188	-0.4562	-0.5619	0.3066	0.0393	0.0662	0.1136	
-43.7002	-9.7206	44.1989	-0.9783	0.0288	0.9920	0.6531	-0.4070	-0.5615	0.3061	0.0379	0.0667	0.1112	
-43.7985	-9.7170	44.3014	-0.9783	0.0288	0.9921	0.6793	-0.3450	-0.5645	0.3189	0.0415	0.0691	0.1079	
-43.8999	-9.7161	44.4005	-0.9784	0.0288	0.9921	0.6869	-0.2938	-0.5740	0.3415	0.0469	0.0683	0.1003	
-43.9991	-9.7094	44.5004	-0.9784	0.0289	0.9921	0.6990	-0.2270	-0.5834	0.3463	0.0515	0.0674	0.0988	
-44.0972	-9.7046	44.5974	-0.9785	0.0290	0.9921	0.6987	-0.1704	-0.6001	0.3542	0.0564	0.0630	0.0950	
-44.1957	-9.6993	44.6982	-0.9785	0.0291	0.9921	0.7027	-0.1159	-0.6043	0.3595	0.0584	0.0612	0.0918	
-44.2940	-9.6952	44.7967	-0.9785	0.0291	0.9921	0.6933	-0.0687	-0.6227	0.3613	0.0610	0.0542	0.0883	
-44.3923	-9.6907	44.8993	-0.9785	0.0291	0.9922	0.6854	-0.0111	-0.6305	0.3657	0.0646	0.0513	0.0862	
-44.4941	-9.6851	44.9988	-0.9786	0.0292	0.9922	0.6687	0.0517	-0.6440	0.3690	0.0698	0.0468	0.0853	
-44.5958	-9.6827	45.0986	-0.9788	0.0292	0.9922	0.6444	0.1193	-0.6603	0.3674	0.0754	0.0412	0.0860	
-44.6971	-9.6805	45.1977	-0.9789	0.0292	0.9922	0.6199	0.1749	-0.6738	0.3638	0.0778	0.0356	0.0855	
-44.7984	-9.6757	45.2979	-0.9790	0.0293	0.9923	0.5998	0.2414	-0.6836	0.3377	0.0778	0.0318	0.0900	
-44.8966	-9.6754	45.3960	-0.9790	0.0292	0.9922	0.5612	0.2803	-0.7091	0.3283	0.0773	0.0215	0.0891	
-44.9963	-9.6730	45.4956	-0.9791	0.0292	0.9922	0.5217	0.3221	-0.7239	0.3199	0.0779	0.0143	0.0883	
-45.0933	-9.6691	45.5950	-0.9790	0.0292	0.9922	0.5016	0.3629	-0.7296	0.2928	0.0733	0.0125	0.0895	
-45.1908	-9.6646	45.6976	-0.9790	0.0292	0.9924	0.4574	0.3999	-0.7496	0.2660	0.0708	0.0043	0.0922	
-45.2884	-9.6612	45.7985	-0.9790	0.0293	0.9924	0.4230	0.4475	-0.7545	0.2257	0.0681	0.0022	0.0970	
-45.3865	-9.6584	45.8953	-0.9790	0.0293	0.9923	0.3841	0.4843	-0.7611	0.1982	0.0662	-0.0014	0.0982	
-45.4844	-9.6541	45.9954	-0.9790	0.0293	0.9924	0.3522	0.5215	-0.7631	0.1477	0.0609	-0.0016	0.1031	
-45.5790	-9.6503	46.0915	-0.9789	0.0293	0.9923	0.3195	0.5396	-0.7727	0.1112	0.0545	-0.0041	0.1036	
-45.6746	-9.6459	46.1948	-0.9788	0.0294	0.9924	0.2924	0.5652	-0.7685	0.0756	0.0510	-0.0034	0.1035	
-45.7737	-9.6453	46.2973	-0.9789	0.0293	0.9925	0.2619	0.5798	-0.7719	0.0356	0.0450	-0.0042	0.1041	
-45.8702	-9.6384	46.3978	-0.9788	0.0294	0.9925	0.2331	0.6032	-0.7631	-0.0029	0.0428	-0.0032	0.1044	
-45.9678	-9.6338	46.4965	-0.9788	0.0295	0.9925	0.1956	0.6122	-0.7642	-0.0601	0.0357	-0.0032	0.1089	
-46.0666	-9.6311	46.5970	-0.9788	0.0295	0.9926	0.1685	0.6213	-0.7597	-0.1005	0.0315	-0.0025	0.1082	
-46.1674	-9.6288	46.6931	-0.9789	0.0294	0.9925	0.1396	0.6301	-0.7492	-0.1499	0.0277	-0.0004	0.1096	
-46.2677	-9.6250	46.7946	-0.9790	0.0295	0.9925	0.1192	0.6420	-0.7316	-0.1973	0.0259	0.0035	0.1095	
-46.3682	-9.6217	46.8916	-0.9791	0.0295	0.9925	0.1189	0.6524	-0.7049	-0.2547	0.0247	0.0135	0.1087	
-46.4657	-9.6195	46.9920	-0.9791	0.0295	0.9925	0.1082	0.6578	-0.6771	-0.3119	0.0230	0.0201	0.1094	
-46.5600	-9.6149	47.0905	-0.9790	0.0295	0.9925	0.1093	0.6614	-0.6469	-0.3652	0.0226	0.0281	0.1077	
-46.6583	-9.6102	47.1871	-0.9790	0.0296	0.9924	0.0979	0.6752	-0.5963	-0.4216	0.0264	0.0341	0.1095	
-46.7556	-9.6065	47.2846	-0.9790	0.0296	0.9923	0.0937	0.6774	-0.5544	-0.4742	0.0274	0.0400	0.1091	
-46.8572	-9.6064	47.3846	-0.9791	0.0295	0.9924	0.0899	0.6734	-0.5063	-0.5304	0.0283	0.0467	0.1097	
-46.9587	-9.6015	47.4840	-0.9792	0.0296	0.9924	0.0928	0.6726	-0.4601	-0.5728	0.0309	0.0510	0.1070	
-47.0555	-9.6003	47.5805	-0.9792	0.0295	0.9923	0.1000	0.6860	-0.4093	-0.5956	0.0377	0.0512	0.1016	
-47.1531	-9.5948	47.6791	-0.9791	0.0296	0.9923	0.1044	0.6973	-0.3526	-0.6167	0.0443	0.0509	0.0978	
-47.2518	-9.5918	47.7767	-0.9792	0.0296	0.9922	0.1061	0.6998	-0.2955	-0.6419	0.0487	0.0517	0.0957	
-47.3493	-9.5896	47.8745	-0.9792	0.0296	0.9922	0.1072	0.7109	-0.2321	-0.6559	0.0553	0.0496	0.0936	
-47.4502	-9.5886	47.9709	-0.9792	0.0295	0.9921	0.1140	0.7102	-0.1797	-0.6720	0.0583	0.0498	0.0900	
-47.5490	-9.5855	48.0680	-0.9793	0.0295	0.9920	0.1302	0.7092	-0.1007	-0.6853	0.0679	0.0516	0.0884	
-47.6502	-9.5818	48.1661	-0.9794	0.0295	0.9920	0.1407	0.7091	-0.0255	-0.6903	0.0754	0.0506	0.0870	
-47.7452	-9.5763	48.2631	-0.9793	0.0296	0.9919	0.1478	0.7019	0.0477	-0.6946	0.0807	0.0502	0.0862	
-47.8470	-9.5716	48.3628	-0.9794	0.0297	0.9919	0.1514	0.7063	0.1214	-0.6814	0.0866	0.0445	0.0858	
-47.9455	-9.5708	48.4630	-0.9794	0.0296	0.9920	0.1631	0.7061	0.1896	-0.6634	0.0921	0.0397	0.0836	
-48.0420	-9.5618	48.5613	-0.9794	0.0298	0.9919	0.1638	0.7044	0.2559	-0.6421	0.0950	0.0345	0.0835	
-48.1408	-9.5586	48.6572	-0.9794	0.0298	0.9918	0.1656	0.7064	0.3199	-0.6105	0.0980	0.0274	0.0832	
-48.2373	-9.5544	48.7557	-0.9794	0.0298	0.9918	0.1655	0.7109	0.3658	-0.5805	0.0967	0.0208	0.0813	
-48.3346	-9.5505	48.8555	-0.9793	0.0299	0.9918	0.1627	0.7147	0.4174	-0.5393	0.0970	0.0130	0.0814	
-48.4330	-9.5492	48.9549	-0.9794	0.0298	0.9918	0.1564	0.7178	0.4673	-0.4939	0.0967	0.0055	0.0823	
-48.5352	-9.5465	49.0529	-0.9795	0.0298	0.9918	0.1480	0.7203	0.5091	-0.4500	0.0947	-0.0009	0.0826	
-48.6337	-9.5440	49.1516	-0.9795	0.0298	0.9918	0.1373	0.7180	0.5603	-0.3900	0.0959	-0.0087	0.0856	
-48.7302	-9.5379	49.2516	-0.9795	0.0299	0.9918	0.1168	0.7145	0.5964	-0.3499	0.0913	-0.0111	0.0870	
-48.8299	-9.5335	49.3503	-0.9795	0.0299	0.9918	0.0977	0.7069	0.6309	-0.3068	0.0880	-0.0136	0.0881	
-48.9268	-9.5297	49.4507	-0.9795	0.0299	0.9918	0.0810	0.6987	0.6626	-0.2599	0.0854	-0.0167	0.0888	
-49.0233	-9.5276	49.5494	-0.9794	0.0299	0.9918	0.0487	0.6797	0.6990	-0.2167	0.0828	-0.0158	0.0926	
