-1.0586	-10.2520	-0.7292	0.0000	0.0000	0.0000	0.5194	-0.7329	-0.4090	0.1609	0.0000	0.0000	0.0000	
-0.7035	-10.4468	-0.3487	0.0352	-0.0193	0.0377	0.5192	-0.7350	-0.3878	0.2055	0.0027	0.0173	-0.0092	
-0.5551	-10.5517	-0.0940	0.0717	-0.0483	0.1038	0.4850	-0.7320	-0.4380	0.2049	0.0800	-0.0490	-0.0413	
-0.4386	-10.4939	0.0128	0.1187	-0.0236	0.1467	0.4556	-0.7480	-0.4371	0.2164	0.0426	-0.0220	-0.0677	
-0.3724	-10.5255	0.0764	0.1531	-0.0433	0.1804	0.3978	-0.7770	-0.4178	0.2533	0.0289	-0.0057	-0.1040	
-0.3739	-10.5271	0.0979	0.1425	-0.0409	0.1828	0.3893	-0.7838	-0.3770	0.3133	0.0146	0.0354	-0.0986	
-0.4139	-10.4546	0.1062	0.0939	0.0286	0.1695	0.3744	-0.8025	-0.3412	0.3216	-0.0045	0.0311	-0.0902	
-0.5043	-10.4486	0.2078	-0.0045	0.0330	0.2529	0.3202	-0.8211	-0.2912	0.3693	-0.0090	0.0376	-0.1080	
-0.5687	-10.4936	0.2251	-0.0690	-0.0135	0.2458	0.2749	-0.8313	-0.2674	0.4019	-0.0056	0.0355	-0.1092	
-0.6353	-10.5498	0.1924	-0.1308	-0.0662	0.1870	0.2364	-0.8274	-0.2626	0.4388	0.0041	0.0352	-0.1048	
-0.6511	-10.5385	0.1898	-0.1336	-0.0495	0.1668	0.2108	-0.8237	-0.2499	0.4657	0.0064	0.0356	-0.0988	
-0.6953	-10.5598	0.2232	-0.1620	-0.0650	0.1823	0.1688	-0.8272	-0.2073	0.4933	0.0022	0.0370	-0.1018	
-0.8082	-10.4463	0.2527	-0.2551	0.0479	0.1923	0.1412	-0.8226	-0.1866	0.5196	0.0033	0.0375	-0.0990	
-0.8838	-10.4171	0.2672	-0.2986	0.0679	0.1869	0.1194	-0.8142	-0.1395	0.5514	-0.0020	0.0429	-0.0977	
-0.9762	-10.3771	0.3532	-0.3517	0.0957	0.2463	0.0961	-0.7962	-0.0979	0.5894	-0.0038	0.0490	-0.0965	
-1.0570	-10.3582	0.3585	-0.3899	0.1020	0.2267	0.0637	-0.7794	-0.0515	0.6204	-0.0060	0.0528	-0.0976	
-1.1104	-10.3662	0.4901	-0.4031	0.0919	0.3130	0.0552	-0.7699	-0.0035	0.6376	0.0022	0.0515	-0.1013	
-1.1386	-10.2964	0.5545	-0.3926	0.1400	0.3367	0.0100	-0.7505	0.0351	0.6591	0.0026	0.0528	-0.1031	
-1.1671	-10.2184	0.5434	-0.3886	0.1887	0.3054	0.0251	0.7243	-0.0726	-0.6850	0.0015	0.0504	-0.1035	
-1.2171	-10.2143	0.6453	-0.3979	0.1854	0.3570	0.0495	0.7038	-0.1077	-0.7014	-0.0011	0.0483	-0.1048	
-1.2899	-10.2487	0.6335	-0.4239	0.1496	0.3245	0.0796	0.6811	-0.1546	-0.7113	-0.0049	0.0461	-0.1063	
-1.3098	-10.2075	0.6330	-0.4118	0.1686	0.3038	0.1036	0.6534	-0.2024	-0.7224	-0.0115	0.0453	-0.1071	
-1.4211	-10.1388	0.6939	-0.4560	0.2037	0.3238	0.1282	0.6320	-0.2520	-0.7218	-0.0158	0.0418	-0.1076	
-1.5393	-10.0750	0.7591	-0.5041	0.2293	0.3449	0.1400	0.5919	-0.3150	-0.7288	-0.0272	0.0434	-0.1100	
-1.6497	-9.9890	0.8293	-0.5387	0.2688	0.3674	0.1424	0.5626	-0.3735	-0.7246	-0.0359	0.0403	-0.1086	
-1.7070	-9.9092	0.8989	-0.5387	0.3015	0.3878	0.1410	0.5351	-0.4255	-0.7172	-0.0422	0.0372	-0.1053	
-1.8395	-9.8281	0.9508	-0.5815	0.3286	0.3954	0.1519	0.5052	-0.4849	-0.6971	-0.0461	0.0342	-0.1073	
-1.9662	-9.7190	0.9604	-0.6181	0.3680	0.3794	0.1720	0.4710	-0.5415	-0.6740	-0.0474	0.0335	-0.1104	
-2.0933	-9.6497	0.9670	-0.6507	0.3842	0.3641	0.1815	0.4457	-0.5956	-0.6433	-0.0495	0.0291	-0.1117	
-2.1934	-9.5738	0.9432	-0.6670	0.4037	0.3357	0.1917	0.4288	-0.6377	-0.6120	-0.0485	0.0246	-0.1106	
-2.3039	-9.4991	1.0018	-0.6878	0.4210	0.3494	0.1950	0.4078	-0.6768	-0.5826	-0.0488	0.0207	-0.1085	
-2.3558	-9.4277	1.0515	-0.6797	0.4361	0.3570	0.2148	0.3857	-0.7063	-0.5547	-0.0451	0.0199	-0.1070	
-2.4454	-9.3153	1.0586	-0.6881	0.4681	0.3467	0.2064	0.3806	-0.7433	-0.5134	-0.0450	0.0115	-0.1051	
-2.5272	-9.2177	1.0613	-0.6936	0.4914	0.3335	0.2229	0.3621	-0.7711	-0.4750	-0.0416	0.0102	-0.1051	
-2.6058	-9.1738	1.0933	-0.6977	0.4898	0.3330	0.2460	0.3375	-0.7953	-0.4400	-0.0385	0.0111	-0.1051	
-2.7264	-9.1093	1.1501	-0.7195	0.4968	0.3429	0.2710	0.3122	-0.8172	-0.4021	-0.0350	0.0121	-0.1057	
-2.8445	-8.9791	1.1724	-0.7386	0.5302	0.3381	0.3093	0.2812	-0.8356	-0.3558	-0.0296	0.0156	-0.1085	
-2.9538	-8.9016	1.1456	-0.7525	0.5404	0.3145	0.3416	0.2567	-0.8460	-0.3206	-0.0255	0.0193	-0.1076	
-3.0323	-8.8706	1.1702	-0.7537	0.5319	0.3116	0.3813	0.2253	-0.8546	-0.2698	-0.0210	0.0223	-0.1109	
-3.1425	-8.8089	1.1784	-0.7667	0.5356	0.3033	0.4072	0.2072	-0.8570	-0.2441	-0.0179	0.0249	-0.1067	
-3.2143	-8.7501	1.1599	-0.7645	0.5377	0.2854	0.4446	0.1774	-0.8549	-0.1993	-0.0140	0.0291	-0.1078	
-3.3217	-8.6433	1.2371	-0.7760	0.5569	0.3026	0.4808	0.1434	-0.8502	-0.1582	-0.0109	0.0331	-0.1082	
-3.4259	-8.5822	1.2275	-0.7851	0.5588	0.2888	0.5220	0.1114	-0.8375	-0.1150	-0.0077	0.0388	-0.1087	
-3.5005	-8.5050	1.2656	-0.7837	0.5660	0.2918	0.5573	0.0673	-0.8234	-0.0832	-0.0086	0.0445	-0.1074	
-3.6023	-8.4174	1.2887	-0.7916	0.5763	0.2899	0.5835	0.0409	-0.8102	-0.0524	-0.0070	0.0465	-0.1046	
-3.6807	-8.3377	1.3155	-0.7912	0.5835	0.2892	0.6135	0.0088	-0.7898	-0.0247	-0.0066	0.0505	-0.1019	
-3.7641	-8.3015	1.3480	-0.7925	0.5764	0.2903	0.6446	-0.0227	-0.7644	0.0051	-0.0062	0.0546	-0.1001	
-3.8772	-8.2383	1.3632	-0.8031	0.5781	0.2863	0.6710	-0.0631	-0.7379	0.0342	-0.0081	0.0580	-0.0991	
-3.9311	-8.1628	1.3950	-0.7949	0.5833	0.2874	0.6948	-0.1106	-0.7098	0.0479	-0.0133	0.0615	-0.0960	
-4.0144	-8.0845	1.4059	-0.7960	0.5893	0.2823	0.7095	-0.1469	-0.6859	0.0728	-0.0144	0.0617	-0.0943	
-4.1102	-8.0342	1.4510	-0.8008	0.5870	0.2873	0.7204	-0.1866	-0.6663	0.0746	-0.0202	0.0603	-0.0899	
-4.1917	-7.9556	1.4523	-0.8012	0.5926	0.2797	0.7310	-0.2252	-0.6398	0.0836	-0.0239	0.0606	-0.0866	
-4.2863	-7.9012	1.4808	-0.8053	0.5913	0.2801	0.7449	-0.2717	-0.6009	0.0987	-0.0279	0.0631	-0.0861	
-4.3786	-7.8068	1.4889	-0.8087	0.6011	0.2750	0.7524	-0.3173	-0.5672	0.1087	-0.0320	0.0636	-0.0848	
-4.4642	-7.7206	1.5370	-0.8101	0.6084	0.2807	0.7515	-0.3664	-0.5377	0.1131	-0.0370	0.0612	-0.0843	
-4.5532	-7.6356	1.5707	-0.8123	0.6152	0.2824	0.7417	-0.4149	-0.5149	0.1181	-0.0410	0.0564	-0.0844	
-4.6259	-7.6028	1.6142	-0.8099	0.6079	0.2864	0.7313	-0.4629	-0.4823	0.1343	-0.0431	0.0542	-0.0867	
-4.7160	-7.5362	1.6453	-0.8122	0.6098	0.2871	0.7067	-0.5180	-0.4632	0.1389	-0.0472	0.0470	-0.0893	
-4.8133	-7.4729	1.6741	-0.8163	0.6106	0.2872	0.6887	-0.5597	-0.4370	0.1489	-0.0482	0.0438	-0.0898	
-4.9213	-7.4259	1.7144	-0.8229	0.6076	0.2902	0.6530	-0.6158	-0.4068	0.1681	-0.0499	0.0390	-0.0961	
-5.0052	-7.3779	1.7322	-0.8231	0.6046	0.2875	0.6199	-0.6597	-0.3810	0.1880	-0.0488	0.0353	-0.0993	
-5.1053	-7.3220	1.7631	-0.8274	0.6036	0.2879	0.5923	-0.6929	-0.3516	0.2140	-0.0457	0.0346	-0.1008	
-5.1894	-7.2487	1.8042	-0.8277	0.6068	0.2907	0.5582	-0.7283	-0.3277	0.2268	-0.0446	0.0310	-0.1020	
-5.2661	-7.1614	1.8236	-0.8263	0.6132	0.2884	0.5130	-0.7665	-0.3057	0.2373	-0.0438	0.0259	-0.1049	
-5.3622	-7.0835	1.8709	-0.8295	0.6171	0.2924	0.4760	-0.7906	-0.2906	0.2564	-0.0393	0.0232	-0.1052	
-5.4396	-7.0183	1.8926	-0.8282	0.6179	0.2907	0.4351	-0.8162	-0.2704	0.2689	-0.0373	0.0203	-0.1056	
-5.5172	-6.9784	1.9118	-0.8269	0.6130	0.2883	0.3885	-0.8345	-0.2508	0.3005	-0.0313	0.0204	-0.1077	
-5.5877	-6.9131	1.9171	-0.8241	0.6138	0.2832	0.3482	-0.8487	-0.2198	0.3319	-0.0277	0.0234	-0.1084	
-5.6832	-6.8322	1.9564	-0.8270	0.6180	0.2855	0.3095	-0.8563	-0.1959	0.3654	-0.0228	0.0260	-0.1085	
-5.7494	-6.7553	1.9756	-0.8234	0.6212	0.2834	0.2650	-0.8607	-0.1701	0.4002	-0.0181	0.0290	-0.1095	
-5.8211	-6.6988	2.0035	-0.8211	0.6199	0.2833	0.2229	-0.8582	-0.1366	0.4416	-0.0143	0.0346	-0.1101	
-5.9004	-6.6099	2.0433	-0.8206	0.6255	0.2855	0.1802	-0.8526	-0.1018	0.4795	-0.0114	0.0394	-0.1109	
-5.9772	-6.5260	2.0889	-0.8196	0.6298	0.2889	0.1436	-0.8461	-0.0825	0.5083	-0.0077	0.0409	-0.1089	
-6.0493	-6.4707	2.1301	-0.8176	0.6281	0.2913	0.1077	-0.8352	-0.0756	0.5366	-0.0021	0.0414	-0.1056	
-6.1321	-6.4049	2.1623	-0.8178	0.6287	0.2919	0.0697	-0.8173	-0.0378	0.5704	-0.0021	0.0464	-0.1053	
-6.1790	-6.3496	2.1809	-0.8109	0.6272	0.2898	0.0315	-0.7965	-0.0096	0.6038	-0.0032	0.0429	-0.1062	
-6.2557	-6.2931	2.2183	-0.8100	0.6259	0.2914	-0.0027	0.7841	-0.0346	-0.6202	-0.0069	0.0442	-0.1044	
-6.3107	-6.2323	2.2532	-0.8050	0.6255	0.2925	0.0225	0.7609	-0.0614	-0.6468	-0.0066	0.0481	-0.1008	
-6.3810	-6.1617	2.2687	-0.8031	0.6269	0.2900	0.0373	0.7388	-0.0964	-0.6675	-0.0098	0.0508	-0.0965	
-6.4512	-6.1134	2.2939	-0.8011	0.6242	0.2894	0.0676	0.7218	-0.1262	-0.6778	-0.0097	0.0498	-0.0950	
-6.5415	-6.0724	2.3134	-0.8029	0.6203	0.2876	0.0964	0.6915	-0.1837	-0.6913	-0.0154	0.0524	-0.0964	
-6.6207	-6.0289	2.3546	-0.8027	0.6169	0.2899	0.1139	0.6648	-0.2172	-0.7065	-0.0173	0.0537	-0.0931	
-6.7225	-5.9894	2.3889	-0.8066	0.6129	0.2909	0.1276	0.6282	-0.2483	-0.7270	-0.0192	0.0573	-0.0894	
-6.8386	-5.9441	2.4450	-0.8129	0.6101	0.2956	0.1325	0.5951	-0.3020	-0.7335	-0.0270	0.0570	-0.0878	
-6.9390	-5.8847	2.4788	-0.8163	0.6098	0.2964	0.1430	0.5601	-0.3356	-0.7444	-0.0288	0.0584	-0.0850	
-6.9996	-5.8263	2.4989	-0.8126	0.6093	0.2947	0.1622	0.5295	-0.3867	-0.7372	-0.0326	0.0560	-0.0873	
-7.0855	-5.7682	2.5286	-0.8133	0.6089	0.2948	0.1581	0.5056	-0.4347	-0.7298	-0.0389	0.0513	-0.0855	
-7.1653	-5.7022	2.5578	-0.8131	0.6097	0.2948	0.1680	0.4700	-0.4852	-0.7177	-0.0430	0.0494	-0.0872	
-7.2643	-5.6430	2.5981	-0.8160	0.6094	0.2965	0.1883	0.4300	-0.5331	-0.7031	-0.0445	0.0487	-0.0899	
-7.3449	-5.5672	2.6402	-0.8158	0.6119	0.2986	0.1991	0.3964	-0.5817	-0.6817	-0.0468	0.0452	-0.0921	
-7.4310	-5.4971	2.6700	-0.8165	0.6133	0.2986	0.2238	0.3704	-0.6292	-0.6457	-0.0453	0.0401	-0.0969	
-7.5114	-5.4323	2.7067	-0.8163	0.6139	0.2997	0.2329	0.3394	-0.6646	-0.6241	-0.0456	0.0377	-0.0964	
-7.5973	-5.3529	2.7379	-0.8170	0.6168	0.2999	0.2428	0.3072	-0.7161	-0.5774	-0.0473	0.0317	-0.1020	
-7.6681	-5.2986	2.7614	-0.8152	0.6156	0.2989	0.2558	0.2869	-0.7475	-0.5430	-0.0446	0.0277	-0.1024	
-7.7390	-5.2364	2.7846	-0.8135	0.6157	0.2978	0.2737	0.2602	-0.7774	-0.5034	-0.0417	0.0255	-0.1042	
-7.8253	-5.1640	2.8205	-0.8142	0.6174	0.2988	0.2940	0.2367	-0.8016	-0.4645	-0.0375	0.0240	-0.1049	
-7.9166	-5.1019	2.8452	-0.8157	0.6175	0.2980	0.3274	0.2167	-0.8213	-0.4145	-0.0304	0.0233	-0.1080	
-8.0002	-5.0444	2.8713	-0.8160	0.6169	0.2975	0.3498	0.1927	-0.8355	-0.3788	-0.0268	0.0239	-0.1069	
-8.0785	-4.9818	2.8900	-0.8155	0.6170	0.2958	0.3789	0.1672	-0.8466	-0.3347	-0.0221	0.0253	-0.1078	
-8.1744	-4.9319	2.9138	-0.8176	0.6152	0.2950	0.4006	0.1552	-0.8566	-0.2883	-0.0166	0.0236	-0.1080	
-8.2575	-4.8639	2.9475	-0.8177	0.6162	0.2956	0.4342	0.1411	-0.8549	-0.2501	-0.0100	0.0264	-0.1060	
-8.3342	-4.8067	2.9880	-0.8170	0.6155	0.2971	0.4720	0.1208	-0.8490	-0.2058	-0.0041	0.0303	-0.1058	
-8.4177	-4.7559	3.0055	-0.8172	0.6140	0.2954	0.4911	0.1055	-0.8504	-0.1583	-0.0006	0.0290	-0.1059	
-8.4977	-4.7135	3.0363	-0.8169	0.6112	0.2956	0.5278	0.0714	-0.8376	-0.1230	-0.0001	0.0353	-0.1045	
-8.5759	-4.6558	3.0825	-0.8164	0.6107	0.2979	0.5616	0.0519	-0.8220	-0.0827	0.0040	0.0391	-0.1030	
-8.6709	-4.5934	3.0975	-0.8183	0.6109	0.2958	0.5867	0.0211	-0.8083	-0.0480	0.0033	0.0421	-0.1014	
-8.7499	-4.5284	3.1270	-0.8179	0.6114	0.2958	0.6197	-0.0000	-0.7850	-0.0084	0.0066	0.0466	-0.0999	
-8.8516	-4.4563	3.1516	-0.8207	0.6129	0.2952	0.6480	-0.0377	-0.7605	0.0219	0.0041	0.0512	-0.0984	
-8.9323	-4.4039	3.1815	-0.8204	0.6117	0.2952	0.6739	-0.0762	-0.7344	0.0425	0.0000	0.0552	-0.0955	
-9.0147	-4.3239	3.1976	-0.8205	0.6143	0.2935	0.6959	-0.1100	-0.7067	0.0684	-0.0017	0.0581	-0.0934	
-9.1006	-4.2749	3.2254	-0.8210	0.6126	0.2932	0.7164	-0.1428	-0.6804	0.0772	-0.0064	0.0601	-0.0888	
-9.1697	-4.2106	3.2529	-0.8193	0.6130	0.2930	0.7347	-0.1794	-0.6468	0.0988	-0.0088	0.0627	-0.0874	
-9.2497	-4.1626	3.2858	-0.8190	0.6112	0.2935	0.7456	-0.2277	-0.6114	0.1314	-0.0119	0.0637	-0.0900	
-9.3354	-4.1124	3.3075	-0.8195	0.6098	0.2925	0.7588	-0.2669	-0.5776	0.1430	-0.0166	0.0648	-0.0878	
-9.4054	-4.0499	3.3449	-0.8179	0.6100	0.2936	0.7669	-0.3125	-0.5415	0.1484	-0.0228	0.0649	-0.0862	
-9.4894	-3.9906	3.3849	-0.8182	0.6098	0.2950	0.7621	-0.3637	-0.5119	0.1601	-0.0281	0.0616	-0.0876	
-9.5649	-3.9356	3.4106	-0.8174	0.6090	0.2945	0.7575	-0.4056	-0.4775	0.1827	-0.0292	0.0603	-0.0890	
-9.6613	-3.8679	3.4415	-0.8192	0.6099	0.2947	0.7442	-0.4599	-0.4396	0.2020	-0.0330	0.0579	-0.0927	
-9.7373	-3.8100	3.4774	-0.8185	0.6096	0.2955	0.7279	-0.5107	-0.4048	0.2136	-0.0368	0.0546	-0.0950	
-9.8225	-3.7437	3.4998	-0.8189	0.6103	0.2947	0.7029	-0.5613	-0.3750	0.2252	-0.0396	0.0496	-0.0978	
-9.9132	-3.6938	3.5245	-0.8199	0.6089	0.2941	0.6700	-0.6037	-0.3590	0.2440	-0.0380	0.0426	-0.1005	
-9.9984	-3.6490	3.5368	-0.8203	0.6069	0.2920	0.6425	-0.6407	-0.3326	0.2586	-0.0378	0.0391	-0.1012	
-10.0906	-3.5880	3.5545	-0.8215	0.6070	0.2906	0.6027	-0.6813	-0.3122	0.2756	-0.0363	0.0335	-0.1043	
-10.1891	-3.5452	3.5858	-0.8235	0.6049	0.2909	0.5663	-0.7149	-0.2895	0.2917	-0.0347	0.0296	-0.1057	
-10.2672	-3.4948	3.6274	-0.8230	0.6037	0.2923	0.5164	-0.7591	-0.2659	0.2945	-0.0360	0.0226	-0.1098	
-10.3564	-3.4275	3.6544	-0.8238	0.6045	0.2920	0.4638	-0.7910	-0.2415	0.3171	-0.0322	0.0198	-0.1138	
-10.4488	-3.3759	3.6774	-0.8250	0.6035	0.2913	0.4164	-0.8131	-0.2289	0.3386	-0.0268	0.0170	-0.1145	
-10.5227	-3.3046	3.7026	-0.8240	0.6048	0.2908	0.3623	-0.8372	-0.2029	0.3552	-0.0242	0.0150	-0.1171	
-10.6092	-3.2433	3.7300	-0.8244	0.6049	0.2906	0.3123	-0.8522	-0.1737	0.3819	-0.0206	0.0166	-0.1185	
-10.6859	-3.1790	3.7599	-0.8238	0.6053	0.2907	0.2681	-0.8598	-0.1520	0.4085	-0.0161	0.0185	-0.1175	
-10.7703	-3.1167	3.7881	-0.8240	0.6055	0.2906	0.2148	-0.8665	-0.1234	0.4330	-0.0128	0.0199	-0.1189	
-10.8502	-3.0539	3.8066	-0.8237	0.6057	0.2894	0.1664	-0.8641	-0.0893	0.4665	-0.0099	0.0250	-0.1192	
-10.9299	-2.9898	3.8476	-0.8234	0.6061	0.2907	0.1278	-0.8604	-0.0681	0.4906	-0.0070	0.0271	-0.1163	
-11.0136	-2.9230	3.8894	-0.8236	0.6068	0.2921	0.0863	-0.8519	-0.0447	0.5157	-0.0043	0.0297	-0.1144	
-11.0857	-2.8810	3.9144	-0.8224	0.6048	0.2917	0.0586	-0.8402	-0.0253	0.5413	-0.0052	0.0267	-0.1193	
-11.1656	-2.8207	3.9300	-0.8222	0.6047	0.2902	0.0177	-0.8207	0.0021	0.5723	-0.0011	0.0309	-0.1175	
-11.2432	-2.7749	3.9558	-0.8216	0.6031	0.2898	0.0211	0.8053	-0.0278	-0.5930	-0.0035	0.0305	-0.1188	
-11.3131	-2.7180	3.9873	-0.8203	0.6028	0.2901	0.0547	0.7878	-0.0571	-0.6123	-0.0068	0.0310	-0.1191	
-11.3817	-2.6653	4.0189	-0.8189	0.6020	0.2904	0.0835	0.7646	-0.0976	-0.6327	-0.0133	0.0322	-0.1182	
-11.4539	-2.6052	4.0500	-0.8179	0.6020	0.2906	0.1120	0.7371	-0.1347	-0.6538	-0.0181	0.0364	-0.1161	
-11.5319	-2.5531	4.0802	-0.8175	0.6011	0.2908	0.1349	0.7052	-0.1723	-0.6756	-0.0228	0.0413	-0.1128	
-11.6110	-2.5069	4.1098	-0.8172	0.5997	0.2908	0.1559	0.6622	-0.2199	-0.6995	-0.0293	0.0481	-0.1118	
-11.6880	-2.4390	4.1455	-0.8167	0.6005	0.2915	0.1794	0.6226	-0.2581	-0.7171	-0.0307	0.0528	-0.1092	
-11.7676	-2.3723	4.1774	-0.8165	0.6012	0.2918	0.1920	0.5906	-0.2925	-0.7287	-0.0323	0.0534	-0.1036	
-11.8600	-2.3148	4.2056	-0.8176	0.6010	0.2918	0.1951	0.5633	-0.3343	-0.7316	-0.0364	0.0506	-0.0990	
-11.9449	-2.2458	4.2275	-0.8179	0.6019	0.2910	0.1960	0.5339	-0.3812	-0.7300	-0.0411	0.0478	-0.0961	
-12.0330	-2.1744	4.2561	-0.8185	0.6030	0.2910	0.2153	0.5031	-0.4207	-0.7239	-0.0405	0.0465	-0.0958	
-12.1144	-2.1038	4.2859	-0.8185	0.6041	0.2911	0.2229	0.4707	-0.4661	-0.7154	-0.0431	0.0443	-0.0951	
-12.2102	-2.0362	4.3093	-0.8199	0.6048	0.2905	0.2390	0.4297	-0.5202	-0.6975	-0.0458	0.0428	-0.0986	
-12.2818	-1.9694	4.3435	-0.8188	0.6054	0.2910	0.2507	0.3914	-0.5624	-0.6838	-0.0470	0.0419	-0.0987	
-12.3592	-1.9110	4.3788	-0.8184	0.6052	0.2916	0.2681	0.3629	-0.5980	-0.6631	-0.0449	0.0392	-0.0988	
-12.4399	-1.8444	4.4039	-0.8183	0.6058	0.2912	0.2779	0.3316	-0.6337	-0.6418	-0.0447	0.0368	-0.0984	
-12.5168	-1.7896	4.4279	-0.8178	0.6053	0.2908	0.2895	0.3140	-0.6680	-0.6110	-0.0421	0.0312	-0.0987	
-12.6140	-1.7214	4.4659	-0.8193	0.6060	0.2916	0.3086	0.2782	-0.7000	-0.5806	-0.0404	0.0307	-0.1002	
-12.6966	-1.6600	4.4986	-0.8194	0.6061	0.2920	0.3201	0.2470	-0.7335	-0.5465	-0.0395	0.0279	-0.1016	
-12.7833	-1.5967	4.5272	-0.8198	0.6064	0.2919	0.3353	0.2115	-0.7721	-0.4957	-0.0384	0.0243	-0.1068	
-12.8676	-1.5306	4.5583	-0.8200	0.6069	0.2921	0.3607	0.1825	-0.7947	-0.4530	-0.0335	0.0241	-0.1084	
-12.9467	-1.4752	4.5918	-0.8198	0.6064	0.2925	0.3667	0.1632	-0.8235	-0.4021	-0.0306	0.0183	-0.1106	
-13.0347	-1.4086	4.6183	-0.8203	0.6070	0.2923	0.3888	0.1419	-0.8365	-0.3610	-0.0253	0.0188	-0.1098	
-13.1269	-1.3480	4.6467	-0.8213	0.6070	0.2922	0.4184	0.1095	-0.8435	-0.3190	-0.0212	0.0225	-0.1098	
-13.2138	-1.2939	4.6730	-0.8217	0.6064	0.2919	0.4414	0.1076	-0.8515	-0.2669	-0.0121	0.0202	-0.1098	
-13.2916	-1.2341	4.6982	-0.8213	0.6063	0.2915	0.4708	0.0944	-0.8506	-0.2170	-0.0049	0.0220	-0.1096	
-13.3770	-1.1705	4.7193	-0.8216	0.6066	0.2908	0.4980	0.0715	-0.8476	-0.1695	-0.0010	0.0248	-0.1093	
-13.4668	-1.1092	4.7459	-0.8223	0.6066	0.2906	0.5227	0.0550	-0.8416	-0.1302	0.0025	0.0272	-0.1067	
-13.5582	-1.0422	4.7720	-0.8231	0.6072	0.2903	0.5437	0.0364	-0.8340	-0.0944	0.0044	0.0293	-0.1038	
-13.6463	-0.9843	4.7927	-0.8236	0.6069	0.2896	0.5741	0.0035	-0.8169	-0.0590	0.0041	0.0352	-0.1020	
-13.7285	-0.9211	4.8155	-0.8236	0.6072	0.2890	0.5949	-0.0269	-0.8026	-0.0046	0.0062	0.0372	-0.1042	
-13.8059	-0.8627	4.8474	-0.8232	0.6070	0.2893	0.6277	-0.0514	-0.7764	0.0342	0.0081	0.0432	-0.1022	
-13.8876	-0.7917	4.8747	-0.8231	0.6079	0.2892	0.6509	-0.0883	-0.7482	0.0854	0.0085	0.0473	-0.1042	
-13.9674	-0.7336	4.9061	-0.8229	0.6076	0.2894	0.6750	-0.1231	-0.7206	0.1082	0.0046	0.0515	-0.1006	
-14.0542	-0.6754	4.9304	-0.8233	0.6074	0.2890	0.6993	-0.1604	-0.6840	0.1341	0.0010	0.0566	-0.0985	
-14.1494	-0.6090	4.9584	-0.8244	0.6079	0.2889	0.7147	-0.1926	-0.6523	0.1642	-0.0006	0.0585	-0.0971	
-14.2315	-0.5387	4.9850	-0.8244	0.6087	0.2887	0.7297	-0.2318	-0.6106	0.2002	-0.0025	0.0619	-0.0979	
-14.3224	-0.4793	5.0117	-0.8251	0.6086	0.2885	0.7390	-0.2673	-0.5805	0.2174	-0.0068	0.0615	-0.0955	
-14.4105	-0.4147	5.0413	-0.8256	0.6089	0.2886	0.7429	-0.3044	-0.5592	0.2169	-0.0137	0.0581	-0.0912	
-14.4963	-0.3584	5.0656	-0.8258	0.6085	0.2882	0.7475	-0.3416	-0.5215	0.2306	-0.0178	0.0586	-0.0899	
-14.5746	-0.3002	5.0977	-0.8255	0.6083	0.2885	0.7510	-0.3828	-0.4860	0.2338	-0.0239	0.0578	-0.0881	
-14.6621	-0.2384	5.1227	-0.8259	0.6084	0.2882	0.7435	-0.4355	-0.4425	0.2473	-0.0296	0.0566	-0.0908	
-14.7465	-0.1815	5.1559	-0.8260	0.6081	0.2886	0.7304	-0.4868	-0.4035	0.2580	-0.0344	0.0537	-0.0933	
-14.8335	-0.1155	5.1802	-0.8264	0.6085	0.2882	0.7106	-0.5354	-0.3714	0.2663	-0.0377	0.0491	-0.0953	
-14.9262	-0.0547	5.2027	-0.8272	0.6085	0.2877	0.6820	-0.5819	-0.3445	0.2799	-0.0386	0.0434	-0.0983	
-15.0076	-0.0013	5.2384	-0.8271	0.6079	0.2883	0.6670	-0.6153	-0.3135	0.2825	-0.0402	0.0410	-0.0965	
-15.0858	0.0597	5.2673	-0.8268	0.6079	0.2882	0.6415	-0.6469	-0.2867	0.2980	-0.0381	0.0382	-0.0970	
-15.1634	0.1257	5.2948	-0.8263	0.6083	0.2881	0.6083	-0.6842	-0.2513	0.3135	-0.0374	0.0359	-0.0999	
-15.2424	0.1863	5.3200	-0.8260	0.6083	0.2878	0.5706	-0.7188	-0.2222	0.3293	-0.0354	0.0327	-0.1025	
-15.3284	0.2405	5.3433	-0.8263	0.6078	0.2874	0.5246	-0.7576	-0.1960	0.3357	-0.0350	0.0270	-0.1061	
-15.4130	0.3119	5.3787	-0.8265	0.6087	0.2879	0.4773	-0.7853	-0.1712	0.3556	-0.0305	0.0247	-0.1091	
-15.4951	0.3691	5.4053	-0.8264	0.6084	0.2877	0.4155	-0.8165	-0.1540	0.3705	-0.0256	0.0192	-0.1141	
-15.5816	0.4344	5.4403	-0.8267	0.6087	0.2882	0.3602	-0.8341	-0.1326	0.3963	-0.0195	0.0188	-0.1166	
-15.6616	0.5023	5.4639	-0.8265	0.6093	0.2878	0.3098	-0.8455	-0.1006	0.4227	-0.0157	0.0212	-0.1178	
-15.7451	0.5694	5.4964	-0.8266	0.6098	0.2881	0.2574	-0.8618	-0.0871	0.4300	-0.0122	0.0171	-0.1181	
-15.8296	0.6283	5.5288	-0.8267	0.6096	0.2884	0.2008	-0.8574	-0.0685	0.4701	-0.0041	0.0222	-0.1189	
-15.9206	0.6921	5.5647	-0.8274	0.6098	0.2889	0.1539	-0.8517	-0.0496	0.4998	0.0006	0.0255	-0.1172	
-16.0028	0.7526	5.5972	-0.8273	0.6098	0.2892	0.1125	-0.8474	-0.0357	0.5197	0.0038	0.0263	-0.1141	
-16.0789	0.8178	5.6340	-0.8268	0.6101	0.2898	0.0733	-0.8396	-0.0017	0.5389	0.0027	0.0294	-0.1123	
-16.1554	0.8820	5.6464	-0.8264	0.6103	0.2885	0.0147	-0.8227	0.0317	0.5663	0.0008	0.0248	-0.1100	
-16.2305	0.9431	5.6738	-0.8258	0.6103	0.2884	0.0184	0.8095	-0.0509	-0.5865	0.0023	0.0278	-0.1063	
-16.3160	1.0038	5.7066	-0.8260	0.6103	0.2887	0.0583	0.7958	-0.0660	-0.6003	0.0052	0.0288	-0.1040	
-16.3952	1.0592	5.7314	-0.8257	0.6099	0.2884	0.1037	0.7705	-0.0897	-0.6225	0.0072	0.0336	-0.1037	
-16.4709	1.1270	5.7577	-0.8252	0.6104	0.2882	0.1375	0.7370	-0.1285	-0.6495	0.0042	0.0409	-0.1029	
-16.5559	1.1911	5.7757	-0.8254	0.6106	0.2874	0.1676	0.7000	-0.1715	-0.6729	-0.0002	0.0471	-0.1023	
-16.6376	1.2481	5.8123	-0.8254	0.6103	0.2880	0.1810	0.6694	-0.2055	-0.6923	-0.0051	0.0502	-0.0978	
-16.7213	1.3020	5.8386	-0.8254	0.6098	0.2878	0.2074	0.6318	-0.2331	-0.7099	-0.0060	0.0539	-0.0957	
-16.8011	1.3622	5.8701	-0.8252	0.6097	0.2880	0.2203	0.5887	-0.2579	-0.7350	-0.0088	0.0592	-0.0913	
-16.8871	1.4157	5.8943	-0.8255	0.6092	0.2877	0.2437	0.5417	-0.3018	-0.7452	-0.0135	0.0621	-0.0924	
-16.9672	1.4823	5.9213	-0.8253	0.6096	0.2876	0.2531	0.5108	-0.3404	-0.7489	-0.0182	0.0600	-0.0904	
-17.0541	1.5479	5.9512	-0.8256	0.6099	0.2877	0.2646	0.4788	-0.3748	-0.7494	-0.0211	0.0581	-0.0888	
-17.1385	1.6100	5.9837	-0.8258	0.6100	0.2879	0.2776	0.4477	-0.4230	-0.7377	-0.0256	0.0537	-0.0904	
-17.2235	1.6685	6.0102	-0.8259	0.6098	0.2878	0.2769	0.4119	-0.4609	-0.7367	-0.0306	0.0521	-0.0884	
-17.3047	1.7375	6.0464	-0.8258	0.6104	0.2883	0.2929	0.3797	-0.5053	-0.7175	-0.0322	0.0480	-0.0909	
-17.3901	1.7990	6.0737	-0.8260	0.6104	0.2882	0.3041	0.3544	-0.5479	-0.6947	-0.0333	0.0424	-0.0926	
-17.4746	1.8646	6.1030	-0.8262	0.6108	0.2882	0.3146	0.3240	-0.5925	-0.6672	-0.0349	0.0376	-0.0954	
-17.5565	1.9228	6.1274	-0.8261	0.6106	0.2879	0.3182	0.2960	-0.6217	-0.6528	-0.0356	0.0354	-0.0932	
-17.6445	1.9839	6.1591	-0.8265	0.6106	0.2881	0.3293	0.2588	-0.6617	-0.6213	-0.0364	0.0328	-0.0964	
-17.7229	2.0522	6.1889	-0.8262	0.6111	0.2882	0.3473	0.2362	-0.6969	-0.5817	-0.0330	0.0281	-0.0993	
-17.8127	2.1195	6.2202	-0.8267	0.6115	0.2884	0.3539	0.2029	-0.7368	-0.5386	-0.0335	0.0240	-0.1031	
-17.8995	2.1867	6.2482	-0.8270	0.6119	0.2883	0.3702	0.1711	-0.7606	-0.5054	-0.0311	0.0240	-0.1033	
-17.9809	2.2449	6.2743	-0.8269	0.6117	0.2881	0.3838	0.1432	-0.7852	-0.4645	-0.0284	0.0222	-0.1046	
-18.0600	2.3103	6.3048	-0.8266	0.6120	0.2882	0.4020	0.1274	-0.8084	-0.4116	-0.0221	0.0185	-0.1071	
-18.1406	2.3768	6.3368	-0.8265	0.6124	0.2884	0.4281	0.1029	-0.8238	-0.3568	-0.0160	0.0186	-0.1098	
-18.2203	2.4392	6.3646	-0.8263	0.6124	0.2884	0.4446	0.0830	-0.8381	-0.3052	-0.0115	0.0173	-0.1109	
-18.3073	2.5051	6.3983	-0.8266	0.6128	0.2887	0.4634	0.0694	-0.8461	-0.2561	-0.0058	0.0168	-0.1104	
-18.3915	2.5625	6.4247	-0.8267	0.6125	0.2885	0.4861	0.0569	-0.8472	-0.2102	-0.0003	0.0182	-0.1088	
-18.4774	2.6324	6.4551	-0.8269	0.6131	0.2886	0.5005	0.0385	-0.8498	-0.1625	0.0027	0.0184	-0.1082	
-18.5630	2.6891	6.4838	-0.8271	0.6128	0.2886	0.5340	0.0194	-0.8380	-0.1140	0.0078	0.0239	-0.1072	
-18.6469	2.7538	6.5165	-0.8272	0.6130	0.2889	0.5634	-0.0110	-0.8234	-0.0639	0.0099	0.0293	-0.1074	
-18.7313	2.8184	6.5449	-0.8273	0.6132	0.2888	0.5894	-0.0532	-0.8057	-0.0204	0.0080	0.0351	-0.1074	
-18.8134	2.8840	6.5735	-0.8272	0.6135	0.2888	0.6123	-0.0690	-0.7871	0.0322	0.0128	0.0379	-0.1069	
-18.9033	2.9377	6.6001	-0.8277	0.6130	0.2887	0.6418	-0.0935	-0.7583	0.0717	0.0135	0.0440	-0.1045	
-18.9867	2.9926	6.6249	-0.8277	0.6126	0.2884	0.6639	-0.1219	-0.7304	0.1074	0.0122	0.0481	-0.1023	
-19.0686	3.0470	6.6564	-0.8277	0.6121	0.2886	0.6910	-0.1488	-0.6950	0.1365	0.0105	0.0539	-0.0991	
-19.1506	3.1091	6.6814	-0.8276	0.6122	0.2883	0.7056	-0.1855	-0.6608	0.1747	0.0081	0.0565	-0.0994	
-19.2311	3.1718	6.7128	-0.8275	0.6123	0.2885	0.7173	-0.2183	-0.6309	0.2020	0.0049	0.0574	-0.0976	
-19.3045	3.2336	6.7400	-0.8269	0.6123	0.2884	0.7266	-0.2657	-0.5837	0.2434	0.0013	0.0609	-0.1006	
-19.3893	3.2974	6.7738	-0.8270	0.6125	0.2887	0.7395	-0.3030	-0.5409	0.2639	-0.0035	0.0635	-0.0988	
-19.4753	3.3594	6.8040	-0.8272	0.6125	0.2888	0.7477	-0.3354	-0.5029	0.2780	-0.0080	0.0641	-0.0960	
-19.5587	3.4167	6.8296	-0.8273	0.6123	0.2886	0.7493	-0.3736	-0.4709	0.2829	-0.0143	0.0617	-0.0935	
-19.6452	3.4858	6.8625	-0.8275	0.6128	0.2888	0.7460	-0.4084	-0.4444	0.2866	-0.0188	0.0577	-0.0911	
-19.7332	3.5545	6.8907	-0.8278	0.6132	0.2888	0.7346	-0.4446	-0.4175	0.2997	-0.0209	0.0535	-0.0910	
-19.8191	3.6206	6.9187	-0.8280	0.6135	0.2888	0.7314	-0.4757	-0.3786	0.3100	-0.0237	0.0534	-0.0895	
-19.9067	3.6826	6.9534	-0.8283	0.6136	0.2891	0.7152	-0.5126	-0.3547	0.3187	-0.0254	0.0480	-0.0899	
-19.9939	3.7476	6.9822	-0.8286	0.6138	0.2891	0.6899	-0.5607	-0.3163	0.3305	-0.0287	0.0442	-0.0941	
-20.0851	3.8114	7.0077	-0.8291	0.6140	0.2889	0.6665	-0.6059	-0.2816	0.3314	-0.0329	0.0398	-0.0960	
-20.1642	3.8774	7.0311	-0.8289	0.6143	0.2886	0.6359	-0.6406	-0.2551	0.3474	-0.0310	0.0360	-0.0979	
-20.2496	3.9370	7.0649	-0.8290	0.6141	0.2889	0.6019	-0.6736	-0.2254	0.3649	-0.0290	0.0332	-0.1003	
-20.3350	3.9923	7.1014	-0.8292	0.6138	0.2893	0.5705	-0.7039	-0.2046	0.3722	-0.0278	0.0287	-0.1005	
-20.4197	4.0549	7.1299	-0.8293	0.6138	0.2893	0.5299	-0.7321	-0.1741	0.3906	-0.0251	0.0270	-0.1031	
-20.5009	4.1197	7.1638	-0.8292	0.6141	0.2896	0.4836	-0.7636	-0.1521	0.4002	-0.0227	0.0224	-0.1059	
-20.5848	4.1795	7.1879	-0.8292	0.6140	0.2893	0.4392	-0.7882	-0.1268	0.4122	-0.0203	0.0201	-0.1073	
-20.6677	4.2426	7.2121	-0.8292	0.6141	0.2890	0.3916	-0.8088	-0.0861	0.4288	-0.0192	0.0212	-0.1100	
-20.7484	4.3043	7.2390	-0.8291	0.6141	0.2889	0.3475	-0.8223	-0.0553	0.4472	-0.0163	0.0223	-0.1104	
-20.8310	4.3668	7.2674	-0.8291	0.6141	0.2889	0.2988	-0.8379	-0.0391	0.4563	-0.0124	0.0194	-0.1107	
-20.9192	4.4235	7.2963	-0.8294	0.6139	0.2889	0.2331	-0.8440	-0.0193	0.4823	-0.0048	0.0204	-0.1143	
-21.0029	4.4839	7.3294	-0.8294	0.6138	0.2891	0.1761	-0.8476	0.0013	0.5005	-0.0002	0.0210	-0.1154	
-21.0907	4.5424	7.3603	-0.8297	0.6136	0.2892	0.1185	-0.8450	0.0228	0.5209	0.0042	0.0229	-0.1161	
-21.1716	4.6033	7.3911	-0.8296	0.6136	0.2893	0.0683	-0.8342	0.0397	0.5468	0.0087	0.0267	-0.1146	
-21.2517	4.6676	7.4164	-0.8294	0.6138	0.2891	0.0192	-0.8186	0.0561	0.5722	0.0055	0.0226	-0.1164	
-21.3285	4.7308	7.4503	-0.8291	0.6139	0.2894	0.0292	0.8033	-0.0828	-0.5894	0.0073	0.0261	-0.1155	
-21.4069	4.7908	7.4754	-0.8288	0.6138	0.2892	0.0694	0.7879	-0.1104	-0.6027	0.0070	0.0286	-0.1131	
-21.4898	4.8488	7.5042	-0.8288	0.6136	0.2892	0.1192	0.7611	-0.1395	-0.6220	0.0084	0.0338	-0.1130	
-21.5758	4.9036	7.5345	-0.8290	0.6132	0.2893	0.1664	0.7245	-0.1737	-0.6459	0.0081	0.0410	-0.1129	
-21.6595	4.9660	7.5621	-0.8290	0.6133	0.2892	0.1966	0.6871	-0.2105	-0.6681	0.0044	0.0470	-0.1103	
-21.7451	5.0237	7.5966	-0.8292	0.6131	0.2895	0.2289	0.6504	-0.2492	-0.6804	0.0008	0.0503	-0.1090	
-21.8269	5.0869	7.6224	-0.8291	0.6132	0.2893	0.2537	0.6143	-0.2929	-0.6881	-0.0048	0.0520	-0.1077	
-21.9063	5.1456	7.6521	-0.8289	0.6130	0.2894	0.2763	0.5715	-0.3256	-0.7016	-0.0081	0.0557	-0.1050	
-21.9827	5.2094	7.6851	-0.8286	0.6132	0.2896	0.3025	0.5344	-0.3411	-0.7132	-0.0068	0.0582	-0.1009	
-22.0655	5.2712	7.7147	-0.8286	0.6132	0.2896	0.3197	0.4885	-0.3738	-0.7213	-0.0110	0.0604	-0.0989	
-22.1558	5.3281	7.7440	-0.8290	0.6130	0.2897	0.3374	0.4522	-0.4004	-0.7231	-0.0128	0.0597	-0.0964	
-22.2401	5.3931	7.7754	-0.8291	0.6132	0.2898	0.3524	0.4044	-0.4395	-0.7206	-0.0176	0.0599	-0.0967	
-22.3286	5.4553	7.8055	-0.8294	0.6132	0.2899	0.3514	0.3659	-0.4812	-0.7165	-0.0243	0.0566	-0.0953	
-22.4120	5.5151	7.8380	-0.8294	0.6131	0.2900	0.3613	0.3263	-0.5107	-0.7094	-0.0263	0.0553	-0.0939	
-22.4935	5.5773	7.8654	-0.8293	0.6132	0.2900	0.3724	0.2719	-0.5547	-0.6919	-0.0309	0.0545	-0.0972	
-22.5769	5.6438	7.8937	-0.8293	0.6135	0.2899	0.3702	0.2415	-0.5948	-0.6731	-0.0339	0.0483	-0.0970	
-22.6574	5.7090	7.9254	-0.8292	0.6137	0.2901	0.3709	0.2136	-0.6386	-0.6406	-0.0353	0.0406	-0.0994	
-22.7394	5.7740	7.9539	-0.8292	0.6139	0.2900	0.3850	0.1786	-0.6725	-0.6063	-0.0337	0.0374	-0.1018	
-22.8211	5.8361	7.9794	-0.8291	0.6139	0.2899	0.4034	0.1684	-0.6996	-0.5679	-0.0270	0.0312	-0.1020	
-22.9047	5.8922	8.0100	-0.8291	0.6136	0.2899	0.4203	0.1442	-0.7288	-0.5212	-0.0230	0.0270	-0.1050	
-22.9872	5.9599	8.0364	-0.8291	0.6140	0.2898	0.4323	0.1121	-0.7565	-0.4772	-0.0213	0.0248	-0.1073	
-23.0671	6.0169	8.0657	-0.8289	0.6137	0.2898	0.4486	0.0805	-0.7793	-0.4295	-0.0183	0.0235	-0.1096	
-23.1470	6.0700	8.0946	-0.8288	0.6133	0.2898	0.4549	0.0546	-0.8023	-0.3831	-0.0163	0.0204	-0.1109	
-23.2266	6.1273	8.1196	-0.8286	0.6131	0.2896	0.4711	0.0271	-0.8154	-0.3356	-0.0127	0.0206	-0.1114	
-23.3098	6.1836	8.1453	-0.8286	0.6128	0.2894	0.4833	0.0055	-0.8296	-0.2795	-0.0081	0.0188	-0.1132	
-23.3918	6.2470	8.1696	-0.8286	0.6129	0.2892	0.5076	-0.0173	-0.8307	-0.2294	-0.0028	0.0216	-0.1124	
-23.4733	6.3069	8.2006	-0.8285	0.6128	0.2893	0.5271	-0.0374	-0.8299	-0.1811	0.0016	0.0234	-0.1112	
-23.5573	6.3718	8.2277	-0.8286	0.6130	0.2892	0.5395	-0.0579	-0.8303	-0.1278	0.0053	0.0237	-0.1112	
-23.6421	6.4342	8.2537	-0.8287	0.6131	0.2890	0.5606	-0.0742	-0.8215	-0.0810	0.0094	0.0267	-0.1089	
-23.7330	6.4968	8.2833	-0.8291	0.6132	0.2891	0.5797	-0.0828	-0.8108	-0.0325	0.0145	0.0289	-0.1066	
-23.8211	6.5593	8.3119	-0.8293	0.6132	0.2891	0.6004	-0.1040	-0.7921	0.0249	0.0180	0.0329	-0.1070	
-23.9041	6.6222	8.3382	-0.8293	0.6133	0.2889	0.6158	-0.1293	-0.7740	0.0716	0.0182	0.0357	-0.1060	
-23.9859	6.6864	8.3636	-0.8293	0.6134	0.2888	0.6384	-0.1427	-0.7462	0.1244	0.0221	0.0408	-0.1047	
-24.0742	6.7457	8.3986	-0.8296	0.6133	0.2891	0.6610	-0.1643	-0.7181	0.1518	0.0194	0.0455	-0.0999	
-24.1580	6.8083	8.4295	-0.8296	0.6134	0.2892	0.6803	-0.1938	-0.6839	0.1819	0.0157	0.0500	-0.0973	
-24.2386	6.8706	8.4624	-0.8295	0.6135	0.2894	0.6918	-0.2235	-0.6526	0.2148	0.0128	0.0521	-0.0961	
-24.3217	6.9310	8.4901	-0.8295	0.6134	0.2893	0.7087	-0.2378	-0.6189	0.2440	0.0125	0.0555	-0.0924	
-24.4108	6.9874	8.5228	-0.8298	0.6132	0.2895	0.7278	-0.2666	-0.5735	0.2670	0.0078	0.0603	-0.0903	
-24.4937	7.0452	8.5549	-0.8298	0.6130	0.2897	0.7336	-0.3058	-0.5291	0.2968	0.0031	0.0620	-0.0917	
-24.5728	7.1054	8.5891	-0.8296	0.6129	0.2899	0.7485	-0.3382	-0.4772	0.3137	-0.0026	0.0661	-0.0902	
-24.6619	7.1633	8.6202	-0.8299	0.6128	0.2900	0.7422	-0.3758	-0.4409	0.3377	-0.0059	0.0634	-0.0917	
-24.7484	7.2217	8.6446	-0.8301	0.6126	0.2898	0.7443	-0.4099	-0.3974	0.3481	-0.0115	0.0633	-0.0905	
-24.8351	7.2851	8.6716	-0.8303	0.6127	0.2897	0.7327	-0.4455	-0.3628	0.3659	-0.0138	0.0597	-0.0916	
-24.9178	7.3499	8.6978	-0.8303	0.6129	0.2896	0.7263	-0.4820	-0.3159	0.3751	-0.0188	0.0591	-0.0920	
-24.9977	7.4123	8.7254	-0.8301	0.6129	0.2895	0.7118	-0.5207	-0.2773	0.3822	-0.0226	0.0555	-0.0931	
-25.0815	7.4780	8.7551	-0.8301	0.6132	0.2895	0.6976	-0.5507	-0.2405	0.3914	-0.0241	0.0531	-0.0929	
-25.1681	7.5400	8.7880	-0.8303	0.6132	0.2897	0.6746	-0.5960	-0.1989	0.3883	-0.0294	0.0482	-0.0958	
-25.2499	7.6021	8.8188	-0.8302	0.6132	0.2898	0.6434	-0.6407	-0.1683	0.3853	-0.0319	0.0411	-0.0988	
-25.3322	7.6683	8.8475	-0.8302	0.6135	0.2898	0.6076	-0.6744	-0.1414	0.3959	-0.0296	0.0365	-0.1010	
-25.4189	7.7241	8.8726	-0.8304	0.6132	0.2896	0.5566	-0.7071	-0.1114	0.4215	-0.0238	0.0334	-0.1061	
-25.5024	7.7821	8.9076	-0.8304	0.6131	0.2899	0.5151	-0.7319	-0.0722	0.4393	-0.0215	0.0332	-0.1084	
-25.5848	7.8424	8.9390	-0.8304	0.6130	0.2900	0.4661	-0.7577	-0.0376	0.4546	-0.0186	0.0314	-0.1115	
-25.6700	7.9038	8.9713	-0.8305	0.6130	0.2902	0.4123	-0.7808	-0.0131	0.4696	-0.0137	0.0286	-0.1142	
-25.7551	7.9681	9.0027	-0.8306	0.6132	0.2903	0.3698	-0.7951	0.0023	0.4828	-0.0091	0.0265	-0.1126	
-25.8359	8.0306	9.0367	-0.8305	0.6132	0.2905	0.3018	-0.8111	0.0195	0.5006	-0.0015	0.0243	-0.1166	
-25.9203	8.0902	9.0626	-0.8305	0.6131	0.2904	0.2585	-0.8242	0.0336	0.5048	0.0006	0.0212	-0.1145	
-26.0064	8.1496	9.0903	-0.8307	0.6130	0.2903	0.1929	-0.8257	0.0542	0.5269	0.0072	0.0232	-0.1165	
-26.0920	8.2131	9.1202	-0.8308	0.6131	0.2903	0.1331	-0.8214	0.0758	0.5492	0.0121	0.0262	-0.1169	
-26.1775	8.2737	9.1495	-0.8309	0.6131	0.2904	0.0793	-0.8203	0.0992	0.5578	0.0137	0.0263	-0.1166	
-26.2584	8.3367	9.1731	-0.8308	0.6132	0.2901	0.0173	-0.8105	0.1164	0.5736	0.0098	0.0239	-0.1163	
-26.3377	8.4043	9.2060	-0.8306	0.6135	0.2903	0.0197	0.7955	-0.1428	-0.5903	0.0094	0.0279	-0.1126	
-26.4183	8.4700	9.2329	-0.8305	0.6137	0.2902	0.0645	0.7727	-0.1658	-0.6102	0.0110	0.0331	-0.1104	
-26.5047	8.5273	9.2604	-0.8307	0.6135	0.2901	0.1209	0.7519	-0.1779	-0.6235	0.0161	0.0357	-0.1098	
-26.5911	8.5873	9.2910	-0.8308	0.6134	0.2902	0.1673	0.7187	-0.2112	-0.6410	0.0146	0.0416	-0.1094	
-26.6726	8.6488	9.3197	-0.8308	0.6134	0.2902	0.1979	0.6902	-0.2327	-0.6578	0.0130	0.0451	-0.1052	
-26.7545	8.7120	9.3471	-0.8307	0.6135	0.2901	0.2297	0.6606	-0.2589	-0.6672	0.0106	0.0472	-0.1027	
-26.8345	8.7774	9.3746	-0.8306	0.6137	0.2900	0.2625	0.6250	-0.2715	-0.6845	0.0113	0.0515	-0.0989	
-26.9145	8.8385	9.4039	-0.8304	0.6137	0.2900	0.2975	0.5830	-0.2888	-0.6992	0.0110	0.0561	-0.0968	
-26.9967	8.8965	9.4346	-0.8304	0.6135	0.2901	0.3202	0.5399	-0.3171	-0.7117	0.0063	0.0591	-0.0948	
-27.0837	8.9546	9.4654	-0.8306	0.6134	0.2902	0.3452	0.4941	-0.3464	-0.7191	0.0024	0.0615	-0.0940	
-27.1621	9.0196	9.4953	-0.8304	0.6136	0.2903	0.3521	0.4580	-0.3728	-0.7283	-0.0032	0.0610	-0.0901	
-27.2507	9.0815	9.5233	-0.8306	0.6136	0.2902	0.3746	0.4169	-0.3993	-0.7258	-0.0052	0.0608	-0.0898	
-27.3303	9.1403	9.5540	-0.8305	0.6135	0.2903	0.3917	0.3768	-0.4301	-0.7212	-0.0086	0.0595	-0.0898	
-27.4117	9.1982	9.5846	-0.8304	0.6133	0.2904	0.4076	0.3347	-0.4640	-0.7119	-0.0121	0.0577	-0.0909	
-27.4967	9.2555	9.6064	-0.8305	0.6131	0.2900	0.4036	0.2918	-0.5008	-0.7093	-0.0194	0.0554	-0.0901	
-27.5828	9.3164	9.6318	-0.8306	0.6131	0.2899	0.3965	0.2588	-0.5367	-0.7002	-0.0247	0.0505	-0.0890	
-27.6670	9.3761	9.6623	-0.8307	0.6130	0.2899	0.4054	0.2260	-0.5730	-0.6759	-0.0257	0.0456	-0.0911	
-27.7495	9.4400	9.6930	-0.8306	0.6132	0.2900	0.4051	0.1859	-0.6108	-0.6546	-0.0291	0.0421	-0.0929	
-27.8301	9.4988	9.7234	-0.8305	0.6130	0.2901	0.4143	0.1453	-0.6548	-0.6146	-0.0298	0.0375	-0.0988	
-27.9086	9.5611	9.7514	-0.8303	0.6131	0.2900	0.4270	0.1142	-0.6884	-0.5751	-0.0274	0.0334	-0.1018	
-27.9903	9.6247	9.7849	-0.8303	0.6132	0.2902	0.4456	0.0840	-0.7252	-0.5178	-0.0228	0.0285	-0.1079	
-28.0718	9.6894	9.8123	-0.8302	0.6133	0.2902	0.4589	0.0481	-0.7527	-0.4688	-0.0203	0.0267	-0.1112	
-28.1597	9.7555	9.8446	-0.8304	0.6135	0.2903	0.4698	0.0257	-0.7752	-0.4225	-0.0161	0.0236	-0.1117	
-28.2425	9.8154	9.8696	-0.8304	0.6135	0.2901	0.4797	0.0067	-0.7883	-0.3881	-0.0128	0.0225	-0.1087	
-28.3253	9.8779	9.9005	-0.8304	0.6135	0.2902	0.4832	-0.0253	-0.8054	-0.3420	-0.0119	0.0211	-0.1098	
-28.4085	9.9393	9.9283	-0.8304	0.6135	0.2902	0.4894	-0.0395	-0.8229	-0.2874	-0.0064	0.0177	-0.1109	
-28.4930	10.0037	9.9579	-0.8304	0.6137	0.2902	0.5067	-0.0570	-0.8273	-0.2376	-0.0009	0.0189	-0.1098	
-28.5797	10.0665	9.9824	-0.8306	0.6137	0.2900	0.5213	-0.0845	-0.8298	-0.1783	0.0028	0.0207	-0.1116	
-28.6660	10.1244	10.0086	-0.8307	0.6136	0.2899	0.5412	-0.1134	-0.8234	-0.1279	0.0053	0.0249	-0.1109	
-28.7549	10.1848	10.0371	-0.8310	0.6135	0.2898	0.5641	-0.1217	-0.8143	-0.0734	0.0124	0.0279	-0.1091	
-28.8403	10.2448	10.0667	-0.8311	0.6135	0.2899	0.5814	-0.1346	-0.8022	-0.0094	0.0186	0.0305	-0.1098	
-28.9254	10.3051	10.0960	-0.8312	0.6134	0.2899	0.6078	-0.1613	-0.7763	0.0447	0.0204	0.0374	-0.1089	
-29.0100	10.3643	10.1262	-0.8312	0.6133	0.2899	0.6259	-0.1745	-0.7566	0.0854	0.0218	0.0405	-0.1050	
-29.0965	10.4272	10.1537	-0.8314	0.6134	0.2899	0.6420	-0.2027	-0.7261	0.1377	0.0217	0.0453	-0.1051	
-29.1768	10.4859	10.1821	-0.8313	0.6133	0.2898	0.6584	-0.2127	-0.6962	0.1918	0.0255	0.0492	-0.1037	
-29.2605	10.5456	10.2064	-0.8313	0.6132	0.2896	0.6703	-0.2341	-0.6678	0.2270	0.0231	0.0513	-0.1007	
-29.3468	10.6069	10.2357	-0.8314	0.6132	0.2897	0.6888	-0.2608	-0.6226	0.2653	0.0200	0.0574	-0.0991	
-29.4317	10.6669	10.2662	-0.8315	0.6132	0.2897	0.7026	-0.2833	-0.5839	0.2945	0.0167	0.0604	-0.0963	
-29.5203	10.7251	10.2970	-0.8317	0.6130	0.2898	0.7162	-0.3047	-0.5380	0.3248	0.0137	0.0644	-0.0942	
-29.6068	10.7882	10.3279	-0.8319	0.6131	0.2899	0.7196	-0.3281	-0.5037	0.3498	0.0105	0.0637	-0.0923	
-29.6914	10.8497	10.3568	-0.8319	0.6131	0.2899	0.7182	-0.3600	-0.4629	0.3754	0.0062	0.0631	-0.0927	
-29.7727	10.9068	10.3883	-0.8318	0.6129	0.2900	0.7124	-0.3965	-0.4224	0.3970	0.0011	0.0612	-0.0938	
-29.8575	10.9699	10.4175	-0.8319	0.6130	0.2900	0.7101	-0.4357	-0.3836	0.4016	-0.0069	0.0585	-0.0930	
-29.9384	11.0308	10.4446	-0.8318	0.6130	0.2899	0.7040	-0.4755	-0.3271	0.4137	-0.0136	0.0593	-0.0947	
-30.0227	11.0896	10.4757	-0.8319	0.6129	0.2900	0.6954	-0.5078	-0.2858	0.4218	-0.0177	0.0571	-0.0943	
-30.1070	11.1495	10.5039	-0.8319	0.6128	0.2900	0.6859	-0.5368	-0.2442	0.4276	-0.0213	0.0553	-0.0934	
-30.1888	11.2097	10.5309	-0.8318	0.6128	0.2899	0.6618	-0.5763	-0.2031	0.4347	-0.0242	0.0509	-0.0962	
-30.2745	11.2703	10.5622	-0.8319	0.6128	0.2900	0.6269	-0.6172	-0.1655	0.4459	-0.0246	0.0454	-0.1005	
-30.3569	11.3333	10.5888	-0.8319	0.6128	0.2899	0.6003	-0.6470	-0.1254	0.4534	-0.0255	0.0429	-0.1015	
-30.4439	11.3878	10.6202	-0.8321	0.6126	0.2900	0.5673	-0.6765	-0.0948	0.4608	-0.0244	0.0386	-0.1027	
-30.5259	11.4510	10.6510	-0.8320	0.6126	0.2901	0.5263	-0.7077	-0.0570	0.4676	-0.0237	0.0351	-0.1058	
-30.6061	11.5103	10.6825	-0.8319	0.6126	0.2902	0.5010	-0.7270	-0.0313	0.4708	-0.0228	0.0325	-0.1033	
-30.6880	11.5685	10.7118	-0.8318	0.6124	0.2902	0.4661	-0.7495	-0.0203	0.4729	-0.0190	0.0268	-0.1020	
-30.7699	11.6287	10.7421	-0.8318	0.6124	0.2902	0.4150	-0.7709	-0.0028	0.4839	-0.0132	0.0233	-0.1042	
-30.8525	11.6902	10.7688	-0.8318	0.6124	0.2901	0.3686	-0.7911	0.0345	0.4860	-0.0132	0.0220	-0.1066	
-30.9366	11.7537	10.7954	-0.8318	0.6125	0.2900	0.3157	-0.8045	0.0555	0.5003	-0.0076	0.0215	-0.1080	
-31.0234	11.8092	10.8201	-0.8320	0.6123	0.2899	0.2459	-0.8175	0.0846	0.5126	-0.0021	0.0213	-0.1131	
-31.1021	11.8736	10.8512	-0.8318	0.6124	0.2899	0.1912	-0.8196	0.1078	0.5295	0.0026	0.0234	-0.1133	
-31.1867	11.9350	10.8774	-0.8318	0.6124	0.2898	0.1380	-0.8223	0.1195	0.5400	0.0077	0.0230	-0.1124	
-31.2736	11.9968	10.9055	-0.8320	0.6124	0.2898	0.0703	-0.8128	0.1434	0.5595	0.0131	0.0272	-0.1145	
-31.3558	12.0546	10.9291	-0.8319	0.6123	0.2896	0.0161	-0.8011	0.1565	0.5783	0.0091	0.0237	-0.1163	
-31.4401	12.1121	10.9597	-0.8320	0.6121	0.2896	0.0319	0.7870	-0.1761	-0.5914	0.0117	0.0268	-0.1140	
-31.5215	12.1714	10.9881	-0.8319	0.6121	0.2896	0.0716	0.7719	-0.1971	-0.6016	0.0121	0.0291	-0.1106	
-31.6087	12.2315	11.0151	-0.8321	0.6120	0.2895	0.1145	0.7449	-0.2249	-0.6183	0.0117	0.0348	-0.1086	
-31.6922	12.2948	11.0428	-0.8321	0.6121	0.2895	0.1613	0.7199	-0.2394	-0.6320	0.0145	0.0386	-0.1065	
-31.7740	12.3557	11.0701	-0.8320	0.6121	0.2894	0.2013	0.6820	-0.2636	-0.6526	0.0135	0.0455	-0.1042	
-31.8580	12.4171	11.0997	-0.8321	0.6121	0.2895	0.2479	0.6340	-0.2907	-0.6722	0.0128	0.0535	-0.1040	
-31.9424	12.4774	11.1307	-0.8321	0.6121	0.2895	0.2827	0.5931	-0.3123	-0.6868	0.0113	0.0578	-0.1015	
-32.0245	12.5381	11.1634	-0.8321	0.6120	0.2897	0.3232	0.5457	-0.3333	-0.6975	0.0108	0.0625	-0.1007	
-32.1038	12.6015	11.1925	-0.8319	0.6121	0.2897	0.3471	0.5018	-0.3546	-0.7097	0.0074	0.0653	-0.0974	
-32.1843	12.6614	11.2193	-0.8318	0.6121	0.2896	0.3644	0.4578	-0.3774	-0.7192	0.0030	0.0668	-0.0942	
-32.2680	12.7238	11.2483	-0.8318	0.6121	0.2896	0.3858	0.4122	-0.4146	-0.7140	-0.0023	0.0657	-0.0953	
-32.3525	12.7860	11.2786	-0.8319	0.6122	0.2897	0.4104	0.3658	-0.4386	-0.7112	-0.0043	0.0664	-0.0947	
-32.4393	12.8465	11.3107	-0.8320	0.6121	0.2898	0.4346	0.3207	-0.4571	-0.7070	-0.0050	0.0670	-0.0934	
-32.5188	12.9064	11.3396	-0.8319	0.6121	0.2898	0.4479	0.2755	-0.5011	-0.6878	-0.0105	0.0624	-0.0969	
-32.6007	12.9650	11.3685	-0.8318	0.6120	0.2898	0.4544	0.2314	-0.5254	-0.6824	-0.0143	0.0612	-0.0950	
-32.6810	13.0253	11.3983	-0.8317	0.6119	0.2898	0.4583	0.1950	-0.5580	-0.6651	-0.0175	0.0562	-0.0952	
-32.7632	13.0867	11.4274	-0.8317	0.6119	0.2898	0.4773	0.1424	-0.5890	-0.6355	-0.0185	0.0552	-0.0991	
-32.8479	13.1527	11.4577	-0.8317	0.6121	0.2899	0.4918	0.0962	-0.6275	-0.5954	-0.0190	0.0509	-0.1045	
-32.9261	13.2170	11.4887	-0.8315	0.6122	0.2899	0.5034	0.0630	-0.6563	-0.5592	-0.0173	0.0462	-0.1061	
-33.0124	13.2782	11.5150	-0.8317	0.6122	0.2898	0.5090	0.0380	-0.6850	-0.5216	-0.0154	0.0401	-0.1069	
-33.0917	13.3396	11.5440	-0.8315	0.6123	0.2898	0.5068	0.0056	-0.7098	-0.4907	-0.0163	0.0361	-0.1064	
-33.1719	13.4031	11.5725	-0.8314	0.6123	0.2898	0.5072	-0.0283	-0.7339	-0.4513	-0.0160	0.0327	-0.1076	
-33.2592	13.4611	11.6006	-0.8316	0.6122	0.2898	0.5138	-0.0598	-0.7498	-0.4134	-0.0142	0.0314	-0.1071	
-33.3409	13.5212	11.6276	-0.8315	0.6122	0.2897	0.5198	-0.0802	-0.7658	-0.3720	-0.0103	0.0285	-0.1063	
-33.4254	13.5853	11.6571	-0.8316	0.6123	0.2897	0.5272	-0.0989	-0.7749	-0.3375	-0.0071	0.0273	-0.1033	
-33.5117	13.6473	11.6848	-0.8317	0.6123	0.2897	0.5304	-0.1083	-0.7903	-0.2899	-0.0015	0.0234	-0.1030	
-33.5942	13.7069	11.7152	-0.8317	0.6123	0.2897	0.5465	-0.1324	-0.7940	-0.2296	0.0042	0.0249	-0.1050	
-33.6720	13.7691	11.7451	-0.8315	0.6123	0.2898	0.5577	-0.1517	-0.7988	-0.1647	0.0103	0.0249	-0.1075	
-33.7585	13.8324	11.7764	-0.8316	0.6124	0.2899	0.5692	-0.1792	-0.7952	-0.1031	0.0135	0.0272	-0.1093	
-33.8394	13.8947	11.8052	-0.8315	0.6124	0.2898	0.5890	-0.2036	-0.7807	-0.0495	0.0164	0.0321	-0.1080	
-33.9224	13.9594	11.8295	-0.8315	0.6125	0.2897	0.6077	-0.2227	-0.7627	0.0023	0.0195	0.0366	-0.1059	
-34.0082	14.0210	11.8620	-0.8316	0.6125	0.2898	0.6252	-0.2285	-0.7447	0.0569	0.0251	0.0400	-0.1034	
-34.0922	14.0817	11.8905	-0.8316	0.6125	0.2898	0.6388	-0.2385	-0.7252	0.1023	0.0272	0.0427	-0.1001	
-34.1733	14.1405	11.9196	-0.8315	0.6124	0.2898	0.6551	-0.2481	-0.6965	0.1559	0.0304	0.0474	-0.0983	
-34.2522	14.2018	11.9482	-0.8314	0.6124	0.2898	0.6644	-0.2528	-0.6748	0.2011	0.0326	0.0489	-0.0953	
-34.3349	14.2646	11.9819	-0.8314	0.6125	0.2899	0.6748	-0.2650	-0.6496	0.2335	0.0307	0.0505	-0.0914	
-34.4194	14.3250	12.0135	-0.8314	0.6125	0.2900	0.6943	-0.2690	-0.6119	0.2697	0.0307	0.0560	-0.0871	
-34.5062	14.3860	12.0446	-0.8315	0.6125	0.2901	0.7038	-0.2899	-0.5772	0.2982	0.0261	0.0579	-0.0851	
-34.5920	14.4478	12.0757	-0.8316	0.6125	0.2902	0.7130	-0.3135	-0.5339	0.3298	0.0218	0.0610	-0.0845	
-34.6755	14.5062	12.1039	-0.8317	0.6124	0.2902	0.7226	-0.3351	-0.4826	0.3638	0.0182	0.0657	-0.0844	
-34.7611	14.5684	12.1348	-0.8317	0.6124	0.2902	0.7279	-0.3657	-0.4366	0.3834	0.0114	0.0666	-0.0843	
-34.8409	14.6261	12.1645	-0.8316	0.6123	0.2903	0.7274	-0.3954	-0.3955	0.3994	0.0055	0.0655	-0.0841	
-34.9246	14.6887	12.1931	-0.8316	0.6123	0.2902	0.7279	-0.4253	-0.3555	0.4061	-0.0013	0.0638	-0.0830	
-35.0089	14.7467	12.2222	-0.8317	0.6122	0.2902	0.7139	-0.4656	-0.2924	0.4321	-0.0063	0.0652	-0.0885	
-35.0949	14.8098	12.2491	-0.8318	0.6123	0.2902	0.7015	-0.4939	-0.2555	0.4470	-0.0086	0.0619	-0.0890	
-35.1752	14.8738	12.2807	-0.8317	0.6124	0.2903	0.6846	-0.5217	-0.2042	0.4657	-0.0108	0.0616	-0.0911	
-35.2538	14.9378	12.3065	-0.8315	0.6125	0.2901	0.6564	-0.5594	-0.1653	0.4789	-0.0126	0.0564	-0.0949	
-35.3390	15.0010	12.3330	-0.8316	0.6125	0.2901	0.6326	-0.5945	-0.1297	0.4806	-0.0158	0.0509	-0.0965	
-35.4226	15.0602	12.3637	-0.8316	0.6125	0.2901	0.6063	-0.6273	-0.0941	0.4808	-0.0183	0.0459	-0.0980	
-35.5067	15.1235	12.3917	-0.8316	0.6125	0.2901	0.5815	-0.6556	-0.0564	0.4793	-0.0207	0.0425	-0.0985	
-35.5916	15.1831	12.4208	-0.8317	0.6125	0.2901	0.5430	-0.6805	-0.0162	0.4912	-0.0191	0.0407	-0.1011	
-35.6749	15.2418	12.4523	-0.8317	0.6124	0.2902	0.4937	-0.7154	0.0131	0.4945	-0.0168	0.0345	-0.1058	
-35.7548	15.3025	12.4806	-0.8316	0.6124	0.2901	0.4555	-0.7356	0.0507	0.4988	-0.0164	0.0332	-0.1066	
-35.8312	15.3646	12.5139	-0.8314	0.6124	0.2903	0.4034	-0.7624	0.0712	0.5017	-0.0120	0.0280	-0.1093	
-35.9125	15.4255	12.5420	-0.8313	0.6124	0.2903	0.3539	-0.7714	0.1073	0.5175	-0.0085	0.0301	-0.1103	
-35.9968	15.4859	12.5720	-0.8313	0.6124	0.2903	0.2937	-0.7846	0.1350	0.5285	-0.0033	0.0293	-0.1130	
-36.0761	15.5480	12.5990	-0.8312	0.6124	0.2902	0.2364	-0.7916	0.1550	0.5421	0.0025	0.0295	-0.1136	
-36.1592	15.6097	12.6290	-0.8312	0.6124	0.2903	0.1745	-0.7902	0.1887	0.5555	0.0060	0.0323	-0.1154	
-36.2449	15.6728	12.6592	-0.8313	0.6125	0.2903	0.1146	-0.7904	0.1958	0.5703	0.0136	0.0324	-0.1145	
-36.3282	15.7335	12.6897	-0.8313	0.6125	0.2903	0.0680	-0.7831	0.2043	0.5855	0.0179	0.0339	-0.1107	
-36.4061	15.7981	12.7154	-0.8311	0.6126	0.2902	0.0001	-0.7685	0.2251	0.5981	0.0142	0.0302	-0.1093	
-36.4873	15.8615	12.7445	-0.8310	0.6126	0.2902	0.0557	0.7553	-0.2397	-0.6077	0.0184	0.0326	-0.1085	
-36.5713	15.9222	12.7726	-0.8311	0.6126	0.2902	0.0996	0.7263	-0.2684	-0.6257	0.0173	0.0392	-0.1061	
-36.6508	15.9830	12.8031	-0.8310	0.6126	0.2903	0.1531	0.6988	-0.2781	-0.6416	0.0216	0.0442	-0.1042	
-36.7333	16.0436	12.8341	-0.8309	0.6126	0.2903	0.1937	0.6669	-0.3033	-0.6531	0.0196	0.0483	-0.1021	
-36.8142	16.1009	12.8576	-0.8309	0.6124	0.2901	0.2355	0.6351	-0.3254	-0.6602	0.0184	0.0513	-0.1007	
-36.8970	16.1633	12.8888	-0.8309	0.6125	0.2902	0.2890	0.5925	-0.3472	-0.6662	0.0190	0.0563	-0.1015	
-36.9812	16.2219	12.9159	-0.8309	0.6124	0.2901	0.3139	0.5579	-0.3629	-0.6793	0.0160	0.0587	-0.0966	
-37.0663	16.2831	12.9448	-0.8310	0.6124	0.2901	0.3538	0.5093	-0.3708	-0.6917	0.0166	0.0647	-0.0941	
-37.1480	16.3475	12.9752	-0.8309	0.6125	0.2902	0.3851	0.4676	-0.3887	-0.6948	0.0143	0.0662	-0.0925	
-37.2304	16.4070	13.0046	-0.8309	0.6124	0.2902	0.4087	0.4273	-0.4081	-0.6967	0.0108	0.0664	-0.0905	
-37.3141	16.4712	13.0371	-0.8309	0.6125	0.2903	0.4255	0.3784	-0.4347	-0.6987	0.0047	0.0672	-0.0896	
-37.3980	16.5325	13.0630	-0.8309	0.6125	0.2902	0.4408	0.3288	-0.4553	-0.7011	-0.0000	0.0685	-0.0880	
-37.4805	16.5941	13.0923	-0.8309	0.6126	0.2902	0.4487	0.2805	-0.4762	-0.7036	-0.0054	0.0687	-0.0860	
-37.5587	16.6547	13.1196	-0.8308	0.6125	0.2902	0.4642	0.2320	-0.4994	-0.6940	-0.0085	0.0679	-0.0866	
-37.6417	16.7151	13.1485	-0.8308	0.6125	0.2902	0.4727	0.1913	-0.5178	-0.6881	-0.0111	0.0660	-0.0849	
-37.7244	16.7752	13.1782	-0.8307	0.6125	0.2902	0.4890	0.1519	-0.5445	-0.6647	-0.0116	0.0620	-0.0873	
-37.8069	16.8360	13.2076	-0.8307	0.6125	0.2902	0.4900	0.1008	-0.5790	-0.6442	-0.0168	0.0588	-0.0906	
-37.8882	16.8991	13.2375	-0.8307	0.6125	0.2902	0.4903	0.0507	-0.6100	-0.6206	-0.0207	0.0559	-0.0934	
-37.9708	16.9624	13.2660	-0.8306	0.6126	0.2902	0.5025	0.0067	-0.6347	-0.5867	-0.0198	0.0535	-0.0963	
-38.0532	17.0245	13.2968	-0.8306	0.6126	0.2903	0.5179	-0.0318	-0.6590	-0.5443	-0.0167	0.0504	-0.0998	
-38.1370	17.0863	13.3304	-0.8306	0.6126	0.2904	0.5296	-0.0703	-0.6812	-0.5003	-0.0142	0.0477	-0.1027	
-38.2210	17.1453	13.3569	-0.8307	0.6126	0.2903	0.5323	-0.0971	-0.7106	-0.4508	-0.0109	0.0414	-0.1063	
-38.3043	17.2057	13.3840	-0.8307	0.6125	0.2903	0.5343	-0.1195	-0.7345	-0.4023	-0.0071	0.0362	-0.1080	
-38.3895	17.2668	13.4114	-0.8308	0.6125	0.2902	0.5402	-0.1428	-0.7518	-0.3506	-0.0028	0.0332	-0.1093	
-38.4690	17.3297	13.4392	-0.8306	0.6126	0.2902	0.5549	-0.1775	-0.7548	-0.3011	0.0000	0.0353	-0.1092	
-38.5508	17.3894	13.4683	-0.8306	0.6125	0.2902	0.5598	-0.1763	-0.7721	-0.2502	0.0081	0.0299	-0.1077	
-38.6352	17.4524	13.4964	-0.8306	0.6126	0.2901	0.5665	-0.2024	-0.7749	-0.1922	0.0112	0.0304	-0.1090	
-38.7186	17.5123	13.5283	-0.8306	0.6125	0.2902	0.5723	-0.2147	-0.7792	-0.1423	0.0153	0.0294	-0.1074	
-38.8017	17.5712	13.5542	-0.8306	0.6125	0.2901	0.5847	-0.2323	-0.7726	-0.0859	0.0194	0.0318	-0.1065	
-38.8826	17.6302	13.5821	-0.8306	0.6124	0.2901	0.5909	-0.2447	-0.7684	-0.0332	0.0229	0.0323	-0.1051	
-38.9608	17.6939	13.6087	-0.8304	0.6125	0.2900	0.6085	-0.2716	-0.7445	0.0311	0.0254	0.0387	-0.1056	
-39.0441	17.7505	13.6421	-0.8304	0.6123	0.2902	0.6156	-0.2937	-0.7265	0.0835	0.0259	0.0412	-0.1048	
-39.1298	17.8095	13.6722	-0.8305	0.6122	0.2902	0.6269	-0.3037	-0.7066	0.1299	0.0277	0.0441	-0.1013	
-39.2108	17.8724	13.6988	-0.8305	0.6123	0.2901	0.6387	-0.3186	-0.6842	0.1596	0.0253	0.0465	-0.0958	
-39.2939	17.9327	13.7279	-0.8305	0.6123	0.2901	0.6544	-0.3237	-0.6551	0.1989	0.0265	0.0510	-0.0912	
-39.3774	17.9914	13.7534	-0.8305	0.6122	0.2900	0.6656	-0.3406	-0.6171	0.2452	0.0257	0.0560	-0.0900	
-39.4631	18.0503	13.7845	-0.8306	0.6121	0.2901	0.6785	-0.3570	-0.5781	0.2808	0.0231	0.0602	-0.0874	
-39.5458	18.1117	13.8167	-0.8305	0.6121	0.2902	0.6890	-0.3619	-0.5488	0.3089	0.0221	0.0617	-0.0827	
-39.6278	18.1714	13.8432	-0.8305	0.6121	0.2901	0.6901	-0.3802	-0.5086	0.3468	0.0200	0.0636	-0.0828	
-39.7093	18.2303	13.8738	-0.8305	0.6120	0.2902	0.7029	-0.4036	-0.4535	0.3720	0.0135	0.0686	-0.0815	
-39.7910	18.2894	13.9055	-0.8304	0.6119	0.2902	0.7006	-0.4236	-0.4045	0.4068	0.0112	0.0705	-0.0825	
-39.8761	18.3518	13.9299	-0.8305	0.6120	0.2901	0.6989	-0.4445	-0.3504	0.4368	0.0075	0.0730	-0.0833	
-39.9609	18.4121	13.9602	-0.8305	0.6119	0.2901	0.6948	-0.4730	-0.2961	0.4544	0.0011	0.0731	-0.0844	
-40.0425	18.4754	13.9851	-0.8305	0.6120	0.2900	0.6830	-0.4921	-0.2569	0.4757	-0.0005	0.0706	-0.0845	
-40.1233	18.5395	14.0137	-0.8304	0.6121	0.2900	0.6629	-0.5139	-0.2098	0.5021	-0.0014	0.0692	-0.0870	
-40.2055	18.6005	14.0468	-0.8304	0.6121	0.2901	0.6491	-0.5384	-0.1744	0.5105	-0.0047	0.0645	-0.0870	
-40.2910	18.6642	14.0797	-0.8305	0.6122	0.2902	0.6341	-0.5660	-0.1245	0.5130	-0.0105	0.0619	-0.0884	
-40.3772	18.7256	14.1084	-0.8306	0.6122	0.2902	0.6049	-0.5956	-0.0770	0.5228	-0.0128	0.0584	-0.0922	
-40.4596	18.7901	14.1386	-0.8305	0.6123	0.2903	0.5805	-0.6208	-0.0313	0.5264	-0.0156	0.0554	-0.0940	
-40.5449	18.8537	14.1657	-0.8306	0.6124	0.2902	0.5531	-0.6442	0.0129	0.5284	-0.0176	0.0524	-0.0956	
-40.6278	18.9142	14.1976	-0.8306	0.6123	0.2903	0.5218	-0.6666	0.0540	0.5299	-0.0185	0.0491	-0.0972	
-40.7115	18.9757	14.2247	-0.8306	0.6123	0.2902	0.4828	-0.6854	0.1059	0.5336	-0.0193	0.0482	-0.1005	
-40.7949	19.0371	14.2551	-0.8306	0.6123	0.2903	0.4449	-0.7028	0.1448	0.5361	-0.0183	0.0457	-0.1019	
-40.8785	19.1008	14.2888	-0.8307	0.6124	0.2904	0.3921	-0.7204	0.1774	0.5438	-0.0134	0.0431	-0.1052	
-40.9623	19.1650	14.3165	-0.8307	0.6125	0.2904	0.3354	-0.7412	0.1980	0.5476	-0.0071	0.0385	-0.1081	
-41.0432	19.2248	14.3457	-0.8306	0.6125	0.2904	0.2900	-0.7472	0.2213	0.5565	-0.0030	0.0380	-0.1070	
-41.1284	19.2864	14.3763	-0.8307	0.6125	0.2904	0.2426	-0.7496	0.2431	0.5666	0.0013	0.0382	-0.1059	
-41.2119	19.3491	14.4030	-0.8307	0.6125	0.2904	0.1844	-0.7521	0.2660	0.5739	0.0063	0.0384	-0.1070	
-41.2961	19.4098	14.4332	-0.8307	0.6125	0.2904	0.1274	-0.7555	0.2822	0.5776	0.0112	0.0373	-0.1075	
-41.3788	19.4723	14.4626	-0.8307	0.6125	0.2904	0.0677	-0.7496	0.2965	0.5881	0.0168	0.0390	-0.1071	
-41.4614	19.5327	14.4893	-0.8307	0.6125	0.2903	0.0056	-0.7367	0.2990	0.6075	0.0098	0.0349	-0.1092	
-41.5458	19.5909	14.5178	-0.8307	0.6124	0.2903	0.0402	0.7285	-0.3163	-0.6073	0.0121	0.0347	-0.1073	
