-1.0330	-10.1956	-0.1549	0.0000	0.0000	0.0000	0.2675	0.4596	-0.6246	-0.5719	0.0000	0.0000	0.0000	
-0.6092	-10.5532	-0.0397	0.0420	-0.0354	0.0114	0.3711	0.4082	-0.6041	-0.5872	0.0130	0.0426	-0.0161	
-0.5255	-10.6247	-0.0544	0.0637	-0.0530	0.0086	0.3528	0.4134	-0.6264	-0.5635	-0.0174	-0.0532	-0.0409	
-0.3375	-10.7303	0.0946	0.1446	-0.0964	0.0700	0.4067	0.4030	-0.5784	-0.5988	0.0228	0.0481	0.0095	
-0.2848	-10.7116	0.1598	0.1687	-0.0798	0.1053	0.4114	0.3957	-0.5477	-0.6119	0.0201	0.0450	0.0252	
-0.3015	-10.7567	0.2169	0.1357	-0.1103	0.1445	0.4718	0.3440	-0.5191	-0.6262	0.0195	0.0844	0.0037	
-0.2266	-10.8840	0.1887	0.2000	-0.2112	0.1056	0.4878	0.3110	-0.4974	-0.6468	0.0072	0.0874	0.0023	
-0.2840	-10.9731	0.2103	0.1192	-0.2749	0.1216	0.5176	0.2758	-0.4780	-0.6536	0.0059	0.0909	-0.0047	
-0.2493	-11.0300	0.2814	0.1401	-0.3027	0.1817	0.5342	0.2660	-0.4268	-0.6806	0.0097	0.0909	0.0111	
-0.2525	-11.0813	0.3273	0.1212	-0.3215	0.2116	0.5422	0.2490	-0.3850	-0.7045	0.0082	0.0899	0.0192	
-0.2381	-11.0551	0.3834	0.1216	-0.2644	0.2496	0.5643	0.1988	-0.3647	-0.7136	0.0040	0.0938	0.0121	
-0.2300	-11.0666	0.3901	0.1181	-0.2528	0.2297	0.5931	0.1710	-0.3428	-0.7089	0.0075	0.0924	0.0073	
-0.2363	-11.1148	0.3772	0.1039	-0.2719	0.1953	0.6006	0.1374	-0.3229	-0.7190	0.0038	0.0908	0.0054	
-0.2836	-11.1326	0.4068	0.0508	-0.2624	0.2073	0.6143	0.0960	-0.3031	-0.7223	0.0017	0.0915	0.0018	
-0.2620	-11.1743	0.4670	0.0627	-0.2770	0.2447	0.6368	0.0583	-0.2647	-0.7212	0.0036	0.0945	0.0016	
-0.2636	-11.1728	0.5092	0.0575	-0.2518	0.2589	0.6432	0.0256	-0.2419	-0.7266	0.0016	0.0927	0.0012	
-0.3044	-11.2203	0.5012	0.0227	-0.2686	0.2292	0.6497	-0.0026	-0.2263	-0.7268	0.0008	0.0894	-0.0008	
-0.3363	-11.1996	0.5299	-0.0051	-0.2328	0.2366	0.6661	-0.0489	-0.1973	-0.7171	0.0015	0.0924	-0.0035	
-0.3545	-11.2672	0.5608	-0.0177	-0.2645	0.2435	0.6774	-0.0916	-0.1743	-0.7086	0.0018	0.0931	-0.0068	
-0.3492	-11.2632	0.6250	-0.0120	-0.2411	0.2723	0.6720	-0.1281	-0.1438	-0.7155	-0.0021	0.0930	-0.0051	
-0.3951	-11.3053	0.6871	-0.0414	-0.2521	0.2977	0.6738	-0.1691	-0.1191	-0.7093	-0.0029	0.0935	-0.0069	
-0.4716	-11.3552	0.7126	-0.0871	-0.2657	0.2949	0.6660	-0.2100	-0.0984	-0.7095	-0.0056	0.0931	-0.0087	
-0.5055	-11.4289	0.7818	-0.1015	-0.2933	0.3204	0.6603	-0.2495	-0.0785	-0.7043	-0.0068	0.0924	-0.0108	
-0.5401	-11.4331	0.8408	-0.1155	-0.2770	0.3381	0.6551	-0.2967	-0.0561	-0.6923	-0.0078	0.0938	-0.0134	
-0.6012	-11.4186	0.8606	-0.1438	-0.2519	0.3298	0.6531	-0.3425	-0.0422	-0.6742	-0.0070	0.0937	-0.0172	
-0.6445	-11.4337	0.9121	-0.1593	-0.2449	0.3399	0.6395	-0.3821	-0.0218	-0.6672	-0.0095	0.0931	-0.0182	
-0.6774	-11.4016	0.9607	-0.1682	-0.2132	0.3474	0.6183	-0.4218	0.0027	-0.6634	-0.0142	0.0929	-0.0182	
-0.7297	-11.4349	0.9700	-0.1866	-0.2183	0.3328	0.6013	-0.4610	0.0172	-0.6529	-0.0153	0.0915	-0.0205	
-0.7379	-11.4430	1.0141	-0.1810	-0.2096	0.3383	0.5694	-0.5065	0.0376	-0.6465	-0.0204	0.0921	-0.0230	
-0.7681	-11.4855	1.0310	-0.1874	-0.2201	0.3287	0.5519	-0.5338	0.0599	-0.6387	-0.0217	0.0897	-0.0218	
-0.7757	-11.5318	1.0552	-0.1825	-0.2313	0.3234	0.5349	-0.5600	0.0744	-0.6294	-0.0218	0.0862	-0.0219	
-0.8096	-11.5918	1.0969	-0.1898	-0.2478	0.3267	0.5224	-0.5863	0.0799	-0.6154	-0.0193	0.0826	-0.0232	
-0.8293	-11.6295	1.1104	-0.1907	-0.2535	0.3172	0.5037	-0.6104	0.0935	-0.6049	-0.0199	0.0796	-0.0233	
-0.8387	-11.6447	1.1642	-0.1858	-0.2489	0.3276	0.4885	-0.6449	0.1135	-0.5761	-0.0183	0.0821	-0.0239	
-0.8476	-11.6264	1.2435	-0.1812	-0.2304	0.3474	0.4625	-0.6727	0.1326	-0.5622	-0.0212	0.0818	-0.0245	
-0.8974	-11.6622	1.2671	-0.1946	-0.2354	0.3422	0.4281	-0.7012	0.1522	-0.5495	-0.0248	0.0815	-0.0260	
-0.9016	-11.6571	1.3148	-0.1886	-0.2233	0.3472	0.3935	-0.7332	0.1520	-0.5342	-0.0253	0.0796	-0.0307	
-0.9268	-11.6583	1.3648	-0.1911	-0.2147	0.3530	0.3690	-0.7595	0.1545	-0.5135	-0.0237	0.0780	-0.0327	
-0.9575	-11.6807	1.4159	-0.1959	-0.2147	0.3584	0.3418	-0.7840	0.1478	-0.4980	-0.0218	0.0746	-0.0357	
-0.9990	-11.7349	1.4491	-0.2040	-0.2266	0.3572	0.3045	-0.8124	0.1581	-0.4706	-0.0225	0.0766	-0.0381	
-1.0269	-11.7797	1.5015	-0.2068	-0.2344	0.3629	0.2708	-0.8339	0.1614	-0.4535	-0.0229	0.0749	-0.0400	
-1.0363	-11.7933	1.5846	-0.2028	-0.2307	0.3793	0.2496	-0.8497	0.1586	-0.4384	-0.0209	0.0714	-0.0399	
-1.0622	-11.8494	1.6277	-0.2047	-0.2420	0.3808	0.2074	-0.8699	0.1665	-0.4147	-0.0228	0.0722	-0.0425	
-1.1141	-11.8646	1.7044	-0.2153	-0.2390	0.3937	0.1822	-0.8821	0.1788	-0.3969	-0.0238	0.0706	-0.0410	
-1.1639	-11.8898	1.7525	-0.2247	-0.2395	0.3964	0.1455	-0.8943	0.1959	-0.3749	-0.0267	0.0707	-0.0414	
-1.2026	-11.8941	1.7966	-0.2300	-0.2330	0.3977	0.1078	-0.9113	0.1935	-0.3465	-0.0254	0.0710	-0.0442	
-1.2430	-11.8636	1.8268	-0.2361	-0.2161	0.3948	0.0774	-0.9217	0.1867	-0.3331	-0.0237	0.0667	-0.0463	
-1.2739	-11.8840	1.8441	-0.2388	-0.2159	0.3879	0.0287	-0.9335	0.1741	-0.3120	-0.0226	0.0652	-0.0520	
-1.3464	-11.8850	1.8704	-0.2536	-0.2096	0.3843	0.0111	0.9394	-0.1707	0.2979	-0.0211	0.0676	-0.0504	
-1.3848	-11.9106	1.9047	-0.2574	-0.2111	0.3831	0.0424	0.9449	-0.1728	0.2757	-0.0199	0.0682	-0.0507	
-1.4078	-11.8969	1.9798	-0.2567	-0.2009	0.3938	0.0830	0.9478	-0.1814	0.2485	-0.0193	0.0676	-0.0528	
-1.4618	-11.9085	2.0019	-0.2649	-0.1988	0.3893	0.1212	0.9490	-0.1781	0.2314	-0.0170	0.0658	-0.0553	
-1.5043	-11.9030	2.0038	-0.2697	-0.1922	0.3793	0.1666	0.9457	-0.1765	0.2167	-0.0158	0.0628	-0.0607	
-1.5608	-11.9188	2.0631	-0.2780	-0.1914	0.3851	0.2136	0.9446	-0.1658	0.1832	-0.0154	0.0661	-0.0645	
-1.5832	-11.9120	2.0933	-0.2767	-0.1846	0.3828	0.2623	0.9375	-0.1661	0.1554	-0.0179	0.0665	-0.0685	
-1.6252	-11.9238	2.1250	-0.2806	-0.1830	0.3811	0.3118	0.9276	-0.1568	0.1313	-0.0172	0.0661	-0.0727	
-1.6489	-11.9289	2.1538	-0.2795	-0.1795	0.3787	0.3533	0.9168	-0.1517	0.1085	-0.0175	0.0648	-0.0736	
-1.6587	-11.9533	2.2180	-0.2747	-0.1812	0.3857	0.3980	0.9008	-0.1430	0.1052	-0.0155	0.0590	-0.0765	
-1.6886	-11.9673	2.2734	-0.2754	-0.1802	0.3899	0.4479	0.8775	-0.1406	0.1020	-0.0162	0.0538	-0.0807	
-1.7408	-12.0178	2.3200	-0.2815	-0.1886	0.3917	0.4842	0.8588	-0.1486	0.0832	-0.0197	0.0521	-0.0793	
-1.7707	-12.0561	2.3734	-0.2820	-0.1935	0.3951	0.5265	0.8359	-0.1353	0.0796	-0.0170	0.0488	-0.0815	
-1.7717	-12.0719	2.4264	-0.2754	-0.1925	0.3984	0.5711	0.8084	-0.1218	0.0747	-0.0154	0.0462	-0.0845	
-1.7771	-12.1033	2.4629	-0.2700	-0.1955	0.3976	0.6111	0.7797	-0.1203	0.0658	-0.0169	0.0438	-0.0858	
-1.8127	-12.1164	2.4827	-0.2722	-0.1940	0.3930	0.6413	0.7586	-0.1031	0.0627	-0.0131	0.0417	-0.0847	
-1.8289	-12.1269	2.5131	-0.2697	-0.1919	0.3909	0.6737	0.7311	-0.0941	0.0592	-0.0122	0.0392	-0.0849	
-1.8701	-12.1470	2.5600	-0.2730	-0.1921	0.3926	0.7117	0.6965	-0.0746	0.0435	-0.0108	0.0404	-0.0870	
-1.9139	-12.1539	2.6241	-0.2766	-0.1892	0.3981	0.7460	0.6619	-0.0632	0.0360	-0.0101	0.0393	-0.0880	
-1.9589	-12.1584	2.6745	-0.2805	-0.1859	0.4003	0.7815	0.6208	-0.0467	0.0390	-0.0073	0.0371	-0.0909	
-1.9969	-12.1820	2.7204	-0.2828	-0.1870	0.4016	0.8037	0.5945	-0.0246	0.0330	-0.0042	0.0374	-0.0884	
-2.0061	-12.1775	2.7624	-0.2787	-0.1818	0.4020	0.8237	0.5670	-0.0021	0.0380	-0.0002	0.0356	-0.0863	
-2.0293	-12.1916	2.8073	-0.2777	-0.1809	0.4030	0.8445	0.5351	0.0115	0.0317	0.0000	0.0346	-0.0851	
-2.0539	-12.1901	2.8373	-0.2770	-0.1767	0.4009	0.8649	0.5007	0.0258	0.0315	0.0013	0.0329	-0.0848	
-2.0701	-12.1987	2.8759	-0.2746	-0.1748	0.4006	0.8822	0.4682	0.0451	0.0314	0.0034	0.0322	-0.0837	
-2.0800	-12.1998	2.9181	-0.2710	-0.1713	0.4011	0.9035	0.4222	0.0644	0.0213	0.0034	0.0326	-0.0861	
-2.1060	-12.2168	2.9635	-0.2708	-0.1713	0.4021	0.9188	0.3861	0.0819	0.0234	0.0054	0.0316	-0.0854	
-2.1320	-12.2045	2.9994	-0.2706	-0.1652	0.4013	0.9312	0.3503	0.1004	0.0189	0.0062	0.0317	-0.0842	
-2.1513	-12.2178	3.0277	-0.2691	-0.1646	0.3990	0.9439	0.3048	0.1225	0.0382	0.0119	0.0295	-0.0860	
-2.1726	-12.2316	3.0713	-0.2680	-0.1641	0.3997	0.9537	0.2607	0.1449	0.0346	0.0129	0.0305	-0.0866	
-2.2047	-12.2331	3.1182	-0.2690	-0.1611	0.4010	0.9590	0.2256	0.1709	0.0250	0.0128	0.0332	-0.0845	
-2.2394	-12.2647	3.1549	-0.2704	-0.1641	0.4003	0.9661	0.1964	0.1723	0.0212	0.0109	0.0295	-0.0817	
-2.2805	-12.2897	3.2000	-0.2730	-0.1658	0.4012	0.9695	0.1633	0.1837	0.0270	0.0123	0.0278	-0.0799	
-2.3115	-12.3137	3.2500	-0.2736	-0.1672	0.4030	0.9734	0.1167	0.1934	0.0397	0.0154	0.0251	-0.0816	
-2.3367	-12.3323	3.2809	-0.2732	-0.1675	0.4013	0.9711	0.0834	0.2200	0.0474	0.0182	0.0272	-0.0795	
-2.3463	-12.3392	3.3203	-0.2701	-0.1657	0.4013	0.9701	0.0328	0.2339	0.0492	0.0194	0.0262	-0.0820	
-2.3925	-12.3623	3.3488	-0.2735	-0.1669	0.3992	0.9686	-0.0177	0.2404	0.0577	0.0213	0.0236	-0.0842	
-2.4163	-12.3646	3.3931	-0.2728	-0.1644	0.4000	0.9592	-0.0559	0.2678	0.0746	0.0253	0.0261	-0.0826	
-2.4585	-12.3746	3.4391	-0.2753	-0.1632	0.4010	0.9527	-0.0971	0.2744	0.0898	0.0277	0.0236	-0.0820	
-2.4800	-12.3820	3.4762	-0.2742	-0.1616	0.4005	0.9404	-0.1357	0.2943	0.1040	0.0302	0.0246	-0.0809	
-2.5021	-12.3848	3.5221	-0.2733	-0.1593	0.4014	0.9284	-0.1638	0.3178	0.1072	0.0293	0.0271	-0.0777	
-2.5256	-12.4079	3.5521	-0.2727	-0.1605	0.3998	0.9111	-0.2008	0.3372	0.1265	0.0330	0.0280	-0.0767	
-2.5556	-12.4220	3.5957	-0.2731	-0.1602	0.4003	0.8964	-0.2369	0.3453	0.1468	0.0364	0.0262	-0.0754	
-2.6016	-12.4443	3.6357	-0.2761	-0.1613	0.4003	0.8829	-0.2670	0.3542	0.1567	0.0364	0.0252	-0.0732	
-2.6333	-12.4571	3.6853	-0.2768	-0.1607	0.4018	0.8647	-0.3029	0.3642	0.1669	0.0373	0.0248	-0.0729	
-2.6725	-12.4765	3.7381	-0.2785	-0.1613	0.4038	0.8419	-0.3380	0.3776	0.1849	0.0398	0.0256	-0.0725	
-2.7014	-12.4876	3.7750	-0.2787	-0.1605	0.4032	0.8220	-0.3646	0.3895	0.2008	0.0408	0.0259	-0.0698	
-2.7380	-12.5121	3.8085	-0.2800	-0.1619	0.4021	0.7921	-0.4023	0.4021	0.2200	0.0441	0.0271	-0.0704	
-2.7799	-12.5210	3.8445	-0.2821	-0.1607	0.4015	0.7632	-0.4368	0.4157	0.2314	0.0446	0.0282	-0.0709	
-2.8281	-12.5478	3.8893	-0.2852	-0.1624	0.4021	0.7344	-0.4721	0.4175	0.2517	0.0480	0.0271	-0.0705	
-2.8594	-12.5403	3.9139	-0.2856	-0.1587	0.3998	0.6979	-0.5064	0.4248	0.2748	0.0517	0.0282	-0.0702	
-2.9001	-12.5506	3.9576	-0.2874	-0.1578	0.4003	0.6665	-0.5263	0.4309	0.3067	0.0552	0.0295	-0.0660	
-2.9501	-12.5569	3.9984	-0.2905	-0.1564	0.4004	0.6324	-0.5537	0.4339	0.3243	0.0565	0.0293	-0.0652	
-2.9784	-12.5715	4.0387	-0.2904	-0.1562	0.4004	0.5978	-0.5929	0.4210	0.3371	0.0597	0.0260	-0.0665	
-3.0270	-12.5813	4.0763	-0.2932	-0.1554	0.4000	0.5595	-0.6123	0.4259	0.3618	0.0613	0.0280	-0.0640	
-3.0786	-12.5969	4.1305	-0.2963	-0.1554	0.4020	0.5245	-0.6346	0.4131	0.3897	0.0653	0.0270	-0.0609	
-3.1145	-12.6102	4.1647	-0.2972	-0.1551	0.4012	0.4924	-0.6594	0.4063	0.3978	0.0646	0.0250	-0.0604	
-3.1395	-12.6399	4.2003	-0.2966	-0.1572	0.4005	0.4594	-0.6760	0.4061	0.4097	0.0633	0.0253	-0.0586	
-3.1612	-12.6610	4.2311	-0.2955	-0.1580	0.3993	0.4256	-0.6848	0.4017	0.4354	0.0644	0.0275	-0.0541	
-3.1768	-12.6715	4.2750	-0.2936	-0.1572	0.3998	0.3937	-0.6953	0.3852	0.4626	0.0673	0.0280	-0.0494	
-3.2062	-12.6939	4.3112	-0.2937	-0.1581	0.3993	0.3463	-0.7160	0.3724	0.4775	0.0701	0.0279	-0.0507	
-3.2294	-12.7141	4.3702	-0.2928	-0.1587	0.4019	0.3059	-0.7195	0.3583	0.5106	0.0731	0.0311	-0.0464	
-3.2573	-12.7341	4.4107	-0.2926	-0.1593	0.4020	0.2570	-0.7368	0.3368	0.5261	0.0767	0.0303	-0.0472	
-3.2907	-12.7595	4.4491	-0.2932	-0.1606	0.4017	0.2229	-0.7476	0.3177	0.5395	0.0768	0.0287	-0.0451	
-3.3199	-12.7789	4.4837	-0.2932	-0.1611	0.4010	0.1754	-0.7520	0.3019	0.5587	0.0784	0.0307	-0.0442	
-3.3373	-12.7840	4.5245	-0.2917	-0.1596	0.4011	0.1423	-0.7530	0.2837	0.5773	0.0780	0.0313	-0.0410	
-3.3672	-12.8080	4.5540	-0.2918	-0.1606	0.3997	0.0919	-0.7502	0.2650	0.5983	0.0800	0.0345	-0.0401	
-3.4054	-12.8119	4.5915	-0.2929	-0.1590	0.3994	0.0397	-0.7393	0.2567	0.6211	0.0801	0.0393	-0.0400	
-3.4316	-12.8353	4.6277	-0.2926	-0.1600	0.3989	-0.0031	0.7356	-0.2420	-0.6334	0.0814	0.0390	-0.0418	
-3.4643	-12.8561	4.6729	-0.2930	-0.1606	0.3996	0.0435	0.7329	-0.2247	-0.6407	0.0816	0.0387	-0.0419	
-3.4916	-12.8784	4.7105	-0.2928	-0.1614	0.3993	0.0827	0.7228	-0.2024	-0.6560	0.0802	0.0403	-0.0432	
-3.5149	-12.9005	4.7363	-0.2921	-0.1622	0.3976	0.1286	0.7099	-0.1912	-0.6656	0.0786	0.0410	-0.0446	
-3.5461	-12.9140	4.7809	-0.2923	-0.1618	0.3982	0.1644	0.6988	-0.1744	-0.6747	0.0758	0.0417	-0.0432	
-3.5826	-12.9360	4.8187	-0.2932	-0.1625	0.3979	0.1997	0.6759	-0.1580	-0.6923	0.0721	0.0467	-0.0423	
-3.6125	-12.9486	4.8628	-0.2932	-0.1620	0.3985	0.2355	0.6562	-0.1345	-0.7045	0.0717	0.0494	-0.0394	
-3.6503	-12.9652	4.9039	-0.2942	-0.1621	0.3986	0.2662	0.6226	-0.1212	-0.7266	0.0670	0.0556	-0.0384	
-3.6772	-12.9755	4.9377	-0.2939	-0.1613	0.3979	0.2835	0.5967	-0.1141	-0.7436	0.0599	0.0567	-0.0354	
-3.6959	-12.9827	4.9761	-0.2927	-0.1602	0.3978	0.3123	0.5679	-0.0911	-0.7563	0.0600	0.0592	-0.0322	
-3.7359	-12.9982	5.0191	-0.2939	-0.1602	0.3981	0.3567	0.5366	-0.0752	-0.7604	0.0624	0.0609	-0.0340	
-3.7699	-13.0073	5.0642	-0.2944	-0.1593	0.3987	0.3735	0.5016	-0.0559	-0.7792	0.0589	0.0640	-0.0302	
-3.8104	-13.0105	5.0964	-0.2957	-0.1578	0.3978	0.4013	0.4711	-0.0212	-0.7853	0.0617	0.0656	-0.0260	
-3.8415	-13.0264	5.1304	-0.2959	-0.1578	0.3972	0.4164	0.4412	0.0081	-0.7956	0.0606	0.0666	-0.0213	
-3.8835	-13.0448	5.1740	-0.2973	-0.1581	0.3976	0.4360	0.4148	0.0417	-0.7980	0.0617	0.0664	-0.0170	
-3.9140	-13.0535	5.1963	-0.2974	-0.1573	0.3957	0.4368	0.3864	0.0651	-0.8112	0.0570	0.0667	-0.0128	
-3.9428	-13.0659	5.2429	-0.2973	-0.1569	0.3965	0.4603	0.3533	0.0999	-0.8080	0.0596	0.0676	-0.0101	
-3.9776	-13.0826	5.2830	-0.2978	-0.1570	0.3965	0.4672	0.3160	0.1103	-0.8193	0.0544	0.0685	-0.0108	
-4.0061	-13.1030	5.3165	-0.2977	-0.1575	0.3959	0.4832	0.2916	0.1314	-0.8155	0.0540	0.0664	-0.0094	
-4.0306	-13.1195	5.3541	-0.2971	-0.1576	0.3957	0.5099	0.2602	0.1466	-0.8068	0.0553	0.0652	-0.0110	
-4.0630	-13.1369	5.3916	-0.2974	-0.1578	0.3954	0.5380	0.2191	0.1712	-0.7952	0.0586	0.0668	-0.0116	
-4.0982	-13.1437	5.4252	-0.2980	-0.1568	0.3948	0.5424	0.1823	0.2022	-0.7951	0.0569	0.0689	-0.0081	
-4.1275	-13.1608	5.4708	-0.2980	-0.1570	0.3954	0.5402	0.1456	0.2234	-0.7989	0.0525	0.0701	-0.0065	
-4.1687	-13.1649	5.5107	-0.2991	-0.1557	0.3955	0.5432	0.0923	0.2375	-0.8000	0.0502	0.0737	-0.0088	
-4.1998	-13.1722	5.5512	-0.2993	-0.1548	0.3956	0.5476	0.0494	0.2617	-0.7931	0.0495	0.0757	-0.0075	
-4.2271	-13.1903	5.5905	-0.2990	-0.1550	0.3955	0.5445	0.0085	0.2816	-0.7903	0.0466	0.0769	-0.0068	
-4.2594	-13.2053	5.6365	-0.2992	-0.1550	0.3962	0.5351	-0.0174	0.3101	-0.7867	0.0424	0.0764	-0.0022	
-4.2875	-13.2274	5.6696	-0.2990	-0.1557	0.3955	0.5395	-0.0531	0.3321	-0.7719	0.0429	0.0764	-0.0013	
-4.3104	-13.2476	5.6914	-0.2984	-0.1562	0.3937	0.5379	-0.0946	0.3501	-0.7609	0.0421	0.0773	-0.0020	
-4.3409	-13.2601	5.7402	-0.2984	-0.1559	0.3947	0.5336	-0.1410	0.3729	-0.7454	0.0418	0.0803	-0.0015	
-4.3731	-13.2788	5.7824	-0.2987	-0.1562	0.3950	0.5249	-0.1800	0.3934	-0.7331	0.0398	0.0814	-0.0009	
-4.4021	-13.2948	5.8317	-0.2985	-0.1562	0.3960	0.5132	-0.2137	0.4230	-0.7157	0.0375	0.0831	0.0025	
-4.4327	-13.3144	5.8767	-0.2986	-0.1567	0.3965	0.5104	-0.2449	0.4333	-0.7020	0.0366	0.0807	0.0012	
-4.4622	-13.3203	5.9141	-0.2986	-0.1556	0.3963	0.4941	-0.2831	0.4443	-0.6920	0.0335	0.0811	-0.0006	
-4.4943	-13.3314	5.9573	-0.2988	-0.1552	0.3966	0.4735	-0.3291	0.4583	-0.6761	0.0315	0.0841	-0.0020	
-4.5291	-13.3530	5.9883	-0.2993	-0.1558	0.3958	0.4613	-0.3691	0.4726	-0.6536	0.0317	0.0852	-0.0022	
-4.5662	-13.3748	6.0310	-0.3000	-0.1564	0.3961	0.4387	-0.3993	0.4945	-0.6356	0.0281	0.0864	-0.0005	
-4.5956	-13.3848	6.0748	-0.2999	-0.1559	0.3965	0.4146	-0.4364	0.5085	-0.6155	0.0258	0.0881	-0.0011	
-4.6203	-13.4050	6.1155	-0.2994	-0.1563	0.3966	0.4012	-0.4616	0.5186	-0.5985	0.0244	0.0856	-0.0013	
-4.6558	-13.4160	6.1631	-0.2999	-0.1559	0.3973	0.3755	-0.4920	0.5325	-0.5774	0.0217	0.0867	-0.0013	
-4.6750	-13.4304	6.1963	-0.2989	-0.1557	0.3967	0.3494	-0.5189	0.5518	-0.5514	0.0191	0.0883	-0.0001	
-4.7074	-13.4389	6.2396	-0.2991	-0.1550	0.3970	0.3206	-0.5403	0.5751	-0.5242	0.0154	0.0900	0.0021	
-4.7360	-13.4463	6.2706	-0.2990	-0.1543	0.3962	0.2897	-0.5710	0.5858	-0.4964	0.0141	0.0918	0.0011	
-4.7693	-13.4631	6.3101	-0.2993	-0.1544	0.3962	0.2570	-0.5874	0.6069	-0.4701	0.0100	0.0926	0.0025	
-4.7993	-13.4862	6.3498	-0.2993	-0.1551	0.3962	0.2082	-0.6084	0.6208	-0.4484	0.0046	0.0951	0.0004	
-4.8243	-13.4981	6.3906	-0.2989	-0.1548	0.3963	0.1804	-0.6240	0.6359	-0.4171	0.0032	0.0950	0.0020	
-4.8573	-13.5158	6.4247	-0.2992	-0.1550	0.3958	0.1570	-0.6391	0.6406	-0.3974	0.0029	0.0916	0.0010	
-4.8857	-13.5216	6.4782	-0.2990	-0.1541	0.3970	0.1266	-0.6452	0.6550	-0.3736	-0.0004	0.0904	0.0016	
-4.9182	-13.5334	6.5193	-0.2993	-0.1538	0.3972	0.0910	-0.6469	0.6736	-0.3466	-0.0049	0.0904	0.0027	
-4.9538	-13.5413	6.5641	-0.2998	-0.1531	0.3976	0.0462	-0.6668	0.6702	-0.3223	-0.0053	0.0919	-0.0016	
-4.9880	-13.5521	6.6026	-0.3001	-0.1526	0.3975	0.0047	-0.6735	0.6726	-0.3081	-0.0026	0.0934	0.0021	
-5.0211	-13.5713	6.6394	-0.3004	-0.1530	0.3972	0.0302	0.6974	-0.6606	0.2758	0.0001	0.0944	-0.0003	
-5.0481	-13.5876	6.6836	-0.3002	-0.1531	0.3976	0.0688	0.7040	-0.6584	0.2593	-0.0020	0.0925	-0.0039	
-5.0769	-13.6064	6.7162	-0.3001	-0.1534	0.3970	0.1101	0.7137	-0.6528	0.2278	-0.0028	0.0940	-0.0056	
-5.1056	-13.6167	6.7544	-0.2999	-0.1530	0.3969	0.1529	0.7209	-0.6448	0.2025	-0.0037	0.0944	-0.0086	
-5.1385	-13.6302	6.7948	-0.3002	-0.1528	0.3969	0.1845	0.7166	-0.6491	0.1804	-0.0067	0.0918	-0.0086	
-5.1647	-13.6489	6.8330	-0.2999	-0.1531	0.3968	0.2197	0.7084	-0.6515	0.1641	-0.0099	0.0891	-0.0103	
-5.1986	-13.6702	6.8706	-0.3002	-0.1536	0.3966	0.2676	0.6967	-0.6525	0.1289	-0.0147	0.0920	-0.0111	
-5.2183	-13.6925	6.9081	-0.2993	-0.1543	0.3964	0.3013	0.6945	-0.6444	0.1131	-0.0144	0.0893	-0.0133	
-5.2565	-13.7143	6.9566	-0.3000	-0.1548	0.3972	0.3492	0.6825	-0.6351	0.0947	-0.0164	0.0896	-0.0174	
-5.2916	-13.7368	6.9918	-0.3005	-0.1554	0.3968	0.3847	0.6824	-0.6180	0.0646	-0.0150	0.0904	-0.0175	
-5.3270	-13.7523	7.0388	-0.3009	-0.1554	0.3974	0.4260	0.6685	-0.6081	0.0470	-0.0164	0.0895	-0.0204	
-5.3587	-13.7674	7.0744	-0.3010	-0.1554	0.3971	0.4667	0.6457	-0.6043	0.0348	-0.0196	0.0874	-0.0238	
-5.3832	-13.7776	7.1110	-0.3006	-0.1550	0.3968	0.4972	0.6253	-0.6022	0.0155	-0.0225	0.0851	-0.0239	
-5.4217	-13.7914	7.1602	-0.3013	-0.1548	0.3976	0.5397	0.5995	-0.5904	-0.0120	-0.0256	0.0869	-0.0258	
-5.4495	-13.8070	7.1902	-0.3011	-0.1548	0.3968	0.5870	0.5750	-0.5710	-0.0092	-0.0241	0.0853	-0.0330	
-5.4898	-13.8270	7.2322	-0.3019	-0.1552	0.3970	0.6233	0.5538	-0.5521	-0.0183	-0.0233	0.0840	-0.0356	
-5.5143	-13.8432	7.2606	-0.3015	-0.1553	0.3961	0.6566	0.5380	-0.5285	-0.0261	-0.0207	0.0828	-0.0374	
-5.5429	-13.8549	7.3055	-0.3013	-0.1550	0.3965	0.6928	0.5076	-0.5117	-0.0310	-0.0216	0.0812	-0.0410	
-5.5671	-13.8727	7.3450	-0.3009	-0.1551	0.3965	0.7187	0.4879	-0.4923	-0.0566	-0.0227	0.0813	-0.0390	
-5.5998	-13.8939	7.3819	-0.3011	-0.1556	0.3963	0.7482	0.4564	-0.4783	-0.0625	-0.0239	0.0789	-0.0416	
-5.6250	-13.9059	7.4225	-0.3007	-0.1553	0.3964	0.7663	0.4324	-0.4693	-0.0834	-0.0264	0.0761	-0.0395	
-5.6541	-13.9234	7.4613	-0.3006	-0.1555	0.3963	0.7932	0.4051	-0.4453	-0.0924	-0.0253	0.0758	-0.0411	
-5.6961	-13.9414	7.5088	-0.3015	-0.1557	0.3969	0.8118	0.3727	-0.4387	-0.1038	-0.0278	0.0720	-0.0417	
-5.7277	-13.9567	7.5425	-0.3016	-0.1557	0.3964	0.8367	0.3398	-0.4152	-0.1096	-0.0270	0.0719	-0.0442	
-5.7533	-13.9693	7.5847	-0.3013	-0.1554	0.3966	0.8539	0.3210	-0.3960	-0.1114	-0.0241	0.0692	-0.0434	
-5.7905	-13.9867	7.6270	-0.3018	-0.1556	0.3968	0.8729	0.2833	-0.3746	-0.1304	-0.0268	0.0699	-0.0447	
-5.8196	-14.0035	7.6696	-0.3017	-0.1557	0.3971	0.9002	0.2381	-0.3407	-0.1276	-0.0251	0.0719	-0.0503	
-5.8479	-14.0184	7.7120	-0.3016	-0.1556	0.3973	0.9145	0.1973	-0.3234	-0.1422	-0.0278	0.0705	-0.0517	
-5.8767	-14.0323	7.7508	-0.3015	-0.1555	0.3972	0.9323	0.1574	-0.2893	-0.1469	-0.0266	0.0724	-0.0539	
-5.9112	-14.0458	7.7883	-0.3018	-0.1553	0.3970	0.9403	0.1285	-0.2743	-0.1598	-0.0275	0.0694	-0.0523	
-5.9435	-14.0589	7.8320	-0.3020	-0.1552	0.3973	0.9516	0.0782	-0.2636	-0.1427	-0.0256	0.0645	-0.0585	
-5.9740	-14.0703	7.8728	-0.3020	-0.1548	0.3974	0.9589	0.0325	-0.2381	-0.1492	-0.0265	0.0649	-0.0608	
-6.0065	-14.0793	7.9148	-0.3022	-0.1543	0.3976	0.9674	0.0045	-0.2111	-0.1431	-0.0230	0.0642	-0.0595	
-6.0424	-14.0944	7.9517	-0.3026	-0.1543	0.3974	0.9685	-0.0490	-0.1925	-0.1492	-0.0253	0.0630	-0.0638	
-6.0757	-14.1083	8.0008	-0.3028	-0.1542	0.3981	0.9717	-0.0912	-0.1726	-0.1351	-0.0221	0.0609	-0.0663	
-6.1077	-14.1292	8.0455	-0.3029	-0.1546	0.3984	0.9713	-0.1311	-0.1474	-0.1328	-0.0212	0.0606	-0.0672	
-6.1320	-14.1438	8.0833	-0.3025	-0.1546	0.3983	0.9719	-0.1705	-0.1178	-0.1124	-0.0166	0.0609	-0.0689	
-6.1608	-14.1615	8.1211	-0.3024	-0.1547	0.3981	0.9672	-0.2106	-0.1037	-0.1005	-0.0144	0.0576	-0.0706	
-6.1930	-14.1808	8.1555	-0.3025	-0.1550	0.3977	0.9622	-0.2472	-0.0832	-0.0816	-0.0107	0.0562	-0.0714	
-6.2245	-14.2016	8.1994	-0.3026	-0.1554	0.3980	0.9556	-0.2780	-0.0794	-0.0727	-0.0087	0.0510	-0.0707	
-6.2544	-14.2077	8.2415	-0.3026	-0.1547	0.3982	0.9400	-0.3305	-0.0607	-0.0524	-0.0063	0.0503	-0.0760	
-6.2860	-14.2268	8.2838	-0.3027	-0.1550	0.3984	0.9230	-0.3789	-0.0422	-0.0470	-0.0071	0.0496	-0.0792	
-6.3127	-14.2395	8.3169	-0.3025	-0.1548	0.3979	0.9027	-0.4267	-0.0229	-0.0448	-0.0085	0.0491	-0.0818	
-6.3468	-14.2510	8.3534	-0.3027	-0.1545	0.3977	0.8821	-0.4694	-0.0073	-0.0368	-0.0082	0.0478	-0.0833	
-6.3729	-14.2714	8.3910	-0.3024	-0.1548	0.3975	0.8586	-0.5116	0.0105	-0.0225	-0.0065	0.0474	-0.0851	
-6.4052	-14.2927	8.4261	-0.3026	-0.1552	0.3972	0.8438	-0.5376	0.0222	-0.0142	-0.0053	0.0453	-0.0818	
-6.4356	-14.3030	8.4632	-0.3026	-0.1549	0.3970	0.8155	-0.5780	0.0297	-0.0036	-0.0039	0.0429	-0.0839	
-6.4715	-14.3197	8.5068	-0.3030	-0.1550	0.3973	0.7856	-0.6176	0.0355	0.0128	-0.0012	0.0410	-0.0861	
-6.5052	-14.3424	8.5486	-0.3032	-0.1555	0.3974	0.7553	-0.6530	0.0516	0.0203	-0.0017	0.0407	-0.0870	
-6.5342	-14.3509	8.5847	-0.3031	-0.1550	0.3972	0.7216	-0.6899	0.0535	0.0260	-0.0011	0.0375	-0.0886	
-6.5656	-14.3729	8.6291	-0.3032	-0.1554	0.3975	0.6884	-0.7249	0.0368	0.0307	0.0017	0.0312	-0.0897	
-6.6032	-14.3888	8.6696	-0.3037	-0.1554	0.3975	0.6524	-0.7552	0.0394	0.0506	0.0050	0.0307	-0.0904	
-6.6320	-14.4100	8.7171	-0.3036	-0.1558	0.3980	0.6223	-0.7801	0.0373	0.0613	0.0067	0.0286	-0.0889	
-6.6550	-14.4179	8.7558	-0.3031	-0.1553	0.3980	0.5897	-0.8020	0.0439	0.0866	0.0101	0.0301	-0.0875	
-6.6873	-14.4279	8.7964	-0.3032	-0.1549	0.3980	0.5435	-0.8332	0.0311	0.0969	0.0128	0.0263	-0.0906	
-6.7145	-14.4475	8.8364	-0.3030	-0.1552	0.3980	0.5159	-0.8475	0.0252	0.1286	0.0183	0.0275	-0.0866	
-6.7447	-14.4636	8.8776	-0.3030	-0.1552	0.3981	0.4773	-0.8655	0.0321	0.1485	0.0191	0.0286	-0.0862	
-6.7745	-14.4749	8.9190	-0.3030	-0.1550	0.3982	0.4394	-0.8811	0.0329	0.1719	0.0213	0.0294	-0.0854	
-6.7973	-14.4934	8.9602	-0.3025	-0.1552	0.3983	0.4055	-0.8938	0.0340	0.1900	0.0222	0.0295	-0.0834	
-6.8276	-14.5141	9.0031	-0.3025	-0.1555	0.3985	0.3623	-0.9093	0.0311	0.2024	0.0230	0.0279	-0.0843	
-6.8566	-14.5227	9.0459	-0.3024	-0.1550	0.3987	0.3337	-0.9187	0.0268	0.2130	0.0232	0.0260	-0.0810	
-6.8903	-14.5331	9.0853	-0.3026	-0.1547	0.3987	0.2919	-0.9305	0.0159	0.2212	0.0248	0.0230	-0.0815	
-6.9198	-14.5432	9.1247	-0.3026	-0.1544	0.3987	0.2506	-0.9406	0.0019	0.2297	0.0270	0.0202	-0.0815	
-6.9533	-14.5526	9.1700	-0.3028	-0.1540	0.3990	0.2067	-0.9479	-0.0090	0.2421	0.0291	0.0190	-0.0819	
-6.9820	-14.5701	9.2144	-0.3027	-0.1541	0.3993	0.1598	-0.9506	-0.0172	0.2647	0.0317	0.0209	-0.0824	
-7.0191	-14.5898	9.2561	-0.3031	-0.1544	0.3994	0.1131	-0.9540	-0.0338	0.2755	0.0346	0.0189	-0.0828	
-7.0509	-14.6056	9.2945	-0.3032	-0.1544	0.3993	0.0779	-0.9488	-0.0432	0.3045	0.0366	0.0226	-0.0799	
-7.0872	-14.6160	9.3327	-0.3036	-0.1541	0.3992	0.0195	-0.9455	-0.0638	0.3172	0.0326	0.0233	-0.0768	
-7.1151	-14.6279	9.3753	-0.3035	-0.1538	0.3994	0.0280	0.9390	0.0732	-0.3340	0.0348	0.0237	-0.0782	
-7.1394	-14.6459	9.4126	-0.3031	-0.1540	0.3992	0.0558	0.9272	0.0870	-0.3618	0.0365	0.0269	-0.0741	
-7.1791	-14.6597	9.4555	-0.3037	-0.1539	0.3994	0.0953	0.9193	0.1025	-0.3684	0.0387	0.0242	-0.0735	
-7.2068	-14.6857	9.4921	-0.3035	-0.1546	0.3992	0.1241	0.9063	0.1102	-0.3899	0.0385	0.0264	-0.0706	
-7.2359	-14.7020	9.5346	-0.3034	-0.1546	0.3994	0.1504	0.8976	0.1262	-0.3963	0.0396	0.0241	-0.0671	
-7.2654	-14.7180	9.5766	-0.3034	-0.1547	0.3995	0.1802	0.8860	0.1392	-0.4046	0.0405	0.0230	-0.0651	
-7.2947	-14.7310	9.6125	-0.3033	-0.1545	0.3992	0.2205	0.8688	0.1387	-0.4207	0.0396	0.0246	-0.0669	
-7.3277	-14.7484	9.6542	-0.3035	-0.1546	0.3993	0.2591	0.8459	0.1534	-0.4398	0.0420	0.0268	-0.0672	
-7.3569	-14.7625	9.6971	-0.3034	-0.1546	0.3995	0.2863	0.8271	0.1777	-0.4506	0.0451	0.0267	-0.0640	
-7.3872	-14.7816	9.7371	-0.3034	-0.1548	0.3995	0.3312	0.7980	0.2077	-0.4578	0.0517	0.0266	-0.0650	
-7.4228	-14.7996	9.7784	-0.3037	-0.1549	0.3996	0.3693	0.7697	0.2229	-0.4700	0.0534	0.0277	-0.0655	
-7.4546	-14.8142	9.8191	-0.3038	-0.1549	0.3997	0.4000	0.7415	0.2354	-0.4846	0.0534	0.0294	-0.0648	
-7.4857	-14.8349	9.8569	-0.3039	-0.1552	0.3995	0.4272	0.7222	0.2535	-0.4823	0.0548	0.0269	-0.0618	
-7.5174	-14.8507	9.8923	-0.3039	-0.1552	0.3993	0.4584	0.6947	0.2667	-0.4860	0.0556	0.0266	-0.0614	
-7.5452	-14.8695	9.9292	-0.3038	-0.1554	0.3991	0.4936	0.6588	0.2835	-0.4912	0.0579	0.0275	-0.0622	
-7.5746	-14.8880	9.9675	-0.3037	-0.1556	0.3990	0.5219	0.6226	0.3103	-0.4935	0.0616	0.0287	-0.0603	
-7.6052	-14.8953	10.0094	-0.3037	-0.1551	0.3991	0.5354	0.5926	0.3390	-0.4986	0.0627	0.0304	-0.0551	
-7.6391	-14.9067	10.0468	-0.3039	-0.1549	0.3990	0.5600	0.5585	0.3536	-0.4994	0.0631	0.0305	-0.0546	
-7.6667	-14.9235	10.0840	-0.3038	-0.1549	0.3988	0.5751	0.5306	0.3729	-0.4997	0.0627	0.0307	-0.0512	
-7.6976	-14.9419	10.1259	-0.3038	-0.1551	0.3989	0.5939	0.4888	0.3971	-0.5004	0.0650	0.0329	-0.0497	
-7.7259	-14.9616	10.1666	-0.3037	-0.1554	0.3990	0.6110	0.4620	0.4176	-0.4897	0.0660	0.0315	-0.0462	
-7.7518	-14.9798	10.2105	-0.3034	-0.1555	0.3992	0.6222	0.4303	0.4337	-0.4903	0.0646	0.0323	-0.0441	
-7.7805	-14.9934	10.2461	-0.3033	-0.1554	0.3989	0.6440	0.3880	0.4510	-0.4803	0.0674	0.0323	-0.0445	
-7.8140	-15.0097	10.2844	-0.3035	-0.1554	0.3989	0.6528	0.3616	0.4730	-0.4696	0.0674	0.0322	-0.0401	
-7.8374	-15.0240	10.3226	-0.3031	-0.1554	0.3988	0.6665	0.3019	0.4967	-0.4656	0.0711	0.0364	-0.0416	
-7.8696	-15.0373	10.3603	-0.3032	-0.1552	0.3986	0.6735	0.2753	0.5184	-0.4507	0.0710	0.0358	-0.0371	
-7.9036	-15.0471	10.3962	-0.3034	-0.1549	0.3984	0.6829	0.2285	0.5391	-0.4361	0.0736	0.0372	-0.0364	
-7.9313	-15.0623	10.4355	-0.3033	-0.1549	0.3984	0.6857	0.1764	0.5588	-0.4312	0.0742	0.0407	-0.0367	
-7.9662	-15.0778	10.4761	-0.3035	-0.1549	0.3984	0.6935	0.1297	0.5672	-0.4248	0.0737	0.0409	-0.0383	
-8.0050	-15.0911	10.5161	-0.3040	-0.1548	0.3984	0.6989	0.0946	0.5831	-0.4039	0.0746	0.0403	-0.0355	
-8.0348	-15.1012	10.5573	-0.3040	-0.1545	0.3985	0.6951	0.0514	0.6046	-0.3856	0.0755	0.0429	-0.0329	
-8.0661	-15.1186	10.5978	-0.3040	-0.1546	0.3985	0.6887	0.0277	0.6233	-0.3722	0.0722	0.0434	-0.0287	
-8.0979	-15.1339	10.6342	-0.3041	-0.1546	0.3983	0.6829	-0.0141	0.6403	-0.3510	0.0734	0.0451	-0.0270	
-8.1284	-15.1503	10.6781	-0.3041	-0.1546	0.3986	0.6745	-0.0544	0.6616	-0.3227	0.0754	0.0475	-0.0239	
-8.1606	-15.1695	10.7199	-0.3042	-0.1548	0.3987	0.6615	-0.1089	0.6768	-0.3023	0.0775	0.0511	-0.0245	
-8.1903	-15.1897	10.7581	-0.3042	-0.1551	0.3986	0.6484	-0.1289	0.6983	-0.2787	0.0745	0.0517	-0.0195	
-8.2188	-15.2064	10.7986	-0.3041	-0.1551	0.3986	0.6233	-0.1548	0.7244	-0.2529	0.0724	0.0557	-0.0148	
-8.2447	-15.2223	10.8389	-0.3038	-0.1552	0.3986	0.6074	-0.1735	0.7416	-0.2293	0.0696	0.0557	-0.0112	
-8.2775	-15.2392	10.8774	-0.3039	-0.1552	0.3986	0.5834	-0.2054	0.7567	-0.2125	0.0674	0.0580	-0.0108	
-8.3020	-15.2500	10.9158	-0.3036	-0.1550	0.3985	0.5758	-0.2565	0.7555	-0.1765	0.0735	0.0565	-0.0116	
-8.3291	-15.2627	10.9542	-0.3034	-0.1548	0.3984	0.5481	-0.2832	0.7733	-0.1479	0.0719	0.0597	-0.0089	
-8.3583	-15.2763	10.9947	-0.3034	-0.1547	0.3984	0.5204	-0.3233	0.7808	-0.1197	0.0731	0.0622	-0.0090	
-8.3866	-15.2924	11.0348	-0.3033	-0.1548	0.3985	0.4931	-0.3567	0.7873	-0.0997	0.0716	0.0634	-0.0097	
-8.4189	-15.3070	11.0755	-0.3034	-0.1547	0.3985	0.4736	-0.3899	0.7865	-0.0733	0.0722	0.0622	-0.0095	
-8.4497	-15.3209	11.1165	-0.3034	-0.1546	0.3986	0.4325	-0.4205	0.7955	-0.0606	0.0687	0.0660	-0.0119	
-8.4782	-15.3356	11.1514	-0.3033	-0.1546	0.3983	0.4003	-0.4493	0.7977	-0.0421	0.0671	0.0669	-0.0127	
-8.5066	-15.3533	11.1905	-0.3032	-0.1547	0.3983	0.3674	-0.4793	0.7968	-0.0293	0.0654	0.0672	-0.0148	
-8.5406	-15.3666	11.2347	-0.3034	-0.1546	0.3985	0.3374	-0.4918	0.8034	0.0072	0.0640	0.0687	-0.0098	
-8.5750	-15.3831	11.2768	-0.3036	-0.1546	0.3986	0.2911	-0.5193	0.8027	0.0279	0.0633	0.0722	-0.0115	
-8.6046	-15.3988	11.3127	-0.3036	-0.1547	0.3984	0.2450	-0.5381	0.8051	0.0479	0.0610	0.0752	-0.0123	
-8.6352	-15.4126	11.3489	-0.3036	-0.1546	0.3982	0.2184	-0.5379	0.8121	0.0782	0.0567	0.0746	-0.0071	
-8.6654	-15.4359	11.3890	-0.3036	-0.1550	0.3982	0.1665	-0.5602	0.8063	0.0895	0.0558	0.0773	-0.0113	
-8.6910	-15.4560	11.4257	-0.3033	-0.1552	0.3981	0.1291	-0.5665	0.8060	0.1167	0.0532	0.0785	-0.0087	
-8.7176	-15.4754	11.4658	-0.3031	-0.1554	0.3981	0.0977	-0.5658	0.8103	0.1273	0.0478	0.0766	-0.0088	
-8.7493	-15.4947	11.5032	-0.3032	-0.1556	0.3980	0.0532	-0.5669	0.8081	0.1512	0.0451	0.0792	-0.0077	
-8.7798	-15.5134	11.5507	-0.3032	-0.1558	0.3983	0.0162	-0.5703	0.8060	0.1613	0.0483	0.0803	-0.0066	
-8.8153	-15.5382	11.5877	-0.3035	-0.1563	0.3982	0.0230	0.5604	-0.8083	-0.1834	0.0427	0.0816	-0.0047	
-8.8530	-15.5553	11.6271	-0.3039	-0.1564	0.3982	0.0666	0.5508	-0.8052	-0.2105	0.0387	0.0843	-0.0028	
-8.8815	-15.5732	11.6714	-0.3038	-0.1565	0.3984	0.1047	0.5467	-0.7986	-0.2301	0.0360	0.0845	-0.0024	
-8.9109	-15.5917	11.7111	-0.3037	-0.1566	0.3984	0.1389	0.5347	-0.7954	-0.2514	0.0316	0.0844	-0.0010	
-8.9401	-15.6089	11.7569	-0.3037	-0.1567	0.3987	0.1766	0.5299	-0.7853	-0.2676	0.0299	0.0842	-0.0016	
-8.9702	-15.6179	11.8004	-0.3036	-0.1564	0.3989	0.2068	0.5286	-0.7694	-0.2939	0.0294	0.0837	0.0008	
-9.0039	-15.6356	11.8403	-0.3038	-0.1565	0.3989	0.2426	0.5315	-0.7487	-0.3132	0.0306	0.0835	0.0009	
-9.0324	-15.6536	11.8829	-0.3037	-0.1566	0.3990	0.2774	0.5161	-0.7407	-0.3298	0.0267	0.0835	0.0005	
-9.0664	-15.6657	11.9219	-0.3039	-0.1564	0.3990	0.3072	0.5109	-0.7217	-0.3521	0.0261	0.0831	0.0019	
-9.0966	-15.6802	11.9648	-0.3039	-0.1563	0.3991	0.3438	0.4952	-0.7089	-0.3665	0.0236	0.0836	0.0007	
-9.1270	-15.6962	12.0024	-0.3039	-0.1564	0.3990	0.3791	0.4707	-0.7009	-0.3796	0.0190	0.0841	-0.0009	
-9.1582	-15.7131	12.0474	-0.3039	-0.1564	0.3993	0.4081	0.4596	-0.6848	-0.3922	0.0180	0.0826	-0.0013	
-9.1869	-15.7295	12.0847	-0.3039	-0.1565	0.3991	0.4343	0.4492	-0.6638	-0.4114	0.0173	0.0822	0.0001	
-9.2174	-15.7441	12.1230	-0.3039	-0.1564	0.3991	0.4665	0.4246	-0.6461	-0.4296	0.0142	0.0839	-0.0002	
-9.2472	-15.7583	12.1591	-0.3038	-0.1563	0.3989	0.4859	0.4090	-0.6293	-0.4488	0.0119	0.0822	0.0012	
-9.2843	-15.7751	12.2003	-0.3042	-0.1564	0.3989	0.5114	0.3988	-0.5993	-0.4692	0.0128	0.0828	0.0033	
-9.3134	-15.7962	12.2421	-0.3041	-0.1567	0.3990	0.5542	0.3624	-0.5793	-0.4750	0.0104	0.0864	-0.0014	
-9.3436	-15.8082	12.2842	-0.3041	-0.1565	0.3991	0.5915	0.3255	-0.5548	-0.4856	0.0080	0.0899	-0.0039	
-9.3711	-15.8221	12.3288	-0.3039	-0.1564	0.3994	0.6203	0.2739	-0.5360	-0.5029	0.0012	0.0934	-0.0064	
-9.3994	-15.8316	12.3688	-0.3038	-0.1561	0.3994	0.6419	0.2412	-0.5077	-0.5213	-0.0012	0.0946	-0.0055	
-9.4282	-15.8449	12.4104	-0.3038	-0.1560	0.3994	0.6614	0.1955	-0.4849	-0.5376	-0.0061	0.0960	-0.0068	
-9.4609	-15.8617	12.4478	-0.3039	-0.1561	0.3993	0.6889	0.1567	-0.4616	-0.5365	-0.0065	0.0962	-0.0104	
-9.4870	-15.8800	12.4871	-0.3037	-0.1562	0.3993	0.7069	0.1292	-0.4365	-0.5420	-0.0064	0.0944	-0.0106	
-9.5159	-15.8974	12.5293	-0.3036	-0.1563	0.3994	0.7274	0.0947	-0.4098	-0.5422	-0.0064	0.0941	-0.0124	
-9.5496	-15.9119	12.5687	-0.3038	-0.1562	0.3994	0.7506	0.0580	-0.3727	-0.5418	-0.0057	0.0964	-0.0132	
-9.5789	-15.9288	12.6039	-0.3037	-0.1563	0.3991	0.7672	0.0140	-0.3459	-0.5398	-0.0071	0.0969	-0.0163	
-9.6085	-15.9400	12.6461	-0.3037	-0.1561	0.3993	0.7670	-0.0404	-0.3255	-0.5523	-0.0138	0.0966	-0.0191	
-9.6412	-15.9576	12.6829	-0.3038	-0.1562	0.3991	0.7715	-0.0646	-0.3064	-0.5559	-0.0138	0.0920	-0.0182	
-9.6702	-15.9738	12.7253	-0.3037	-0.1562	0.3992	0.7709	-0.1111	-0.2697	-0.5658	-0.0178	0.0944	-0.0181	
-9.7010	-15.9881	12.7668	-0.3037	-0.1561	0.3993	0.7686	-0.1417	-0.2536	-0.5717	-0.0193	0.0900	-0.0185	
-9.7315	-16.0028	12.8065	-0.3037	-0.1561	0.3993	0.7626	-0.1855	-0.2267	-0.5767	-0.0225	0.0900	-0.0198	
-9.7614	-16.0189	12.8486	-0.3037	-0.1561	0.3994	0.7617	-0.2297	-0.1984	-0.5722	-0.0232	0.0906	-0.0219	
-9.7939	-16.0330	12.8880	-0.3038	-0.1560	0.3994	0.7523	-0.2745	-0.1837	-0.5709	-0.0251	0.0883	-0.0255	
-9.8281	-16.0471	12.9299	-0.3040	-0.1560	0.3995	0.7486	-0.3059	-0.1648	-0.5656	-0.0243	0.0855	-0.0259	
-9.8586	-16.0673	12.9694	-0.3040	-0.1562	0.3994	0.7442	-0.3387	-0.1488	-0.5570	-0.0230	0.0828	-0.0273	
-9.8904	-16.0888	13.0096	-0.3041	-0.1564	0.3994	0.7443	-0.3660	-0.1318	-0.5439	-0.0202	0.0802	-0.0276	
-9.9151	-16.1049	13.0488	-0.3038	-0.1565	0.3994	0.7314	-0.4102	-0.1068	-0.5337	-0.0216	0.0815	-0.0302	
-9.9460	-16.1201	13.0936	-0.3038	-0.1564	0.3996	0.7166	-0.4502	-0.0958	-0.5247	-0.0219	0.0794	-0.0336	
-9.9803	-16.1372	13.1349	-0.3040	-0.1565	0.3997	0.7008	-0.4904	-0.0737	-0.5124	-0.0228	0.0800	-0.0355	
-10.0084	-16.1479	13.1782	-0.3039	-0.1563	0.3998	0.6799	-0.5297	-0.0516	-0.5043	-0.0249	0.0800	-0.0370	
-10.0426	-16.1651	13.2222	-0.3041	-0.1564	0.4000	0.6556	-0.5721	-0.0311	-0.4914	-0.0264	0.0806	-0.0399	
-10.0742	-16.1826	13.2615	-0.3041	-0.1564	0.4000	0.6343	-0.6184	-0.0323	-0.4637	-0.0225	0.0793	-0.0464	
-10.1042	-16.1952	13.3010	-0.3041	-0.1563	0.4000	0.6163	-0.6523	-0.0217	-0.4411	-0.0205	0.0781	-0.0479	
-10.1319	-16.2095	13.3393	-0.3040	-0.1562	0.3999	0.5921	-0.6799	-0.0061	-0.4338	-0.0225	0.0755	-0.0474	
-10.1638	-16.2287	13.3765	-0.3041	-0.1564	0.3998	0.5585	-0.7148	0.0053	-0.4210	-0.0243	0.0742	-0.0502	
-10.1948	-16.2479	13.4174	-0.3041	-0.1566	0.3998	0.5321	-0.7448	0.0223	-0.4020	-0.0245	0.0741	-0.0508	
-10.2268	-16.2632	13.4622	-0.3042	-0.1565	0.4000	0.5132	-0.7662	0.0328	-0.3870	-0.0233	0.0715	-0.0495	
-10.2563	-16.2742	13.4971	-0.3041	-0.1563	0.3998	0.4806	-0.7955	0.0407	-0.3667	-0.0230	0.0705	-0.0521	
-10.2918	-16.2863	13.5347	-0.3043	-0.1562	0.3997	0.4437	-0.8256	0.0251	-0.3500	-0.0203	0.0662	-0.0573	
-10.3147	-16.3043	13.5741	-0.3040	-0.1563	0.3997	0.4066	-0.8464	0.0298	-0.3442	-0.0225	0.0623	-0.0587	
-10.3399	-16.3187	13.6134	-0.3038	-0.1562	0.3996	0.3636	-0.8688	0.0355	-0.3345	-0.0247	0.0599	-0.0614	
-10.3683	-16.3369	13.6517	-0.3037	-0.1563	0.3996	0.3343	-0.8834	0.0437	-0.3273	-0.0255	0.0565	-0.0602	
-10.3975	-16.3526	13.6909	-0.3036	-0.1563	0.3995	0.3003	-0.9000	0.0324	-0.3162	-0.0230	0.0524	-0.0620	
-10.4232	-16.3653	13.7316	-0.3034	-0.1562	0.3996	0.2659	-0.9197	0.0409	-0.2849	-0.0218	0.0553	-0.0628	
-10.4540	-16.3811	13.7681	-0.3035	-0.1562	0.3994	0.2179	-0.9377	0.0590	-0.2623	-0.0250	0.0569	-0.0655	
-10.4859	-16.3942	13.8113	-0.3035	-0.1561	0.3996	0.1925	-0.9480	0.0795	-0.2428	-0.0261	0.0571	-0.0622	
-10.5214	-16.4143	13.8495	-0.3038	-0.1563	0.3995	0.1540	-0.9599	0.0800	-0.2202	-0.0245	0.0565	-0.0637	
-10.5539	-16.4336	13.8895	-0.3038	-0.1565	0.3995	0.1191	-0.9708	0.0803	-0.1923	-0.0222	0.0571	-0.0641	
-10.5865	-16.4484	13.9285	-0.3039	-0.1564	0.3994	0.0675	-0.9788	0.0786	-0.1760	-0.0223	0.0549	-0.0685	
-10.6197	-16.4643	13.9658	-0.3041	-0.1564	0.3993	0.0249	-0.9856	0.0695	-0.1523	-0.0242	0.0560	-0.0663	
-10.6526	-16.4807	14.0034	-0.3042	-0.1565	0.3992	0.0144	0.9892	-0.0582	0.1371	-0.0211	0.0525	-0.0681	
-10.6847	-16.4998	14.0452	-0.3042	-0.1566	0.3993	0.0555	0.9906	-0.0513	0.1133	-0.0189	0.0519	-0.0698	
-10.7173	-16.5194	14.0857	-0.3043	-0.1568	0.3993	0.0980	0.9905	-0.0417	0.0851	-0.0162	0.0523	-0.0718	
-10.7479	-16.5371	14.1288	-0.3043	-0.1569	0.3995	0.1353	0.9880	-0.0391	0.0662	-0.0152	0.0507	-0.0721	
-10.7759	-16.5496	14.1713	-0.3042	-0.1567	0.3996	0.1792	0.9820	-0.0392	0.0399	-0.0151	0.0512	-0.0739	
-10.8026	-16.5638	14.2085	-0.3041	-0.1567	0.3995	0.2349	0.9716	-0.0170	0.0242	-0.0108	0.0484	-0.0797	
-10.8337	-16.5835	14.2451	-0.3041	-0.1568	0.3993	0.2697	0.9632	-0.0159	0.0074	-0.0104	0.0468	-0.0786	
-10.8654	-16.6014	14.2845	-0.3042	-0.1569	0.3993	0.3087	0.9512	-0.0115	-0.0078	-0.0094	0.0449	-0.0790	
-10.8984	-16.6170	14.3235	-0.3043	-0.1569	0.3993	0.3438	0.9390	-0.0074	-0.0232	-0.0085	0.0434	-0.0785	
-10.9314	-16.6317	14.3625	-0.3044	-0.1569	0.3992	0.3833	0.9234	-0.0056	-0.0301	-0.0078	0.0401	-0.0794	
-10.9636	-16.6481	14.4032	-0.3044	-0.1569	0.3993	0.4332	0.8997	0.0132	-0.0447	-0.0041	0.0392	-0.0837	
-10.9953	-16.6631	14.4437	-0.3045	-0.1569	0.3993	0.4810	0.8751	0.0221	-0.0482	-0.0021	0.0359	-0.0870	
-11.0238	-16.6736	14.4849	-0.3044	-0.1567	0.3993	0.5122	0.8575	0.0350	-0.0496	0.0009	0.0328	-0.0852	
-11.0556	-16.6887	14.5257	-0.3045	-0.1567	0.3994	0.5591	0.8244	0.0554	-0.0608	0.0045	0.0326	-0.0892	
-11.0854	-16.7071	14.5700	-0.3044	-0.1568	0.3995	0.5947	0.7988	0.0679	-0.0636	0.0068	0.0304	-0.0890	
-11.1145	-16.7280	14.6106	-0.3044	-0.1570	0.3996	0.6276	0.7702	0.0861	-0.0744	0.0092	0.0306	-0.0887	
-11.1462	-16.7443	14.6509	-0.3044	-0.1570	0.3996	0.6528	0.7490	0.0945	-0.0745	0.0103	0.0281	-0.0858	
-11.1737	-16.7610	14.6920	-0.3043	-0.1571	0.3996	0.6824	0.7153	0.1210	-0.0881	0.0139	0.0301	-0.0860	
-11.2051	-16.7755	14.7298	-0.3044	-0.1570	0.3995	0.7082	0.6844	0.1449	-0.0961	0.0172	0.0309	-0.0850	
-11.2353	-16.7897	14.7710	-0.3044	-0.1569	0.3996	0.7344	0.6534	0.1564	-0.0988	0.0180	0.0293	-0.0843	
-11.2644	-16.8040	14.8123	-0.3043	-0.1569	0.3996	0.7590	0.6215	0.1632	-0.1067	0.0170	0.0284	-0.0838	
-11.2953	-16.8175	14.8539	-0.3043	-0.1568	0.3997	0.7871	0.5770	0.1910	-0.1032	0.0227	0.0284	-0.0857	
-11.3268	-16.8307	14.8945	-0.3044	-0.1567	0.3997	0.8070	0.5401	0.2192	-0.0971	0.0278	0.0285	-0.0845	
-11.3575	-16.8462	14.9370	-0.3044	-0.1567	0.3998	0.8302	0.4994	0.2316	-0.0890	0.0298	0.0259	-0.0851	
-11.3868	-16.8660	14.9790	-0.3043	-0.1569	0.3999	0.8516	0.4594	0.2352	-0.0941	0.0278	0.0242	-0.0857	
-11.4146	-16.8843	15.0164	-0.3042	-0.1570	0.3998	0.8722	0.4154	0.2476	-0.0756	0.0319	0.0209	-0.0864	
-11.4502	-16.8970	15.0527	-0.3044	-0.1568	0.3997	0.8903	0.3675	0.2610	-0.0621	0.0351	0.0191	-0.0875	
-11.4780	-16.9126	15.0919	-0.3043	-0.1568	0.3996	0.9020	0.3121	0.2910	-0.0589	0.0392	0.0224	-0.0888	
-11.5030	-16.9268	15.1363	-0.3041	-0.1568	0.3998	0.9122	0.2676	0.3083	-0.0407	0.0427	0.0211	-0.0876	
-11.5294	-16.9459	15.1764	-0.3039	-0.1569	0.3998	0.9159	0.2235	0.3324	-0.0324	0.0450	0.0228	-0.0859	
-11.5611	-16.9609	15.2171	-0.3040	-0.1569	0.3998	0.9217	0.1720	0.3465	-0.0229	0.0467	0.0223	-0.0866	
-11.5909	-16.9753	15.2579	-0.3040	-0.1568	0.3999	0.9204	0.1401	0.3670	-0.0213	0.0454	0.0242	-0.0823	
-11.6234	-16.9929	15.3021	-0.3041	-0.1569	0.4000	0.9152	0.1039	0.3905	-0.0129	0.0464	0.0264	-0.0791	
-11.6531	-17.0066	15.3434	-0.3040	-0.1568	0.4001	0.9122	0.0706	0.4053	0.0116	0.0494	0.0248	-0.0753	
-11.6865	-17.0191	15.3845	-0.3041	-0.1567	0.4001	0.9062	0.0378	0.4217	0.0225	0.0494	0.0252	-0.0723	
-11.7174	-17.0334	15.4289	-0.3042	-0.1567	0.4003	0.8979	-0.0002	0.4388	0.0401	0.0515	0.0256	-0.0704	
-11.7492	-17.0528	15.4664	-0.3042	-0.1568	0.4002	0.8846	-0.0421	0.4620	0.0475	0.0521	0.0285	-0.0700	
-11.7805	-17.0718	15.5054	-0.3043	-0.1569	0.4002	0.8767	-0.0808	0.4708	0.0595	0.0527	0.0270	-0.0689	
-11.8097	-17.0864	15.5442	-0.3042	-0.1569	0.4001	0.8641	-0.1186	0.4843	0.0708	0.0531	0.0272	-0.0677	
-11.8373	-17.1013	15.5829	-0.3041	-0.1569	0.4001	0.8495	-0.1579	0.4960	0.0856	0.0546	0.0272	-0.0668	
-11.8737	-17.1188	15.6200	-0.3043	-0.1569	0.4000	0.8331	-0.1862	0.5107	0.1077	0.0561	0.0278	-0.0631	
-11.9047	-17.1364	15.6585	-0.3043	-0.1570	0.3999	0.8164	-0.2162	0.5230	0.1186	0.0553	0.0282	-0.0611	
-11.9375	-17.1539	15.6995	-0.3044	-0.1571	0.3999	0.7928	-0.2500	0.5365	0.1459	0.0589	0.0295	-0.0589	
-11.9666	-17.1714	15.7389	-0.3044	-0.1571	0.3999	0.7753	-0.2772	0.5390	0.1806	0.0631	0.0276	-0.0544	
-11.9995	-17.1867	15.7816	-0.3045	-0.1571	0.4000	0.7566	-0.3140	0.5471	0.1749	0.0589	0.0275	-0.0566	
-12.0324	-17.2041	15.8255	-0.3046	-0.1572	0.4002	0.7318	-0.3573	0.5493	0.1855	0.0603	0.0271	-0.0584	
-12.0620	-17.2208	15.8662	-0.3045	-0.1572	0.4002	0.7032	-0.3853	0.5604	0.2083	0.0620	0.0291	-0.0560	
-12.0921	-17.2339	15.9077	-0.3045	-0.1571	0.4002	0.6787	-0.4089	0.5621	0.2389	0.0647	0.0290	-0.0517	
-12.1243	-17.2464	15.9517	-0.3046	-0.1570	0.4004	0.6507	-0.4314	0.5675	0.2625	0.0656	0.0300	-0.0488	
-12.1497	-17.2616	15.9911	-0.3044	-0.1570	0.4004	0.6048	-0.4596	0.5809	0.2915	0.0689	0.0350	-0.0483	
-12.1772	-17.2810	16.0332	-0.3043	-0.1571	0.4004	0.5707	-0.4873	0.5882	0.3017	0.0677	0.0359	-0.0490	
-12.2047	-17.2944	16.0698	-0.3042	-0.1570	0.4003	0.5353	-0.5170	0.5846	0.3227	0.0701	0.0359	-0.0481	
-12.2350	-17.3079	16.1061	-0.3042	-0.1570	0.4002	0.5026	-0.5364	0.5828	0.3474	0.0711	0.0364	-0.0448	
-12.2675	-17.3235	16.1483	-0.3043	-0.1570	0.4003	0.4808	-0.5548	0.5781	0.3584	0.0687	0.0340	-0.0426	
-12.2966	-17.3445	16.1883	-0.3042	-0.1571	0.4003	0.4415	-0.5649	0.5790	0.3889	0.0699	0.0374	-0.0386	
-12.3259	-17.3569	16.2256	-0.3042	-0.1570	0.4002	0.4035	-0.5820	0.5695	0.4171	0.0726	0.0385	-0.0358	
-12.3556	-17.3701	16.2663	-0.3041	-0.1569	0.4002	0.3742	-0.5935	0.5686	0.4308	0.0699	0.0382	-0.0342	
-12.3858	-17.3814	16.3040	-0.3041	-0.1568	0.4001	0.3336	-0.6035	0.5686	0.4488	0.0692	0.0404	-0.0335	
-12.4180	-17.3962	16.3421	-0.3042	-0.1567	0.4000	0.2971	-0.6223	0.5611	0.4580	0.0690	0.0393	-0.0344	
-12.4479	-17.4085	16.3810	-0.3042	-0.1566	0.4000	0.2492	-0.6309	0.5535	0.4827	0.0710	0.0427	-0.0329	
-12.4850	-17.4217	16.4226	-0.3044	-0.1565	0.4001	0.2123	-0.6372	0.5491	0.4979	0.0695	0.0435	-0.0317	
-12.5142	-17.4355	16.4635	-0.3044	-0.1565	0.4001	0.1749	-0.6361	0.5436	0.5195	0.0681	0.0458	-0.0288	
-12.5447	-17.4533	16.5031	-0.3044	-0.1565	0.4001	0.1308	-0.6384	0.5346	0.5378	0.0683	0.0480	-0.0279	
-12.5806	-17.4683	16.5443	-0.3046	-0.1565	0.4001	0.0836	-0.6377	0.5258	0.5563	0.0686	0.0507	-0.0272	
-12.6117	-17.4826	16.5842	-0.3046	-0.1565	0.4001	0.0432	-0.6316	0.5071	0.5851	0.0694	0.0540	-0.0229	
-12.6391	-17.4967	16.6216	-0.3045	-0.1564	0.4000	-0.0007	-0.6343	0.4960	0.5930	0.0699	0.0540	-0.0221	
-12.6670	-17.5147	16.6597	-0.3044	-0.1565	0.3999	0.0436	0.6229	-0.4817	-0.6150	0.0690	0.0575	-0.0200	
-12.6944	-17.5289	16.7017	-0.3043	-0.1564	0.4000	0.0721	0.6241	-0.4488	-0.6363	0.0706	0.0564	-0.0155	
-12.7245	-17.5433	16.7401	-0.3043	-0.1564	0.4000	0.0959	0.6153	-0.4210	-0.6604	0.0693	0.0569	-0.0105	
-12.7531	-17.5594	16.7803	-0.3042	-0.1564	0.4000	0.1269	0.5959	-0.4064	-0.6816	0.0657	0.0596	-0.0084	
-12.7842	-17.5731	16.8182	-0.3042	-0.1563	0.3999	0.1665	0.5782	-0.3889	-0.6975	0.0646	0.0622	-0.0082	
-12.8175	-17.5890	16.8613	-0.3043	-0.1564	0.4000	0.2115	0.5593	-0.3656	-0.7127	0.0654	0.0652	-0.0081	
-12.8456	-17.6053	16.8991	-0.3043	-0.1564	0.3999	0.2465	0.5469	-0.3487	-0.7205	0.0642	0.0646	-0.0088	
-12.8751	-17.6198	16.9420	-0.3042	-0.1563	0.4000	0.2715	0.5281	-0.3211	-0.7382	0.0626	0.0656	-0.0056	
-12.9082	-17.6342	16.9832	-0.3043	-0.1563	0.4001	0.3016	0.5051	-0.2980	-0.7519	0.0609	0.0672	-0.0044	
-12.9379	-17.6491	17.0234	-0.3043	-0.1563	0.4001	0.3270	0.4862	-0.2604	-0.7675	0.0615	0.0683	-0.0006	
-12.9720	-17.6630	17.0624	-0.3044	-0.1562	0.4000	0.3536	0.4586	-0.2242	-0.7837	0.0611	0.0712	0.0024	
-13.0014	-17.6787	17.1041	-0.3044	-0.1562	0.4001	0.3909	0.4282	-0.2032	-0.7888	0.0604	0.0732	0.0003	
-13.0357	-17.6949	17.1436	-0.3045	-0.1562	0.4001	0.4147	0.4070	-0.1846	-0.7934	0.0579	0.0718	-0.0003	
-13.0674	-17.7121	17.1846	-0.3046	-0.1563	0.4001	0.4357	0.3676	-0.1563	-0.8066	0.0551	0.0757	0.0008	
-13.0998	-17.7290	17.2254	-0.3046	-0.1563	0.4002	0.4632	0.3251	-0.1370	-0.8129	0.0527	0.0789	-0.0012	
-13.1338	-17.7455	17.2652	-0.3047	-0.1564	0.4001	0.4933	0.2965	-0.1035	-0.8109	0.0545	0.0795	-0.0003	
-13.1670	-17.7601	17.3089	-0.3048	-0.1563	0.4003	0.5038	0.2638	-0.0855	-0.8191	0.0498	0.0791	-0.0003	
-13.1971	-17.7734	17.3469	-0.3048	-0.1562	0.4002	0.5231	0.2324	-0.0650	-0.8177	0.0483	0.0785	-0.0011	
-13.2246	-17.7868	17.3863	-0.3047	-0.1562	0.4002	0.5362	0.1926	-0.0479	-0.8208	0.0449	0.0795	-0.0025	
-13.2583	-17.8035	17.4233	-0.3048	-0.1562	0.4001	0.5433	0.1471	-0.0230	-0.8264	0.0415	0.0825	-0.0022	
-13.2896	-17.8182	17.4616	-0.3049	-0.1562	0.4000	0.5563	0.1127	0.0124	-0.8232	0.0415	0.0838	0.0006	
-13.3206	-17.8339	17.5030	-0.3049	-0.1562	0.4001	0.5576	0.0676	0.0423	-0.8264	0.0381	0.0866	0.0018	
-13.3521	-17.8530	17.5443	-0.3049	-0.1563	0.4001	0.5650	0.0351	0.0574	-0.8231	0.0358	0.0844	0.0003	
-13.3811	-17.8651	17.5849	-0.3049	-0.1562	0.4001	0.5675	-0.0040	0.0764	-0.8201	0.0332	0.0845	-0.0004	
-13.4109	-17.8823	17.6257	-0.3048	-0.1562	0.4002	0.5681	-0.0200	0.0976	-0.8185	0.0305	0.0799	0.0021	
-13.4412	-17.9025	17.6642	-0.3048	-0.1564	0.4001	0.5709	-0.0604	0.1290	-0.8082	0.0300	0.0825	0.0033	
-13.4683	-17.9152	17.7054	-0.3047	-0.1563	0.4001	0.5747	-0.0859	0.1477	-0.8010	0.0286	0.0799	0.0035	
-13.4997	-17.9306	17.7440	-0.3048	-0.1563	0.4001	0.5621	-0.1167	0.1675	-0.8023	0.0237	0.0791	0.0038	
-13.5266	-17.9479	17.7836	-0.3046	-0.1563	0.4001	0.5505	-0.1705	0.1800	-0.7972	0.0207	0.0824	-0.0004	
-13.5581	-17.9614	17.8259	-0.3047	-0.1563	0.4002	0.5521	-0.2108	0.1922	-0.7835	0.0212	0.0823	-0.0028	
-13.5885	-17.9796	17.8620	-0.3047	-0.1563	0.4000	0.5551	-0.2374	0.2177	-0.7671	0.0217	0.0814	-0.0006	
-13.6155	-17.9981	17.9042	-0.3046	-0.1564	0.4001	0.5342	-0.2816	0.2517	-0.7560	0.0175	0.0863	0.0013	
-13.6432	-18.0137	17.9447	-0.3045	-0.1564	0.4001	0.5262	-0.3207	0.2660	-0.7414	0.0169	0.0863	-0.0007	
-13.6693	-18.0320	17.9838	-0.3043	-0.1565	0.4001	0.5151	-0.3568	0.2900	-0.7231	0.0157	0.0875	-0.0000	
-13.7016	-18.0471	18.0236	-0.3044	-0.1565	0.4001	0.5008	-0.3903	0.3124	-0.7065	0.0139	0.0881	0.0004	
-13.7273	-18.0651	18.0613	-0.3042	-0.1566	0.4000	0.4771	-0.4378	0.3327	-0.6849	0.0120	0.0920	-0.0014	
-13.7579	-18.0819	18.0999	-0.3042	-0.1566	0.4000	0.4486	-0.4724	0.3496	-0.6738	0.0075	0.0921	-0.0028	
-13.7876	-18.1000	18.1360	-0.3042	-0.1567	0.3998	0.4206	-0.5179	0.3571	-0.6535	0.0063	0.0938	-0.0066	
-13.8218	-18.1153	18.1735	-0.3043	-0.1567	0.3997	0.4021	-0.5451	0.3786	-0.6310	0.0048	0.0934	-0.0052	
-13.8535	-18.1322	18.2151	-0.3044	-0.1567	0.3998	0.3733	-0.5713	0.4041	-0.6092	0.0010	0.0944	-0.0039	
-13.8837	-18.1489	18.2547	-0.3044	-0.1568	0.3998	0.3541	-0.6053	0.4104	-0.5831	0.0025	0.0939	-0.0059	
-13.9170	-18.1615	18.2982	-0.3045	-0.1567	0.3999	0.3295	-0.6321	0.4195	-0.5625	0.0013	0.0925	-0.0073	
-13.9477	-18.1768	18.3392	-0.3045	-0.1567	0.3999	0.3040	-0.6607	0.4149	-0.5481	0.0012	0.0893	-0.0114	
-13.9769	-18.1927	18.3789	-0.3044	-0.1567	0.3999	0.2674	-0.6854	0.4167	-0.5348	-0.0021	0.0877	-0.0151	
-14.0071	-18.2052	18.4188	-0.3044	-0.1566	0.3999	0.2359	-0.7074	0.4278	-0.5107	-0.0043	0.0880	-0.0156	
-14.0357	-18.2225	18.4544	-0.3044	-0.1566	0.3998	0.2011	-0.7373	0.4329	-0.4771	-0.0044	0.0907	-0.0171	
-14.0664	-18.2364	18.4970	-0.3044	-0.1566	0.3999	0.1713	-0.7545	0.4522	-0.4436	-0.0067	0.0922	-0.0150	
-14.0958	-18.2558	18.5358	-0.3043	-0.1567	0.3998	0.1340	-0.7754	0.4556	-0.4160	-0.0079	0.0925	-0.0171	
-14.1241	-18.2709	18.5760	-0.3043	-0.1567	0.3998	0.1027	-0.7829	0.4692	-0.3971	-0.0112	0.0898	-0.0170	
-14.1527	-18.2867	18.6131	-0.3042	-0.1567	0.3997	0.0574	-0.7966	0.4725	-0.3724	-0.0137	0.0901	-0.0203	
-14.1837	-18.2985	18.6498	-0.3042	-0.1565	0.3996	0.0160	-0.8081	0.4706	-0.3547	-0.0120	0.0921	-0.0167	
-14.2116	-18.3122	18.6853	-0.3041	-0.1565	0.3995	0.0205	0.8183	-0.4689	0.3328	-0.0129	0.0901	-0.0194	
-14.2375	-18.3255	18.7263	-0.3040	-0.1564	0.3995	0.0580	0.8261	-0.4695	0.3064	-0.0143	0.0894	-0.0212	
-14.2689	-18.3426	18.7665	-0.3040	-0.1564	0.3995	0.0975	0.8313	-0.4701	0.2803	-0.0159	0.0888	-0.0232	
-14.3009	-18.3584	18.8066	-0.3041	-0.1564	0.3995	0.1324	0.8276	-0.4836	0.2541	-0.0197	0.0875	-0.0227	
-14.3328	-18.3754	18.8462	-0.3041	-0.1565	0.3995	0.1736	0.8252	-0.4798	0.2460	-0.0208	0.0832	-0.0274	
-14.3629	-18.3895	18.8895	-0.3041	-0.1564	0.3996	0.2208	0.8178	-0.4795	0.2301	-0.0234	0.0816	-0.0316	
-14.3929	-18.4027	18.9308	-0.3041	-0.1564	0.3997	0.2623	0.8130	-0.4749	0.2126	-0.0240	0.0800	-0.0344	
-14.4212	-18.4196	18.9663	-0.3040	-0.1564	0.3995	0.3135	0.8103	-0.4577	0.1870	-0.0233	0.0816	-0.0391	
-14.4559	-18.4340	19.0084	-0.3042	-0.1564	0.3996	0.3530	0.8043	-0.4465	0.1728	-0.0223	0.0793	-0.0417	
-14.4853	-18.4463	19.0468	-0.3041	-0.1563	0.3996	0.3975	0.7848	-0.4489	0.1593	-0.0258	0.0771	-0.0445	
-14.5153	-18.4637	19.0852	-0.3041	-0.1563	0.3995	0.4459	0.7651	-0.4402	0.1490	-0.0270	0.0754	-0.0492	
-14.5428	-18.4785	19.1257	-0.3040	-0.1563	0.3995	0.4836	0.7516	-0.4272	0.1393	-0.0256	0.0729	-0.0512	
-14.5758	-18.4935	19.1651	-0.3041	-0.1563	0.3995	0.5178	0.7312	-0.4306	0.1109	-0.0296	0.0729	-0.0495	
-14.6078	-18.5075	19.2057	-0.3042	-0.1562	0.3995	0.5535	0.7143	-0.4183	0.0928	-0.0289	0.0721	-0.0504	
-14.6390	-18.5216	19.2428	-0.3042	-0.1562	0.3994	0.5963	0.6908	-0.4012	0.0767	-0.0284	0.0722	-0.0538	
-14.6696	-18.5360	19.2813	-0.3042	-0.1561	0.3994	0.6353	0.6664	-0.3862	0.0495	-0.0295	0.0737	-0.0550	
-14.6960	-18.5522	19.3190	-0.3041	-0.1562	0.3993	0.6663	0.6519	-0.3613	0.0409	-0.0250	0.0722	-0.0558	
-14.7256	-18.5687	19.3606	-0.3040	-0.1562	0.3994	0.6953	0.6224	-0.3603	0.0481	-0.0252	0.0655	-0.0580	
-14.7583	-18.5829	19.4015	-0.3041	-0.1561	0.3994	0.7336	0.5903	-0.3335	0.0397	-0.0232	0.0661	-0.0621	
-14.7899	-18.6017	19.4418	-0.3042	-0.1562	0.3994	0.7644	0.5595	-0.3198	0.0117	-0.0261	0.0672	-0.0620	
-14.8200	-18.6129	19.4837	-0.3041	-0.1561	0.3995	0.7928	0.5304	-0.3001	-0.0058	-0.0259	0.0673	-0.0624	
-14.8497	-18.6292	19.5221	-0.3041	-0.1561	0.3994	0.8184	0.4953	-0.2926	-0.0132	-0.0269	0.0639	-0.0637	
-14.8769	-18.6426	19.5600	-0.3040	-0.1561	0.3994	0.8460	0.4510	-0.2866	-0.0071	-0.0271	0.0590	-0.0681	
-14.9065	-18.6600	19.5987	-0.3040	-0.1561	0.3993	0.8697	0.4226	-0.2554	-0.0121	-0.0230	0.0600	-0.0684	
-14.9346	-18.6761	19.6378	-0.3039	-0.1561	0.3993	0.8896	0.3892	-0.2387	-0.0220	-0.0229	0.0587	-0.0684	
-14.9658	-18.6895	19.6792	-0.3040	-0.1561	0.3993	0.9112	0.3474	-0.2200	-0.0248	-0.0222	0.0573	-0.0709	
-14.9950	-18.7064	19.7180	-0.3039	-0.1561	0.3993	0.9286	0.3106	-0.2039	-0.0222	-0.0205	0.0546	-0.0720	
-15.0234	-18.7220	19.7585	-0.3039	-0.1561	0.3993	0.9415	0.2770	-0.1916	-0.0314	-0.0211	0.0524	-0.0710	
-15.0541	-18.7384	19.7969	-0.3039	-0.1561	0.3993	0.9565	0.2385	-0.1651	-0.0292	-0.0183	0.0526	-0.0725	
-15.0814	-18.7547	19.8379	-0.3038	-0.1561	0.3993	0.9677	0.2024	-0.1466	-0.0363	-0.0181	0.0516	-0.0722	
-15.1141	-18.7702	19.8781	-0.3038	-0.1561	0.3993	0.9774	0.1671	-0.1249	-0.0379	-0.0166	0.0510	-0.0721	
-15.1428	-18.7830	19.9216	-0.3038	-0.1561	0.3994	0.9860	0.1330	-0.0982	-0.0312	-0.0131	0.0508	-0.0721	
-15.1734	-18.7978	19.9618	-0.3038	-0.1560	0.3994	0.9928	0.0865	-0.0849	-0.0163	-0.0103	0.0470	-0.0755	
