-0.0187	-10.5459	-1.3963	0.0000	0.0000	0.0000	0.1597	-0.8985	-0.3605	-0.1930	0.0000	0.0000	0.0000	
-0.1004	-10.7106	-0.8210	-0.0081	-0.0163	0.0570	0.2804	-0.8986	-0.3397	-0.1316	0.0058	0.0408	0.0361	
-0.0291	-10.9572	-0.6855	0.0078	-0.0799	0.0882	0.2481	-0.8705	-0.4100	-0.1721	0.1026	-0.1063	-0.0030	
-0.0578	-11.0399	-0.4831	-0.0107	-0.1140	0.1758	0.3182	-0.8316	-0.4086	-0.2393	0.0570	-0.0829	0.1082	
-0.1351	-11.0746	-0.3797	-0.0640	-0.1303	0.2365	0.3239	-0.8071	-0.4303	-0.2579	0.0523	-0.0691	0.0742	
-0.1855	-11.2307	-0.2672	-0.1000	-0.2409	0.3111	0.4069	-0.7299	-0.4676	-0.2874	0.0873	-0.0625	0.1131	
-0.2015	-11.3223	-0.1685	-0.1128	-0.3065	0.3799	0.4212	-0.6983	-0.4962	-0.3087	0.0822	-0.0600	0.0952	
-0.2835	-11.4076	-0.0440	-0.1893	-0.3630	0.4735	0.4605	-0.6448	-0.5276	-0.3080	0.0916	-0.0501	0.0922	
-0.3064	-11.4401	-0.0555	-0.1896	-0.3539	0.4162	0.5006	-0.5885	-0.5627	-0.2954	0.1019	-0.0415	0.0891	
-0.3409	-11.5493	-0.0312	-0.2096	-0.4310	0.4011	0.5413	-0.5412	-0.5702	-0.3017	0.0971	-0.0352	0.0923	
-0.3958	-11.6241	0.0918	-0.2510	-0.4707	0.4896	0.5612	-0.4953	-0.5907	-0.3056	0.0949	-0.0334	0.0868	
-0.4465	-11.7082	0.1186	-0.2750	-0.5075	0.4705	0.5768	-0.4327	-0.6207	-0.3082	0.0984	-0.0358	0.0835	
-0.4544	-11.7312	0.1052	-0.2571	-0.4794	0.4210	0.5898	-0.3874	-0.6528	-0.2821	0.1029	-0.0319	0.0741	
-0.4646	-11.7933	0.1502	-0.2398	-0.4917	0.4283	0.5824	-0.3209	-0.6934	-0.2791	0.1073	-0.0381	0.0675	
-0.4812	-11.8584	0.2708	-0.2315	-0.5021	0.4961	0.5959	-0.2432	-0.7169	-0.2646	0.1132	-0.0378	0.0667	
-0.4481	-11.9360	0.3225	-0.1857	-0.5280	0.5027	0.5939	-0.1906	-0.7413	-0.2524	0.1130	-0.0386	0.0613	
-0.4475	-12.0740	0.2642	-0.1722	-0.6006	0.4227	0.5841	-0.1426	-0.7701	-0.2205	0.1152	-0.0386	0.0527	
-0.4842	-12.1274	0.2840	-0.1870	-0.5956	0.4119	0.5604	-0.0826	-0.8022	-0.1924	0.1182	-0.0427	0.0448	
-0.4786	-12.1812	0.3441	-0.1698	-0.5931	0.4278	0.5503	-0.0259	-0.8157	-0.1797	0.1169	-0.0435	0.0429	
-0.5704	-12.3216	0.3897	-0.2225	-0.6540	0.4311	0.5291	0.0357	-0.8326	-0.1607	0.1170	-0.0462	0.0395	
-0.7180	-12.3646	0.4314	-0.3072	-0.6374	0.4311	0.5061	0.1058	-0.8438	-0.1402	0.1187	-0.0486	0.0379	
-0.7632	-12.4416	0.4664	-0.3186	-0.6478	0.4268	0.4888	0.1577	-0.8528	-0.1024	0.1201	-0.0481	0.0324	
-0.8194	-12.5112	0.4663	-0.3350	-0.6527	0.4027	0.4554	0.2078	-0.8634	-0.0725	0.1194	-0.0513	0.0277	
-0.8188	-12.6094	0.4706	-0.3147	-0.6764	0.3844	0.4129	0.2507	-0.8753	-0.0547	0.1154	-0.0567	0.0247	
-0.9477	-12.6774	0.4751	-0.3725	-0.6779	0.3663	0.3674	0.2964	-0.8817	-0.0273	0.1136	-0.0614	0.0210	
-0.9701	-12.7372	0.5417	-0.3639	-0.6757	0.3858	0.3173	0.3367	-0.8875	-0.0204	0.1082	-0.0673	0.0213	
-1.0333	-12.8372	0.4799	-0.3796	-0.6964	0.3328	0.2642	0.3681	-0.8925	0.0103	0.1053	-0.0720	0.0167	
-1.0558	-12.9645	0.4871	-0.3713	-0.7305	0.3206	0.2017	0.3908	-0.8992	0.0276	0.0988	-0.0790	0.0148	
-1.1515	-13.0043	0.4866	-0.4022	-0.7150	0.3050	0.1448	0.4173	-0.8967	0.0458	0.0951	-0.0832	0.0136	
-1.1874	-13.0287	0.4778	-0.4003	-0.6936	0.2881	0.0880	0.4449	-0.8911	0.0442	0.0904	-0.0858	0.0173	
-1.2194	-13.1412	0.4998	-0.3959	-0.7136	0.2842	0.0364	0.4736	-0.8785	0.0561	0.0927	-0.0836	0.0180	
-1.3228	-13.2850	0.5330	-0.4246	-0.7488	0.2853	0.0177	-0.4913	0.8699	-0.0610	0.0867	-0.0862	0.0196	
-1.3719	-13.3637	0.5611	-0.4272	-0.7513	0.2858	0.0746	-0.5169	0.8514	-0.0541	0.0837	-0.0878	0.0244	
-1.4151	-13.4498	0.5627	-0.4274	-0.7575	0.2733	0.1313	-0.5228	0.8412	-0.0665	0.0780	-0.0911	0.0232	
-1.4865	-13.4995	0.5599	-0.4399	-0.7473	0.2601	0.1873	-0.5292	0.8255	-0.0717	0.0734	-0.0934	0.0239	
-1.5225	-13.6102	0.5725	-0.4359	-0.7632	0.2540	0.2413	-0.5313	0.8101	-0.0729	0.0681	-0.0946	0.0257	
-1.5431	-13.6796	0.5583	-0.4264	-0.7611	0.2389	0.2853	-0.5476	0.7848	-0.0627	0.0673	-0.0916	0.0290	
-1.5912	-13.7295	0.5734	-0.4287	-0.7514	0.2353	0.3421	-0.5510	0.7595	-0.0553	0.0644	-0.0933	0.0324	
-1.6425	-13.7843	0.5574	-0.4319	-0.7443	0.2199	0.3922	-0.5479	0.7384	-0.0492	0.0603	-0.0934	0.0346	
-1.7217	-13.8863	0.5926	-0.4448	-0.7545	0.2243	0.4315	-0.5508	0.7143	-0.0444	0.0576	-0.0915	0.0357	
-1.7758	-13.9766	0.6211	-0.4479	-0.7601	0.2261	0.4796	-0.5448	0.6881	-0.0298	0.0547	-0.0910	0.0400	
-1.8348	-13.9966	0.6364	-0.4530	-0.7409	0.2237	0.5282	-0.5355	0.6599	-0.0017	0.0529	-0.0895	0.0462	
-1.8921	-14.0779	0.6308	-0.4568	-0.7437	0.2138	0.5650	-0.5331	0.6304	0.0241	0.0527	-0.0856	0.0502	
-1.9144	-14.1169	0.6455	-0.4488	-0.7320	0.2113	0.6119	-0.5121	0.6024	0.0414	0.0482	-0.0860	0.0540	
-1.9268	-14.1660	0.6825	-0.4377	-0.7243	0.2171	0.6477	-0.5039	0.5684	0.0652	0.0482	-0.0833	0.0566	
-1.9739	-14.2540	0.7153	-0.4386	-0.7292	0.2206	0.6819	-0.4949	0.5337	0.0780	0.0467	-0.0823	0.0574	
-1.9842	-14.2974	0.7047	-0.4278	-0.7203	0.2100	0.7190	-0.4784	0.4914	0.1112	0.0479	-0.0806	0.0627	
-2.0299	-14.3725	0.6974	-0.4289	-0.7211	0.2010	0.7521	-0.4701	0.4476	0.1157	0.0466	-0.0818	0.0617	
-2.0960	-14.4413	0.6917	-0.4362	-0.7201	0.1929	0.7790	-0.4633	0.4038	0.1263	0.0466	-0.0814	0.0609	
-2.1187	-14.5199	0.7196	-0.4297	-0.7221	0.1954	0.8067	-0.4469	0.3545	0.1528	0.0487	-0.0802	0.0642	
-2.1782	-14.5795	0.7032	-0.4346	-0.7184	0.1846	0.8277	-0.4289	0.3152	0.1798	0.0490	-0.0771	0.0666	
-2.2065	-14.6455	0.7124	-0.4302	-0.7168	0.1820	0.8415	-0.4207	0.2680	0.2085	0.0527	-0.0743	0.0665	
-2.2499	-14.6984	0.7351	-0.4303	-0.7116	0.1836	0.8515	-0.4097	0.2387	0.2296	0.0518	-0.0696	0.0648	
-2.3111	-14.7724	0.7257	-0.4354	-0.7123	0.1758	0.8589	-0.3993	0.2021	0.2519	0.0524	-0.0663	0.0639	
-2.3784	-14.8389	0.7435	-0.4418	-0.7112	0.1759	0.8643	-0.3946	0.1476	0.2743	0.0560	-0.0666	0.0621	
-2.4275	-14.9072	0.7781	-0.4431	-0.7104	0.1805	0.8723	-0.3754	0.0988	0.2970	0.0571	-0.0657	0.0636	
-2.4811	-14.9956	0.7842	-0.4455	-0.7151	0.1773	0.8744	-0.3726	0.0421	0.3083	0.0590	-0.0676	0.0604	
-2.5279	-15.0707	0.7697	-0.4462	-0.7160	0.1689	0.8733	-0.3656	0.0046	0.3248	0.0591	-0.0650	0.0580	
-2.5581	-15.1125	0.7676	-0.4427	-0.7087	0.1641	0.8739	-0.3557	-0.0584	0.3258	0.0593	-0.0691	0.0566	
-2.5769	-15.1702	0.7778	-0.4364	-0.7055	0.1627	0.8665	-0.3502	-0.1038	0.3415	0.0609	-0.0682	0.0536	
-2.6064	-15.2313	0.7811	-0.4331	-0.7032	0.1595	0.8620	-0.3367	-0.1489	0.3495	0.0603	-0.0676	0.0529	
-2.6485	-15.2997	0.8012	-0.4328	-0.7028	0.1605	0.8562	-0.3185	-0.1882	0.3620	0.0597	-0.0653	0.0530	
-2.6961	-15.3671	0.8118	-0.4338	-0.7022	0.1592	0.8441	-0.3091	-0.2439	0.3638	0.0596	-0.0684	0.0512	
-2.7643	-15.4256	0.8321	-0.4396	-0.6996	0.1601	0.8292	-0.3042	-0.2933	0.3666	0.0587	-0.0702	0.0481	
-2.7726	-15.5026	0.8477	-0.4315	-0.7015	0.1601	0.8189	-0.3009	-0.3424	0.3508	0.0547	-0.0737	0.0451	
-2.8379	-15.5876	0.8717	-0.4364	-0.7049	0.1619	0.7947	-0.2901	-0.3995	0.3518	0.0557	-0.0770	0.0440	
-2.8809	-15.6344	0.8840	-0.4363	-0.6997	0.1610	0.7695	-0.2843	-0.4524	0.3496	0.0559	-0.0799	0.0418	
-2.9142	-15.7076	0.8964	-0.4339	-0.7004	0.1602	0.7367	-0.2748	-0.5135	0.3420	0.0566	-0.0851	0.0408	
-2.9909	-15.7833	0.9022	-0.4411	-0.7018	0.1578	0.7111	-0.2755	-0.5586	0.3281	0.0525	-0.0872	0.0381	
-3.0276	-15.8350	0.9387	-0.4395	-0.6979	0.1623	0.6811	-0.2641	-0.6062	0.3140	0.0511	-0.0895	0.0377	
-3.0489	-15.9172	0.9625	-0.4347	-0.7006	0.1639	0.6538	-0.2399	-0.6578	0.2862	0.0485	-0.0922	0.0412	
-3.1040	-15.9795	0.9674	-0.4371	-0.6991	0.1615	0.6069	-0.2296	-0.7130	0.2631	0.0475	-0.0983	0.0410	
-3.1344	-16.0439	0.9722	-0.4344	-0.6980	0.1591	0.5715	-0.2249	-0.7512	0.2436	0.0446	-0.0993	0.0395	
-3.1776	-16.1083	0.9862	-0.4342	-0.6970	0.1586	0.5407	-0.2142	-0.7849	0.2162	0.0405	-0.0992	0.0402	
-3.2344	-16.1877	0.9967	-0.4368	-0.6990	0.1575	0.4968	-0.2095	-0.8229	0.1789	0.0352	-0.1031	0.0410	
-3.2710	-16.2772	1.0222	-0.4353	-0.7030	0.1593	0.4603	-0.2244	-0.8492	0.1391	0.0259	-0.1053	0.0392	
-3.3238	-16.3707	1.0162	-0.4370	-0.7075	0.1549	0.4246	-0.2193	-0.8728	0.1041	0.0216	-0.1046	0.0406	
-3.3724	-16.4400	1.0278	-0.4378	-0.7073	0.1541	0.3809	-0.2093	-0.8985	0.0573	0.0175	-0.1068	0.0438	
-3.4186	-16.5057	1.0180	-0.4382	-0.7063	0.1492	0.3478	-0.2081	-0.9148	0.0117	0.0119	-0.1057	0.0462	
-3.4732	-16.5554	1.0195	-0.4402	-0.7024	0.1466	0.3061	-0.1925	-0.9311	-0.0413	0.0088	-0.1066	0.0509	
-3.5240	-16.6439	1.0177	-0.4412	-0.7058	0.1434	0.2777	-0.1725	-0.9408	-0.0948	0.0061	-0.1036	0.0572	
-3.5572	-16.6965	1.0352	-0.4393	-0.7025	0.1440	0.2251	-0.1545	-0.9489	-0.1527	0.0036	-0.1070	0.0615	
-3.6116	-16.7739	1.0333	-0.4410	-0.7038	0.1410	0.1922	-0.1490	-0.9465	-0.2147	-0.0021	-0.1051	0.0671	
-3.6549	-16.8490	1.0416	-0.4408	-0.7046	0.1399	0.1545	-0.1322	-0.9409	-0.2707	-0.0040	-0.1040	0.0716	
-3.7147	-16.8981	1.0366	-0.4435	-0.7008	0.1365	0.1210	-0.1118	-0.9302	-0.3281	-0.0050	-0.1020	0.0767	
-3.7782	-16.9878	1.0617	-0.4467	-0.7042	0.1385	0.0850	-0.0787	-0.9151	-0.3853	-0.0037	-0.1008	0.0826	
-3.8060	-17.0610	1.0317	-0.4440	-0.7047	0.1308	0.0766	-0.0555	-0.8942	-0.4410	-0.0022	-0.1081	0.0771	
-3.8393	-17.1282	1.0460	-0.4420	-0.7042	0.1310	0.0404	-0.0247	-0.8682	-0.4936	-0.0032	-0.1069	0.0815	
-3.8537	-17.1869	1.0221	-0.4372	-0.7022	0.1249	-0.0083	-0.0050	0.8426	0.5388	0.0013	-0.1079	0.0806	
-3.8806	-17.2653	0.9928	-0.4345	-0.7035	0.1180	0.0154	-0.0356	0.8104	0.5856	0.0089	-0.1077	0.0831	
-3.9349	-17.3468	0.9925	-0.4363	-0.7053	0.1162	0.0319	-0.0723	0.7760	0.6271	0.0176	-0.1064	0.0865	
-3.9747	-17.4047	1.0001	-0.4357	-0.7032	0.1157	0.0398	-0.1133	0.7380	0.6656	0.0272	-0.1031	0.0900	
-4.0097	-17.4741	0.9888	-0.4344	-0.7029	0.1121	0.0413	-0.1619	0.6862	0.7086	0.0383	-0.0993	0.0973	
-4.0525	-17.5471	0.9946	-0.4343	-0.7033	0.1114	0.0223	-0.2134	0.6249	0.7520	0.0520	-0.0924	0.1054	
-4.0896	-17.6150	1.0171	-0.4334	-0.7029	0.1134	0.0135	-0.2734	0.5678	0.7762	0.0615	-0.0899	0.1072	
-4.1302	-17.6809	1.0339	-0.4329	-0.7022	0.1143	-0.0065	-0.3078	0.5076	0.8066	0.0665	-0.0796	0.1109	
-4.1737	-17.7437	1.0465	-0.4330	-0.7010	0.1145	-0.0242	-0.3487	0.4509	0.8224	0.0711	-0.0731	0.1106	
-4.2204	-17.8048	1.0605	-0.4335	-0.6996	0.1149	0.0325	0.3921	-0.3952	-0.8307	0.0707	-0.0752	0.1120	
-4.2679	-17.8796	1.0704	-0.4341	-0.7004	0.1146	0.0386	0.4341	-0.3349	-0.8359	0.0716	-0.0767	0.1120	
-4.3171	-17.9499	1.0644	-0.4350	-0.7004	0.1120	0.0499	0.4725	-0.2739	-0.8370	0.0743	-0.0775	0.1108	
-4.3889	-18.0228	1.0712	-0.4392	-0.7008	0.1113	0.0621	0.5030	-0.2153	-0.8362	0.0781	-0.0742	0.1079	
-4.4208	-18.0923	1.0643	-0.4374	-0.7007	0.1087	0.0729	0.5391	-0.1587	-0.8249	0.0796	-0.0727	0.1043	
-4.4697	-18.1569	1.0574	-0.4382	-0.6999	0.1061	0.0961	0.5739	-0.0998	-0.8080	0.0853	-0.0713	0.0996	
-4.5167	-18.2426	1.0669	-0.4386	-0.7022	0.1059	0.1114	0.6064	-0.0606	-0.7876	0.0839	-0.0694	0.0913	
-4.5490	-18.3093	1.0662	-0.4370	-0.7017	0.1043	0.1344	0.6225	-0.0298	-0.7746	0.0828	-0.0617	0.0806	
-4.5877	-18.3686	1.0838	-0.4363	-0.7002	0.1053	0.1426	0.6511	-0.0073	-0.7484	0.0780	-0.0616	0.0727	
-4.6265	-18.4431	1.0944	-0.4356	-0.7009	0.1054	0.1638	0.6709	0.0322	-0.7237	0.0802	-0.0589	0.0680	
-4.6816	-18.5098	1.1054	-0.4372	-0.7004	0.1054	0.1727	0.6981	0.0589	-0.6941	0.0776	-0.0596	0.0634	
-4.7125	-18.5863	1.1237	-0.4354	-0.7013	0.1065	0.1919	0.7283	0.0830	-0.6539	0.0779	-0.0622	0.0576	
-4.7566	-18.6517	1.1368	-0.4355	-0.7006	0.1068	0.2166	0.7544	0.1069	-0.6115	0.0797	-0.0640	0.0517	
-4.7905	-18.7099	1.1564	-0.4342	-0.6990	0.1080	0.2358	0.7778	0.1299	-0.5689	0.0800	-0.0655	0.0473	
-4.8293	-18.7845	1.1782	-0.4336	-0.6997	0.1095	0.2486	0.8047	0.1550	-0.5164	0.0801	-0.0693	0.0450	
-4.8661	-18.8462	1.2033	-0.4327	-0.6986	0.1114	0.2505	0.8307	0.1626	-0.4726	0.0747	-0.0716	0.0420	
-4.9130	-18.9121	1.2297	-0.4331	-0.6981	0.1135	0.2528	0.8505	0.1710	-0.4310	0.0704	-0.0726	0.0393	
-4.9567	-18.9929	1.2444	-0.4332	-0.6996	0.1139	0.2453	0.8711	0.1861	-0.3837	0.0663	-0.0746	0.0399	
-4.9929	-19.0691	1.2697	-0.4322	-0.7004	0.1157	0.2410	0.8920	0.1932	-0.3316	0.0624	-0.0776	0.0391	
-5.0408	-19.1305	1.2900	-0.4328	-0.6993	0.1169	0.2385	0.9046	0.2123	-0.2824	0.0615	-0.0785	0.0390	
-5.0855	-19.2093	1.2994	-0.4330	-0.7004	0.1166	0.2189	0.9129	0.2476	-0.2402	0.0608	-0.0767	0.0441	
-5.1304	-19.2826	1.3222	-0.4332	-0.7008	0.1180	0.2090	0.9202	0.2670	-0.1976	0.0590	-0.0758	0.0450	
-5.1697	-19.3526	1.3377	-0.4327	-0.7008	0.1185	0.1991	0.9267	0.2836	-0.1452	0.0577	-0.0771	0.0457	
-5.2128	-19.4280	1.3617	-0.4326	-0.7015	0.1200	0.1898	0.9284	0.3031	-0.1062	0.0565	-0.0750	0.0459	
-5.2648	-19.5016	1.3712	-0.4337	-0.7019	0.1197	0.1802	0.9267	0.3243	-0.0585	0.0567	-0.0749	0.0463	
-5.2984	-19.5774	1.3801	-0.4325	-0.7026	0.1193	0.1601	0.9278	0.3362	0.0020	0.0550	-0.0777	0.0492	
-5.3346	-19.6476	1.3941	-0.4316	-0.7026	0.1196	0.1396	0.9260	0.3452	0.0598	0.0531	-0.0796	0.0515	
-5.3668	-19.7117	1.4065	-0.4303	-0.7018	0.1197	0.1224	0.9229	0.3505	0.1066	0.0501	-0.0791	0.0520	
-5.4089	-19.7807	1.4047	-0.4302	-0.7017	0.1180	0.0933	0.9141	0.3628	0.1553	0.0492	-0.0782	0.0556	
-5.4507	-19.8570	1.4295	-0.4301	-0.7024	0.1195	0.0744	0.9083	0.3666	0.1921	0.0463	-0.0755	0.0556	
-5.4926	-19.9379	1.4440	-0.4299	-0.7037	0.1198	0.0489	0.8934	0.3815	0.2326	0.0470	-0.0733	0.0577	
-5.5298	-20.0196	1.4668	-0.4292	-0.7050	0.1211	0.0195	0.8734	0.4021	0.2736	0.0495	-0.0709	0.0605	
-5.5770	-20.0879	1.4728	-0.4297	-0.7048	0.1204	-0.0002	-0.8527	-0.4097	-0.3237	0.0504	-0.0688	0.0609	
-5.6120	-20.1509	1.4983	-0.4288	-0.7039	0.1220	0.0215	-0.8315	-0.4200	-0.3634	0.0512	-0.0684	0.0612	
-5.6528	-20.2281	1.5106	-0.4286	-0.7047	0.1220	0.0430	-0.8040	-0.4318	-0.4061	0.0512	-0.0684	0.0616	
-5.6926	-20.2963	1.5244	-0.4282	-0.7044	0.1222	0.0665	-0.7814	-0.4347	-0.4433	0.0509	-0.0668	0.0622	
-5.7341	-20.3782	1.5393	-0.4281	-0.7057	0.1225	0.0960	-0.7510	-0.4411	-0.4816	0.0527	-0.0660	0.0641	
-5.7748	-20.4623	1.5499	-0.4278	-0.7073	0.1223	0.1267	-0.7235	-0.4485	-0.5098	0.0545	-0.0623	0.0641	
-5.8153	-20.5375	1.5750	-0.4276	-0.7078	0.1237	0.1592	-0.6956	-0.4534	-0.5346	0.0556	-0.0583	0.0648	
-5.8526	-20.6091	1.5793	-0.4270	-0.7078	0.1228	0.1867	-0.6529	-0.4669	-0.5657	0.0592	-0.0598	0.0650	
-5.8989	-20.6803	1.5951	-0.4274	-0.7079	0.1232	0.2189	-0.6184	-0.4723	-0.5889	0.0604	-0.0571	0.0657	
-5.9527	-20.7539	1.6042	-0.4286	-0.7082	0.1228	0.2382	-0.5847	-0.4845	-0.6066	0.0608	-0.0552	0.0622	
-5.9923	-20.8214	1.6243	-0.4282	-0.7078	0.1237	0.2669	-0.5337	-0.4934	-0.6320	0.0641	-0.0567	0.0635	
-6.0415	-20.8863	1.6315	-0.4289	-0.7072	0.1231	0.2962	-0.4899	-0.5112	-0.6414	0.0685	-0.0543	0.0610	
-6.0831	-20.9593	1.6414	-0.4287	-0.7075	0.1229	0.3233	-0.4342	-0.5277	-0.6540	0.0732	-0.0549	0.0599	
-6.1347	-21.0324	1.6528	-0.4297	-0.7077	0.1228	0.3406	-0.4012	-0.5375	-0.6606	0.0721	-0.0519	0.0563	
-6.1789	-21.1029	1.6601	-0.4298	-0.7077	0.1222	0.3591	-0.3437	-0.5455	-0.6742	0.0742	-0.0539	0.0561	
-6.2239	-21.1808	1.6720	-0.4300	-0.7085	0.1222	0.3674	-0.2911	-0.5691	-0.6763	0.0771	-0.0551	0.0504	
-6.2656	-21.2556	1.6836	-0.4298	-0.7089	0.1221	0.3770	-0.2190	-0.5922	-0.6770	0.0828	-0.0592	0.0467	
-6.2994	-21.3315	1.7055	-0.4289	-0.7094	0.1231	0.3952	-0.1646	-0.5955	-0.6797	0.0837	-0.0587	0.0468	
-6.3412	-21.4090	1.7297	-0.4288	-0.7101	0.1244	0.4096	-0.1142	-0.6072	-0.6718	0.0852	-0.0576	0.0432	
-6.3810	-21.4759	1.7372	-0.4284	-0.7097	0.1239	0.4094	-0.0478	-0.6249	-0.6629	0.0878	-0.0615	0.0388	
-6.4270	-21.5539	1.7539	-0.4288	-0.7104	0.1243	0.4168	0.0141	-0.6310	-0.6538	0.0895	-0.0628	0.0373	
-6.4775	-21.6127	1.7707	-0.4295	-0.7092	0.1248	0.4091	0.0904	-0.6417	-0.6416	0.0918	-0.0684	0.0346	
-6.5271	-21.6848	1.7915	-0.4302	-0.7093	0.1256	0.4026	0.1382	-0.6568	-0.6242	0.0899	-0.0693	0.0286	
-6.5785	-21.7593	1.8073	-0.4310	-0.7097	0.1259	0.3937	0.1983	-0.6699	-0.5975	0.0907	-0.0725	0.0232	
-6.6234	-21.8304	1.8211	-0.4312	-0.7097	0.1261	0.3707	0.2666	-0.6810	-0.5720	0.0907	-0.0791	0.0191	
-6.6664	-21.9010	1.8460	-0.4311	-0.7096	0.1273	0.3464	0.3211	-0.6957	-0.5420	0.0884	-0.0838	0.0133	
-6.7074	-21.9731	1.8715	-0.4309	-0.7097	0.1285	0.3158	0.3725	-0.7076	-0.5115	0.0849	-0.0888	0.0085	
-6.7538	-22.0388	1.8800	-0.4313	-0.7092	0.1281	0.2822	0.4327	-0.7147	-0.4707	0.0842	-0.0953	0.0046	
-6.7879	-22.1090	1.9031	-0.4304	-0.7092	0.1291	0.2546	0.4671	-0.7263	-0.4383	0.0786	-0.0967	0.0003	
-6.8287	-22.1827	1.9195	-0.4302	-0.7094	0.1294	0.2021	0.5131	-0.7332	-0.3980	0.0733	-0.1047	-0.0028	
-6.8777	-22.2553	1.9367	-0.4308	-0.7096	0.1298	0.1597	0.5447	-0.7429	-0.3568	0.0673	-0.1084	-0.0066	
-6.9254	-22.3266	1.9448	-0.4312	-0.7096	0.1294	0.1013	0.5740	-0.7506	-0.3125	0.0598	-0.1150	-0.0093	
-6.9638	-22.4043	1.9539	-0.4308	-0.7103	0.1290	0.0490	0.6050	-0.7483	-0.2670	0.0554	-0.1198	-0.0105	
-7.0175	-22.4981	1.9737	-0.4317	-0.7124	0.1297	-0.0088	0.6222	-0.7519	-0.2194	0.0620	-0.1152	-0.0079	
-7.0562	-22.5669	1.9821	-0.4313	-0.7122	0.1292	0.0522	-0.6416	0.7437	0.1851	0.0569	-0.1157	-0.0079	
-7.0980	-22.6444	1.9908	-0.4312	-0.7128	0.1288	0.1119	-0.6691	0.7170	0.1602	0.0534	-0.1187	-0.0023	
-7.1416	-22.7240	2.0125	-0.4312	-0.7135	0.1296	0.1653	-0.6786	0.7048	0.1311	0.0469	-0.1200	-0.0001	
-7.1836	-22.7882	2.0305	-0.4311	-0.7129	0.1301	0.2144	-0.6828	0.6911	0.1173	0.0408	-0.1177	0.0047	
-7.2335	-22.8576	2.0282	-0.4318	-0.7127	0.1287	0.2672	-0.6966	0.6588	0.0980	0.0394	-0.1180	0.0098	
-7.2687	-22.9302	2.0407	-0.4311	-0.7129	0.1287	0.3351	-0.7084	0.6150	0.0865	0.0386	-0.1205	0.0190	
-7.3027	-22.9935	2.0474	-0.4303	-0.7122	0.1282	0.3910	-0.7070	0.5858	0.0722	0.0352	-0.1201	0.0241	
-7.3398	-23.0698	2.0636	-0.4297	-0.7126	0.1285	0.4529	-0.6938	0.5581	0.0649	0.0302	-0.1197	0.0315	
-7.3874	-23.1446	2.0722	-0.4301	-0.7129	0.1281	0.5081	-0.6849	0.5199	0.0496	0.0281	-0.1202	0.0361	
-7.4302	-23.2155	2.0905	-0.4301	-0.7129	0.1285	0.5598	-0.6692	0.4884	0.0536	0.0261	-0.1165	0.0431	
-7.4768	-23.2863	2.1073	-0.4304	-0.7129	0.1289	0.6084	-0.6561	0.4435	0.0642	0.0278	-0.1128	0.0505	
-7.5161	-23.3633	2.1255	-0.4301	-0.7134	0.1294	0.6510	-0.6367	0.4106	0.0652	0.0260	-0.1093	0.0544	
-7.5685	-23.4359	2.1423	-0.4309	-0.7135	0.1297	0.6993	-0.6124	0.3620	0.0684	0.0263	-0.1086	0.0606	
-7.6104	-23.5136	2.1492	-0.4308	-0.7140	0.1292	0.7432	-0.5828	0.3222	0.0705	0.0247	-0.1066	0.0656	
-7.6513	-23.5899	2.1668	-0.4306	-0.7145	0.1295	0.7766	-0.5581	0.2814	0.0950	0.0278	-0.1002	0.0708	
-7.6968	-23.6617	2.1747	-0.4308	-0.7145	0.1291	0.8077	-0.5266	0.2487	0.1031	0.0261	-0.0960	0.0736	
-7.7358	-23.7269	2.1871	-0.4304	-0.7140	0.1291	0.8310	-0.4990	0.2240	0.1186	0.0253	-0.0892	0.0748	
-7.7687	-23.7943	2.1990	-0.4296	-0.7136	0.1290	0.8525	-0.4747	0.1774	0.1309	0.0282	-0.0864	0.0758	
-7.8036	-23.8609	2.2136	-0.4289	-0.7132	0.1292	0.8719	-0.4502	0.1257	0.1466	0.0323	-0.0844	0.0769	
-7.8513	-23.9272	2.2243	-0.4293	-0.7128	0.1290	0.8832	-0.4305	0.0901	0.1714	0.0356	-0.0785	0.0761	
-7.8953	-23.9925	2.2384	-0.4294	-0.7123	0.1291	0.8941	-0.4063	0.0465	0.1849	0.0375	-0.0761	0.0757	
-7.9309	-24.0623	2.2570	-0.4288	-0.7122	0.1296	0.9040	-0.3800	0.0081	0.1987	0.0385	-0.0728	0.0756	
-7.9737	-24.1357	2.2738	-0.4288	-0.7124	0.1299	0.9079	-0.3553	-0.0328	0.2225	0.0420	-0.0692	0.0752	
-8.0219	-24.2014	2.2934	-0.4292	-0.7119	0.1304	0.9080	-0.3299	-0.0863	0.2429	0.0465	-0.0688	0.0749	
-8.0601	-24.2665	2.3029	-0.4288	-0.7115	0.1301	0.9092	-0.3058	-0.1238	0.2567	0.0471	-0.0660	0.0736	
-8.1041	-24.3348	2.3179	-0.4289	-0.7112	0.1303	0.9030	-0.2838	-0.1693	0.2754	0.0501	-0.0649	0.0718	
-8.1511	-24.4047	2.3355	-0.4292	-0.7111	0.1307	0.8937	-0.2617	-0.2180	0.2922	0.0529	-0.0649	0.0700	
-8.1907	-24.4780	2.3445	-0.4290	-0.7113	0.1304	0.8798	-0.2574	-0.2578	0.3095	0.0549	-0.0642	0.0635	
-8.2315	-24.5596	2.3557	-0.4288	-0.7121	0.1302	0.8679	-0.2409	-0.3057	0.3096	0.0541	-0.0661	0.0611	
-8.2829	-24.6335	2.3831	-0.4295	-0.7124	0.1313	0.8492	-0.2259	-0.3582	0.3153	0.0550	-0.0688	0.0583	
-8.3274	-24.7095	2.3964	-0.4296	-0.7127	0.1313	0.8307	-0.1979	-0.3988	0.3345	0.0582	-0.0666	0.0587	
-8.3713	-24.7823	2.4070	-0.4296	-0.7128	0.1311	0.8056	-0.1660	-0.4601	0.3320	0.0594	-0.0711	0.0606	
-8.4102	-24.8567	2.4214	-0.4293	-0.7131	0.1312	0.7833	-0.1416	-0.4994	0.3427	0.0607	-0.0699	0.0595	
-8.4550	-24.9252	2.4378	-0.4295	-0.7129	0.1315	0.7591	-0.1177	-0.5327	0.3565	0.0621	-0.0675	0.0581	
-8.5058	-24.9923	2.4553	-0.4301	-0.7125	0.1318	0.7285	-0.1029	-0.5787	0.3524	0.0602	-0.0708	0.0560	
-8.5504	-25.0686	2.4762	-0.4302	-0.7129	0.1324	0.7022	-0.0846	-0.6171	0.3461	0.0577	-0.0718	0.0549	
-8.5897	-25.1371	2.4855	-0.4299	-0.7127	0.1321	0.6611	-0.0734	-0.6595	0.3505	0.0585	-0.0750	0.0518	
-8.6226	-25.2113	2.5024	-0.4291	-0.7129	0.1324	0.6294	-0.0592	-0.6952	0.3432	0.0561	-0.0760	0.0506	
-8.6676	-25.2856	2.5230	-0.4293	-0.7132	0.1329	0.5900	-0.0419	-0.7372	0.3263	0.0534	-0.0796	0.0513	
-8.7160	-25.3526	2.5355	-0.4297	-0.7128	0.1329	0.5530	-0.0288	-0.7688	0.3209	0.0522	-0.0800	0.0498	
-8.7570	-25.4285	2.5477	-0.4296	-0.7132	0.1328	0.5195	-0.0006	-0.7989	0.3032	0.0508	-0.0792	0.0524	
-8.7966	-25.4975	2.5603	-0.4293	-0.7130	0.1328	0.4933	0.0108	-0.8219	0.2885	0.0467	-0.0772	0.0516	
-8.8440	-25.5711	2.5732	-0.4296	-0.7132	0.1327	0.4442	0.0431	-0.8557	0.2593	0.0463	-0.0803	0.0565	
-8.8932	-25.6455	2.5861	-0.4301	-0.7134	0.1327	0.4028	0.0652	-0.8808	0.2400	0.0452	-0.0806	0.0578	
-8.9452	-25.7121	2.6070	-0.4307	-0.7131	0.1333	0.3527	0.0759	-0.9064	0.2197	0.0431	-0.0836	0.0576	
-8.9890	-25.7817	2.6244	-0.4308	-0.7129	0.1335	0.3115	0.0836	-0.9260	0.1989	0.0399	-0.0839	0.0571	
-9.0327	-25.8540	2.6369	-0.4308	-0.7130	0.1335	0.2683	0.0960	-0.9416	0.1813	0.0387	-0.0837	0.0565	
-9.0769	-25.9257	2.6492	-0.4309	-0.7130	0.1334	0.2262	0.1195	-0.9540	0.1565	0.0387	-0.0825	0.0584	
-9.1160	-26.0058	2.6644	-0.4306	-0.7137	0.1335	0.1818	0.1570	-0.9630	0.1199	0.0400	-0.0810	0.0640	
-9.1609	-26.0718	2.6755	-0.4307	-0.7133	0.1334	0.1435	0.1733	-0.9711	0.0839	0.0374	-0.0793	0.0670	
-9.2008	-26.1407	2.6914	-0.4305	-0.7131	0.1336	0.1140	0.1777	-0.9772	0.0543	0.0331	-0.0761	0.0672	
-9.2433	-26.2153	2.7094	-0.4305	-0.7133	0.1339	0.0626	0.1976	-0.9776	0.0188	0.0331	-0.0776	0.0702	
-9.2872	-26.2992	2.7232	-0.4305	-0.7142	0.1339	0.0122	0.2112	-0.9763	-0.0342	0.0366	-0.0763	0.0639	
-9.3331	-26.3749	2.7370	-0.4307	-0.7145	0.1339	0.0274	-0.2252	0.9708	0.0786	0.0343	-0.0749	0.0691	
-9.3707	-26.4526	2.7549	-0.4303	-0.7150	0.1343	0.0674	-0.2465	0.9597	0.1154	0.0346	-0.0736	0.0720	
-9.4145	-26.5224	2.7736	-0.4304	-0.7148	0.1346	0.0988	-0.2653	0.9464	0.1567	0.0344	-0.0704	0.0754	
-9.4567	-26.5877	2.7887	-0.4303	-0.7144	0.1347	0.1344	-0.2860	0.9273	0.1997	0.0352	-0.0684	0.0792	
-9.4981	-26.6573	2.8058	-0.4302	-0.7143	0.1350	0.1584	-0.3056	0.9077	0.2416	0.0361	-0.0639	0.0819	
-9.5463	-26.7212	2.8151	-0.4306	-0.7138	0.1347	0.1908	-0.3450	0.8742	0.2818	0.0419	-0.0620	0.0848	
-9.5907	-26.7942	2.8288	-0.4307	-0.7139	0.1347	0.2174	-0.3801	0.8350	0.3316	0.0471	-0.0587	0.0898	
-9.6304	-26.8677	2.8367	-0.4304	-0.7140	0.1344	0.2336	-0.4039	0.7978	0.3818	0.0502	-0.0533	0.0939	
-9.6754	-26.9361	2.8493	-0.4306	-0.7138	0.1343	0.2388	-0.4188	0.7598	0.4372	0.0522	-0.0457	0.0983	
-9.7153	-27.0111	2.8619	-0.4304	-0.7141	0.1343	0.2427	-0.4478	0.7148	0.4795	0.0575	-0.0404	0.0991	
-9.7598	-27.0776	2.8781	-0.4305	-0.7137	0.1344	0.2463	-0.4858	0.6522	0.5260	0.0663	-0.0364	0.1018	
-9.7982	-27.1509	2.8896	-0.4301	-0.7139	0.1343	0.2423	-0.5112	0.5966	0.5691	0.0718	-0.0310	0.1028	
-9.8434	-27.2301	2.9037	-0.4303	-0.7144	0.1344	0.2452	-0.5405	0.5417	0.5955	0.0760	-0.0297	0.1004	
-9.8830	-27.3019	2.9207	-0.4301	-0.7144	0.1346	0.2354	-0.5667	0.4875	0.6219	0.0808	-0.0264	0.0975	
-9.9292	-27.3787	2.9306	-0.4303	-0.7147	0.1344	0.2291	-0.5921	0.4290	0.6429	0.0849	-0.0249	0.0948	
-9.9761	-27.4477	2.9450	-0.4305	-0.7146	0.1344	0.2128	-0.6186	0.3700	0.6602	0.0902	-0.0230	0.0909	
-10.0277	-27.5173	2.9564	-0.4311	-0.7145	0.1343	0.1951	-0.6524	0.2945	0.6701	0.0987	-0.0238	0.0876	
-10.0687	-27.5915	2.9675	-0.4309	-0.7146	0.1342	0.1729	-0.6633	0.2413	0.6883	0.1003	-0.0192	0.0846	
-10.1209	-27.6603	2.9795	-0.4315	-0.7145	0.1341	0.1450	-0.6795	0.1884	0.6955	0.1031	-0.0169	0.0794	
-10.1648	-27.7295	2.9938	-0.4316	-0.7143	0.1341	0.1249	-0.7020	0.1247	0.6904	0.1067	-0.0193	0.0751	
-10.2087	-27.7975	3.0037	-0.4316	-0.7141	0.1339	0.1145	-0.7261	0.0668	0.6760	0.1070	-0.0241	0.0707	
-10.2515	-27.8662	3.0066	-0.4316	-0.7140	0.1332	0.0890	-0.7579	0.0138	0.6483	0.1097	-0.0303	0.0629	
-10.2971	-27.9418	3.0201	-0.4318	-0.7142	0.1333	0.0473	-0.7792	-0.0484	0.6237	0.1161	-0.0330	0.0563	
-10.3381	-28.0151	3.0314	-0.4316	-0.7143	0.1331	0.0152	-0.7932	-0.0883	0.6053	0.1154	-0.0330	0.0497	
-10.3935	-28.0917	3.0597	-0.4324	-0.7147	0.1341	-0.0024	0.8105	0.1433	-0.5689	0.1156	-0.0272	0.0537	
-10.4391	-28.1614	3.0795	-0.4325	-0.7145	0.1345	0.0145	0.8211	0.1957	-0.5373	0.1146	-0.0260	0.0584	
-10.4808	-28.2378	3.0942	-0.4324	-0.7148	0.1345	0.0269	0.8245	0.2499	-0.5081	0.1135	-0.0273	0.0615	
-10.5263	-28.3061	3.1125	-0.4326	-0.7147	0.1348	0.0351	0.8267	0.3016	-0.4751	0.1115	-0.0304	0.0642	
-10.5672	-28.3692	3.1224	-0.4324	-0.7141	0.1346	0.0402	0.8312	0.3423	-0.4397	0.1064	-0.0340	0.0654	
-10.6146	-28.4326	3.1334	-0.4327	-0.7137	0.1344	0.0516	0.8344	0.3878	-0.3905	0.1045	-0.0424	0.0652	
-10.6563	-28.5042	3.1461	-0.4326	-0.7137	0.1344	0.0710	0.8447	0.4180	-0.3327	0.0998	-0.0535	0.0610	
-10.6910	-28.5747	3.1600	-0.4321	-0.7136	0.1344	0.0717	0.8551	0.4421	-0.2673	0.0925	-0.0624	0.0616	
-10.7305	-28.6423	3.1750	-0.4318	-0.7134	0.1345	0.0798	0.8586	0.4634	-0.2111	0.0872	-0.0680	0.0581	
-10.7726	-28.7061	3.1830	-0.4318	-0.7129	0.1342	0.0935	0.8611	0.4780	-0.1564	0.0819	-0.0729	0.0527	
-10.8147	-28.7792	3.2016	-0.4317	-0.7130	0.1345	0.1010	0.8641	0.4866	-0.0934	0.0761	-0.0788	0.0500	
-10.8522	-28.8484	3.2124	-0.4314	-0.7129	0.1343	0.1069	0.8595	0.4997	-0.0282	0.0729	-0.0839	0.0486	
-10.8948	-28.9210	3.2257	-0.4313	-0.7130	0.1343	0.1139	0.8645	0.4934	0.0234	0.0647	-0.0862	0.0446	
-10.9388	-28.9937	3.2370	-0.4314	-0.7131	0.1342	0.1086	0.8564	0.4998	0.0781	0.0611	-0.0870	0.0452	
-10.9815	-29.0687	3.2551	-0.4314	-0.7133	0.1345	0.1033	0.8453	0.5069	0.1352	0.0585	-0.0882	0.0461	
-11.0243	-29.1372	3.2690	-0.4313	-0.7131	0.1345	0.1023	0.8346	0.5060	0.1941	0.0548	-0.0906	0.0457	
-11.0678	-29.2034	3.2802	-0.4314	-0.7128	0.1344	0.0940	0.8237	0.5024	0.2479	0.0507	-0.0910	0.0466	
-11.1073	-29.2747	3.2954	-0.4312	-0.7128	0.1345	0.0751	0.8040	0.5090	0.2988	0.0501	-0.0892	0.0499	
-11.1528	-29.3470	3.3092	-0.4313	-0.7129	0.1345	0.0545	0.7898	0.5016	0.3505	0.0465	-0.0882	0.0530	
-11.1963	-29.4181	3.3263	-0.4313	-0.7129	0.1347	0.0369	0.7711	0.4896	0.4059	0.0430	-0.0891	0.0557	
-11.2348	-29.4890	3.3377	-0.4310	-0.7129	0.1346	0.0165	0.7411	0.4852	0.4628	0.0428	-0.0901	0.0590	
-11.2795	-29.5565	3.3545	-0.4311	-0.7126	0.1348	0.0049	0.7185	0.4820	0.5028	0.0455	-0.0918	0.0600	
-11.3249	-29.6266	3.3679	-0.4313	-0.7126	0.1348	0.0152	-0.6859	-0.4731	-0.5526	0.0444	-0.0917	0.0623	
-11.3686	-29.6965	3.3861	-0.4313	-0.7125	0.1350	0.0348	-0.6513	-0.4682	-0.5964	0.0445	-0.0904	0.0636	
-11.4108	-29.7644	3.3945	-0.4313	-0.7123	0.1348	0.0533	-0.6085	-0.4672	-0.6390	0.0462	-0.0900	0.0644	
-11.4625	-29.8410	3.4080	-0.4317	-0.7126	0.1348	0.0814	-0.5772	-0.4539	-0.6749	0.0451	-0.0867	0.0670	
-11.5052	-29.9202	3.4172	-0.4317	-0.7131	0.1345	0.1111	-0.5412	-0.4565	-0.6987	0.0484	-0.0815	0.0668	
-11.5401	-29.9911	3.4296	-0.4312	-0.7130	0.1344	0.1372	-0.5111	-0.4562	-0.7171	0.0495	-0.0757	0.0657	
-11.5796	-30.0606	3.4459	-0.4310	-0.7129	0.1346	0.1581	-0.4709	-0.4382	-0.7492	0.0476	-0.0754	0.0679	
-11.6209	-30.1306	3.4530	-0.4309	-0.7129	0.1343	0.1750	-0.4256	-0.4335	-0.7749	0.0488	-0.0750	0.0670	
-11.6590	-30.1963	3.4672	-0.4307	-0.7126	0.1343	0.1888	-0.3786	-0.4348	-0.7954	0.0508	-0.0745	0.0643	
-11.7054	-30.2727	3.4750	-0.4309	-0.7128	0.1340	0.2126	-0.3357	-0.4263	-0.8129	0.0520	-0.0724	0.0644	
-11.7489	-30.3441	3.4875	-0.4309	-0.7128	0.1339	0.2204	-0.2791	-0.4165	-0.8365	0.0521	-0.0752	0.0640	
-11.7937	-30.4102	3.4962	-0.4310	-0.7126	0.1337	0.2270	-0.2170	-0.4106	-0.8558	0.0535	-0.0784	0.0626	
-11.8345	-30.4812	3.5110	-0.4308	-0.7125	0.1338	0.2471	-0.1686	-0.4090	-0.8626	0.0562	-0.0765	0.0600	
-11.8771	-30.5550	3.5228	-0.4308	-0.7127	0.1337	0.2533	-0.1182	-0.4057	-0.8708	0.0563	-0.0768	0.0569	
-11.9179	-30.6238	3.5345	-0.4307	-0.7126	0.1336	0.2632	-0.0785	-0.3959	-0.8772	0.0550	-0.0743	0.0554	
-11.9644	-30.6924	3.5438	-0.4309	-0.7124	0.1334	0.2760	-0.0197	-0.3940	-0.8764	0.0579	-0.0758	0.0527	
-12.0110	-30.7670	3.5574	-0.4311	-0.7126	0.1334	0.2876	0.0426	-0.3839	-0.8760	0.0599	-0.0778	0.0522	
-12.0503	-30.8395	3.5771	-0.4309	-0.7127	0.1337	0.3064	0.0893	-0.3772	-0.8699	0.0616	-0.0756	0.0502	
-12.0893	-30.9116	3.5865	-0.4306	-0.7127	0.1335	0.3232	0.1484	-0.3759	-0.8556	0.0650	-0.0770	0.0470	
-12.1347	-30.9866	3.6046	-0.4308	-0.7129	0.1338	0.3411	0.2006	-0.3670	-0.8419	0.0671	-0.0761	0.0457	
-12.1828	-31.0581	3.6174	-0.4310	-0.7129	0.1337	0.3548	0.2561	-0.3616	-0.8232	0.0691	-0.0769	0.0433	
-12.2229	-31.1287	3.6291	-0.4309	-0.7129	0.1336	0.3678	0.3160	-0.3654	-0.7945	0.0718	-0.0798	0.0387	
-12.2658	-31.1959	3.6434	-0.4309	-0.7127	0.1337	0.3583	0.3673	-0.3708	-0.7752	0.0684	-0.0828	0.0342	
-12.3081	-31.2662	3.6539	-0.4308	-0.7126	0.1335	0.3544	0.4153	-0.3602	-0.7569	0.0664	-0.0830	0.0340	
-12.3454	-31.3392	3.6693	-0.4305	-0.7127	0.1336	0.3468	0.4688	-0.3650	-0.7260	0.0647	-0.0871	0.0299	
-12.3890	-31.4129	3.6788	-0.4306	-0.7128	0.1334	0.3345	0.5234	-0.3494	-0.7013	0.0633	-0.0893	0.0315	
-12.4286	-31.4820	3.6978	-0.4304	-0.7127	0.1337	0.3089	0.5625	-0.3565	-0.6812	0.0557	-0.0914	0.0282	
-12.4695	-31.5522	3.7078	-0.4303	-0.7127	0.1336	0.2937	0.6031	-0.3496	-0.6547	0.0529	-0.0918	0.0277	
-12.5164	-31.6219	3.7209	-0.4305	-0.7126	0.1335	0.2772	0.6434	-0.3540	-0.6202	0.0497	-0.0940	0.0247	
-12.5637	-31.6979	3.7331	-0.4307	-0.7128	0.1335	0.2568	0.6846	-0.3618	-0.5786	0.0462	-0.0978	0.0214	
-12.6067	-31.7706	3.7446	-0.4307	-0.7129	0.1334	0.2314	0.7263	-0.3654	-0.5339	0.0431	-0.1020	0.0197	
-12.6496	-31.8382	3.7503	-0.4307	-0.7127	0.1330	0.1911	0.7648	-0.3610	-0.4984	0.0378	-0.1053	0.0218	
-12.6937	-31.9066	3.7629	-0.4307	-0.7126	0.1330	0.1506	0.7939	-0.3633	-0.4650	0.0311	-0.1070	0.0226	
-12.7329	-31.9778	3.7814	-0.4305	-0.7126	0.1332	0.1044	0.8214	-0.3621	-0.4287	0.0248	-0.1093	0.0248	
-12.7778	-32.0453	3.7951	-0.4306	-0.7124	0.1333	0.0632	0.8460	-0.3657	-0.3828	0.0200	-0.1122	0.0248	
-12.8260	-32.1162	3.8071	-0.4309	-0.7123	0.1332	0.0173	0.8639	-0.3595	-0.3543	0.0148	-0.1109	0.0282	
-12.8689	-32.1923	3.8212	-0.4309	-0.7126	0.1332	0.0226	-0.8805	0.3549	0.3139	0.0183	-0.1101	0.0284	
-12.9090	-32.2717	3.8372	-0.4307	-0.7130	0.1334	0.0692	-0.8962	0.3428	0.2726	0.0213	-0.1087	0.0298	
-12.9488	-32.3561	3.8520	-0.4306	-0.7136	0.1334	0.1165	-0.9069	0.3265	0.2410	0.0244	-0.1073	0.0344	
-12.9850	-32.4397	3.8653	-0.4302	-0.7142	0.1334	0.1701	-0.9125	0.3093	0.2081	0.0258	-0.1061	0.0433	
-13.0220	-32.5230	3.8785	-0.4299	-0.7148	0.1334	0.2375	-0.9106	0.2841	0.1867	0.0280	-0.1036	0.0579	
-13.0646	-32.5918	3.8899	-0.4299	-0.7147	0.1333	0.2961	-0.9067	0.2529	0.1619	0.0288	-0.1021	0.0669	
-13.1035	-32.6648	3.8975	-0.4297	-0.7148	0.1330	0.3651	-0.8948	0.2146	0.1389	0.0299	-0.1020	0.0786	
-13.1473	-32.7351	3.9086	-0.4297	-0.7147	0.1329	0.4479	-0.8667	0.1796	0.1274	0.0289	-0.0993	0.0944	
-13.1860	-32.8047	3.9181	-0.4295	-0.7146	0.1327	0.5154	-0.8371	0.1407	0.1161	0.0288	-0.0962	0.1030	
-13.2289	-32.8693	3.9290	-0.4295	-0.7143	0.1326	0.5749	-0.8043	0.1004	0.1144	0.0298	-0.0907	0.1093	
-13.2699	-32.9374	3.9392	-0.4294	-0.7141	0.1325	0.6346	-0.7626	0.0587	0.1086	0.0300	-0.0874	0.1156	
-13.3104	-33.0077	3.9510	-0.4293	-0.7141	0.1324	0.6865	-0.7182	0.0083	0.1117	0.0334	-0.0829	0.1208	
-13.3520	-33.0763	3.9647	-0.4293	-0.7140	0.1324	0.7296	-0.6728	-0.0364	0.1215	0.0363	-0.0767	0.1237	
-13.3978	-33.1490	3.9779	-0.4294	-0.7140	0.1324	0.7724	-0.6182	-0.0793	0.1207	0.0370	-0.0735	0.1274	
-13.4399	-33.2237	3.9910	-0.4294	-0.7142	0.1324	0.8055	-0.5707	-0.1173	0.1139	0.0365	-0.0712	0.1273	
-13.4811	-33.2943	4.0080	-0.4293	-0.7141	0.1326	0.8327	-0.5200	-0.1579	0.1108	0.0375	-0.0687	0.1271	
-13.5218	-33.3693	4.0197	-0.4292	-0.7143	0.1325	0.8510	-0.4719	-0.2030	0.1153	0.0410	-0.0658	0.1254	
-13.5633	-33.4386	4.0359	-0.4291	-0.7142	0.1327	0.8671	-0.4205	-0.2381	0.1310	0.0443	-0.0602	0.1244	
-13.6061	-33.5099	4.0519	-0.4291	-0.7142	0.1328	0.8767	-0.3703	-0.2824	0.1245	0.0454	-0.0603	0.1222	
-13.6486	-33.5796	4.0635	-0.4291	-0.7141	0.1327	0.8821	-0.3193	-0.3224	0.1322	0.0486	-0.0580	0.1201	
-13.6960	-33.6457	4.0818	-0.4293	-0.7139	0.1330	0.8779	-0.2857	-0.3606	0.1497	0.0525	-0.0554	0.1131	
-13.7388	-33.7200	4.0951	-0.4293	-0.7140	0.1330	0.8698	-0.2420	-0.3975	0.1723	0.0577	-0.0524	0.1088	
-13.7842	-33.7905	4.1066	-0.4294	-0.7140	0.1329	0.8626	-0.1966	-0.4305	0.1839	0.0598	-0.0501	0.1058	
-13.8284	-33.8598	4.1237	-0.4294	-0.7139	0.1331	0.8537	-0.1695	-0.4604	0.1869	0.0581	-0.0495	0.0991	
-13.8725	-33.9256	4.1367	-0.4295	-0.7136	0.1330	0.8369	-0.1305	-0.4899	0.2127	0.0629	-0.0467	0.0945	
-13.9161	-33.9944	4.1488	-0.4295	-0.7135	0.1330	0.8179	-0.0916	-0.5223	0.2268	0.0653	-0.0463	0.0908	
-13.9547	-34.0647	4.1605	-0.4293	-0.7134	0.1329	0.7930	-0.0576	-0.5633	0.2273	0.0652	-0.0499	0.0870	
-13.9985	-34.1327	4.1739	-0.4294	-0.7133	0.1329	0.7656	-0.0152	-0.6026	0.2246	0.0656	-0.0529	0.0857	
-14.0415	-34.2010	4.1937	-0.4294	-0.7132	0.1332	0.7319	0.0229	-0.6387	0.2375	0.0688	-0.0549	0.0824	
-14.0856	-34.2693	4.2091	-0.4294	-0.7130	0.1333	0.6945	0.0391	-0.6790	0.2410	0.0670	-0.0599	0.0760	
-14.1243	-34.3394	4.2199	-0.4292	-0.7130	0.1332	0.6593	0.0852	-0.7037	0.2504	0.0706	-0.0590	0.0754	
-14.1707	-34.4082	4.2308	-0.4294	-0.7128	0.1331	0.6224	0.0995	-0.7329	0.2623	0.0695	-0.0609	0.0690	
-14.2133	-34.4790	4.2465	-0.4294	-0.7128	0.1332	0.5830	0.1306	-0.7605	0.2551	0.0676	-0.0629	0.0684	
-14.2560	-34.5472	4.2616	-0.4294	-0.7127	0.1333	0.5382	0.1425	-0.7887	0.2653	0.0668	-0.0660	0.0627	
-14.2988	-34.6165	4.2705	-0.4294	-0.7126	0.1331	0.4932	0.1473	-0.8159	0.2685	0.0636	-0.0693	0.0576	
-14.3348	-34.6844	4.2828	-0.4290	-0.7124	0.1330	0.4605	0.1649	-0.8343	0.2582	0.0596	-0.0684	0.0567	
-14.3750	-34.7545	4.2971	-0.4289	-0.7124	0.1331	0.4167	0.1778	-0.8520	0.2650	0.0594	-0.0696	0.0526	
-14.4163	-34.8225	4.3096	-0.4288	-0.7123	0.1330	0.3674	0.2075	-0.8729	0.2436	0.0576	-0.0716	0.0563	
-14.4596	-34.8935	4.3250	-0.4289	-0.7122	0.1331	0.3243	0.2305	-0.8901	0.2228	0.0547	-0.0720	0.0586	
-14.5052	-34.9646	4.3357	-0.4290	-0.7122	0.1330	0.2833	0.2503	-0.9010	0.2149	0.0538	-0.0712	0.0575	
-14.5473	-35.0412	4.3465	-0.4290	-0.7125	0.1329	0.2254	0.2682	-0.9124	0.2108	0.0545	-0.0745	0.0562	
-14.5905	-35.1117	4.3626	-0.4290	-0.7124	0.1330	0.1671	0.2704	-0.9269	0.2014	0.0514	-0.0788	0.0548	
-14.6363	-35.1802	4.3751	-0.4291	-0.7123	0.1330	0.1338	0.2751	-0.9358	0.1828	0.0465	-0.0759	0.0548	
-14.6809	-35.2537	4.3850	-0.4292	-0.7124	0.1328	0.0803	0.2963	-0.9364	0.1682	0.0477	-0.0769	0.0557	
-14.7167	-35.3245	4.3977	-0.4289	-0.7124	0.1328	0.0500	0.3102	-0.9369	0.1609	0.0497	-0.0802	0.0585	
-14.7594	-35.3992	4.4128	-0.4288	-0.7126	0.1329	-0.0020	-0.3177	0.9373	-0.1466	0.0477	-0.0801	0.0579	
-14.8015	-35.4697	4.4275	-0.4288	-0.7125	0.1330	0.0432	-0.3366	0.9324	-0.1253	0.0478	-0.0784	0.0593	
-14.8467	-35.5405	4.4356	-0.4289	-0.7125	0.1327	0.1125	-0.3471	0.9242	-0.1066	0.0482	-0.0832	0.0607	
-14.8857	-35.6128	4.4453	-0.4287	-0.7125	0.1326	0.1592	-0.3417	0.9231	-0.0867	0.0438	-0.0828	0.0607	
-14.9281	-35.6805	4.4603	-0.4287	-0.7124	0.1327	0.2098	-0.3475	0.9117	-0.0644	0.0429	-0.0828	0.0617	
-14.9698	-35.7481	4.4765	-0.4287	-0.7122	0.1328	0.2521	-0.3547	0.8999	-0.0422	0.0422	-0.0809	0.0620	
-15.0115	-35.8152	4.4877	-0.4286	-0.7121	0.1327	0.2972	-0.3680	0.8809	-0.0061	0.0436	-0.0787	0.0659	
-15.0538	-35.8889	4.5012	-0.4286	-0.7122	0.1327	0.3307	-0.3898	0.8600	0.0166	0.0462	-0.0747	0.0653	
-15.0973	-35.9602	4.5160	-0.4286	-0.7122	0.1328	0.3739	-0.4064	0.8320	0.0467	0.0487	-0.0736	0.0672	
-15.1389	-36.0352	4.5334	-0.4286	-0.7123	0.1330	0.4035	-0.4261	0.8068	0.0751	0.0513	-0.0694	0.0674	
-15.1809	-36.1050	4.5460	-0.4285	-0.7123	0.1329	0.4368	-0.4279	0.7835	0.1132	0.0506	-0.0665	0.0705	
-15.2243	-36.1731	4.5561	-0.4286	-0.7121	0.1328	0.4665	-0.4441	0.7488	0.1553	0.0545	-0.0630	0.0735	
-15.2631	-36.2436	4.5730	-0.4284	-0.7121	0.1329	0.4998	-0.4355	0.7227	0.1971	0.0521	-0.0610	0.0774	
-15.3036	-36.3170	4.5837	-0.4283	-0.7122	0.1328	0.5232	-0.4524	0.6836	0.2330	0.0563	-0.0581	0.0776	
-15.3488	-36.3852	4.5983	-0.4284	-0.7121	0.1329	0.5478	-0.4693	0.6360	0.2726	0.0613	-0.0564	0.0788	
-15.3913	-36.4578	4.6087	-0.4284	-0.7121	0.1328	0.5786	-0.4833	0.5835	0.3005	0.0644	-0.0578	0.0786	
-15.4332	-36.5342	4.6233	-0.4283	-0.7124	0.1328	0.5955	-0.4973	0.5395	0.3282	0.0669	-0.0559	0.0766	
-15.4799	-36.6116	4.6361	-0.4285	-0.7126	0.1328	0.6077	-0.5185	0.4956	0.3436	0.0694	-0.0549	0.0713	
-15.5249	-36.6813	4.6466	-0.4286	-0.7125	0.1327	0.6126	-0.5360	0.4458	0.3730	0.0740	-0.0523	0.0690	
-15.5747	-36.7518	4.6606	-0.4289	-0.7125	0.1327	0.6206	-0.5449	0.3951	0.4022	0.0765	-0.0507	0.0685	
-15.6145	-36.8199	4.6782	-0.4287	-0.7124	0.1329	0.6193	-0.5662	0.3369	0.4271	0.0822	-0.0499	0.0648	
-15.6584	-36.8857	4.6907	-0.4288	-0.7122	0.1329	0.6163	-0.5800	0.2866	0.4499	0.0847	-0.0483	0.0616	
-15.7039	-36.9561	4.7005	-0.4289	-0.7121	0.1327	0.5989	-0.6084	0.2248	0.4703	0.0920	-0.0481	0.0554	
-15.7476	-37.0261	4.7112	-0.4289	-0.7121	0.1326	0.5844	-0.6333	0.1736	0.4786	0.0942	-0.0485	0.0483	
-15.7895	-37.1016	4.7204	-0.4289	-0.7123	0.1325	0.5697	-0.6618	0.1213	0.4742	0.0950	-0.0514	0.0402	
-15.8325	-37.1712	4.7318	-0.4289	-0.7122	0.1324	0.5511	-0.6825	0.0623	0.4763	0.0974	-0.0534	0.0351	
-15.8743	-37.2412	4.7442	-0.4289	-0.7121	0.1323	0.5337	-0.6934	-0.0026	0.4833	0.1001	-0.0548	0.0335	
-15.9167	-37.3114	4.7575	-0.4288	-0.7121	0.1323	0.5056	-0.7156	-0.0669	0.4773	0.1029	-0.0587	0.0274	
-15.9612	-37.3833	4.7648	-0.4289	-0.7121	0.1321	0.4824	-0.7402	-0.1223	0.4539	0.1010	-0.0646	0.0207	
-16.0051	-37.4546	4.7787	-0.4289	-0.7121	0.1321	0.4498	-0.7552	-0.1954	0.4334	0.1036	-0.0709	0.0166	
-16.0441	-37.5259	4.7906	-0.4288	-0.7121	0.1321	0.4249	-0.7696	-0.2500	0.4070	0.1010	-0.0755	0.0129	
-16.0893	-37.5918	4.8029	-0.4289	-0.7119	0.1320	0.3966	-0.7784	-0.3034	0.3812	0.0990	-0.0791	0.0100	
-16.1288	-37.6599	4.8163	-0.4287	-0.7118	0.1320	0.3604	-0.7966	-0.3493	0.3394	0.0951	-0.0859	0.0041	
-16.1711	-37.7295	4.8295	-0.4287	-0.7117	0.1321	0.3136	-0.8130	-0.3958	0.2909	0.0923	-0.0940	-0.0025	
-16.2204	-37.7993	4.8449	-0.4290	-0.7117	0.1321	0.2661	-0.8203	-0.4407	0.2488	0.0907	-0.0992	-0.0071	
-16.2606	-37.8711	4.8579	-0.4289	-0.7117	0.1321	0.2301	-0.8150	-0.4942	0.1933	0.0886	-0.1061	-0.0064	
-16.3075	-37.9405	4.8694	-0.4290	-0.7116	0.1321	0.1858	-0.8142	-0.5328	0.1358	0.0849	-0.1125	-0.0086	
-16.3534	-38.0088	4.8809	-0.4291	-0.7115	0.1320	0.1618	-0.8136	-0.5568	0.0677	0.0764	-0.1180	-0.0062	
-16.3984	-38.0821	4.8938	-0.4292	-0.7116	0.1320	0.1149	-0.8050	-0.5821	0.0121	0.0728	-0.1221	-0.0089	
-16.4417	-38.1517	4.9028	-0.4292	-0.7116	0.1318	0.0940	-0.7936	-0.6022	-0.0380	0.0678	-0.1213	-0.0058	
-16.4868	-38.2195	4.9211	-0.4293	-0.7114	0.1320	0.0733	-0.7762	-0.6200	-0.0965	0.0631	-0.1226	-0.0018	
-16.5288	-38.2889	4.9349	-0.4293	-0.7114	0.1320	0.0471	-0.7566	-0.6351	-0.1517	0.0594	-0.1236	0.0002	
-16.5710	-38.3569	4.9486	-0.4293	-0.7112	0.1321	0.0286	-0.7333	-0.6501	-0.2015	0.0619	-0.1249	-0.0023	
-16.6142	-38.4268	4.9619	-0.4293	-0.7112	0.1321	-0.0053	0.7203	0.6485	0.2538	0.0547	-0.1247	-0.0007	
-16.6540	-38.4995	4.9712	-0.4292	-0.7113	0.1319	0.0155	0.6955	0.6503	0.3082	0.0503	-0.1250	0.0024	
-16.7021	-38.5692	4.9837	-0.4294	-0.7112	0.1319	0.0227	0.6779	0.6412	0.3646	0.0439	-0.1238	0.0080	
-16.7439	-38.6433	4.9966	-0.4293	-0.7113	0.1319	0.0313	0.6514	0.6279	0.4274	0.0386	-0.1248	0.0142	
-16.7870	-38.7140	5.0099	-0.4293	-0.7113	0.1319	0.0335	0.6126	0.6285	0.4795	0.0388	-0.1229	0.0198	
-16.8313	-38.7853	5.0270	-0.4294	-0.7113	0.1320	0.0207	0.5744	0.6271	0.5284	0.0399	-0.1187	0.0271	
-16.8737	-38.8576	5.0441	-0.4293	-0.7113	0.1322	0.0132	0.5389	0.6215	0.5706	0.0396	-0.1146	0.0317	
-16.9165	-38.9283	5.0575	-0.4293	-0.7113	0.1322	-0.0067	0.5157	0.5918	0.6233	0.0342	-0.1110	0.0407	
-16.9629	-39.0012	5.0708	-0.4295	-0.7114	0.1322	-0.0115	0.4725	0.5714	0.6712	0.0328	-0.1107	0.0459	
-17.0054	-39.0694	5.0843	-0.4295	-0.7113	0.1322	0.0176	-0.4328	-0.5560	-0.7102	0.0315	-0.1088	0.0485	
-17.0553	-39.1378	5.0961	-0.4297	-0.7112	0.1321	0.0266	-0.3901	-0.5423	-0.7445	0.0318	-0.1058	0.0512	
-17.0994	-39.2097	5.1056	-0.4298	-0.7112	0.1320	0.0396	-0.3542	-0.5277	-0.7726	0.0318	-0.1006	0.0532	
-17.1433	-39.2823	5.1202	-0.4298	-0.7113	0.1321	0.0610	-0.3220	-0.5097	-0.7973	0.0323	-0.0937	0.0562	
-17.1881	-39.3520	5.1331	-0.4299	-0.7112	0.1320	0.0735	-0.2715	-0.4909	-0.8245	0.0348	-0.0923	0.0590	
-17.2305	-39.4224	5.1448	-0.4298	-0.7112	0.1320	0.0932	-0.2276	-0.4734	-0.8464	0.0375	-0.0884	0.0610	
-17.2719	-39.4963	5.1528	-0.4298	-0.7113	0.1318	0.1172	-0.1793	-0.4417	-0.8712	0.0397	-0.0859	0.0669	
-17.3144	-39.5670	5.1647	-0.4298	-0.7113	0.1317	0.1302	-0.1363	-0.4197	-0.8884	0.0403	-0.0831	0.0674	
-17.3564	-39.6371	5.1768	-0.4297	-0.7112	0.1317	0.1552	-0.0791	-0.3957	-0.9014	0.0454	-0.0820	0.0694	
-17.3988	-39.7074	5.1890	-0.4297	-0.7112	0.1317	0.1853	-0.0361	-0.3710	-0.9098	0.0488	-0.0772	0.0709	
-17.4408	-39.7824	5.2000	-0.4297	-0.7113	0.1316	0.2024	0.0012	-0.3416	-0.9184	0.0484	-0.0733	0.0721	
-17.4802	-39.8558	5.2101	-0.4295	-0.7114	0.1315	0.2403	0.0451	-0.3233	-0.9149	0.0542	-0.0690	0.0708	
-17.5239	-39.9294	5.2228	-0.4296	-0.7115	0.1315	0.2541	0.0869	-0.3040	-0.9147	0.0544	-0.0673	0.0687	
-17.5672	-40.0003	5.2326	-0.4296	-0.7115	0.1313	0.2766	0.1393	-0.2775	-0.9091	0.0576	-0.0670	0.0691	
-17.6083	-40.0678	5.2452	-0.4295	-0.7114	0.1313	0.2892	0.1846	-0.2542	-0.9045	0.0579	-0.0664	0.0681	
-17.6492	-40.1379	5.2568	-0.4294	-0.7113	0.1313	0.3062	0.2230	-0.2296	-0.8971	0.0585	-0.0639	0.0672	
-17.6947	-40.2105	5.2711	-0.4295	-0.7114	0.1313	0.3250	0.2671	-0.2108	-0.8827	0.0603	-0.0633	0.0647	
-17.7372	-40.2836	5.2833	-0.4295	-0.7115	0.1313	0.3312	0.3116	-0.2132	-0.8663	0.0591	-0.0655	0.0572	
-17.7801	-40.3558	5.2965	-0.4295	-0.7115	0.1313	0.3322	0.3571	-0.2012	-0.8500	0.0575	-0.0675	0.0543	
-17.8232	-40.4279	5.3064	-0.4295	-0.7115	0.1311	0.3338	0.4078	-0.1949	-0.8276	0.0566	-0.0711	0.0506	
-17.8665	-40.5010	5.3204	-0.4295	-0.7116	0.1312	0.3300	0.4674	-0.1735	-0.8009	0.0565	-0.0761	0.0514	
-17.9105	-40.5748	5.3358	-0.4296	-0.7117	0.1313	0.3326	0.5230	-0.1512	-0.7693	0.0580	-0.0793	0.0518	
-17.9494	-40.6469	5.3481	-0.4294	-0.7117	0.1312	0.3344	0.5652	-0.1353	-0.7423	0.0574	-0.0796	0.0503	
-17.9950	-40.7127	5.3622	-0.4295	-0.7115	0.1313	0.3316	0.5969	-0.1259	-0.7213	0.0543	-0.0779	0.0475	
-18.0352	-40.7867	5.3756	-0.4294	-0.7116	0.1313	0.3246	0.6296	-0.1062	-0.6987	0.0520	-0.0766	0.0476	
-18.0780	-40.8596	5.3864	-0.4294	-0.7117	0.1312	0.3310	0.6645	-0.0954	-0.6636	0.0528	-0.0767	0.0447	
-18.1176	-40.9279	5.3952	-0.4293	-0.7116	0.1310	0.3281	0.7048	-0.0766	-0.6237	0.0534	-0.0788	0.0448	
-18.1625	-40.9975	5.4074	-0.4294	-0.7115	0.1310	0.3335	0.7349	-0.0657	-0.5876	0.0539	-0.0782	0.0420	
-18.2072	-41.0681	5.4221	-0.4294	-0.7115	0.1311	0.3216	0.7669	-0.0550	-0.5532	0.0508	-0.0792	0.0417	
-18.2535	-41.1430	5.4369	-0.4295	-0.7116	0.1311	0.3014	0.8015	-0.0468	-0.5147	0.0466	-0.0818	0.0424	
-18.2946	-41.2103	5.4476	-0.4295	-0.7115	0.1310	0.2788	0.8314	-0.0378	-0.4800	0.0422	-0.0829	0.0435	
-18.3384	-41.2818	5.4614	-0.4295	-0.7115	0.1311	0.2461	0.8653	-0.0126	-0.4354	0.0404	-0.0856	0.0490	
-18.3764	-41.3518	5.4737	-0.4293	-0.7115	0.1310	0.2121	0.8973	0.0029	-0.3861	0.0375	-0.0892	0.0527	
-18.4139	-41.4207	5.4861	-0.4291	-0.7114	0.1310	0.1825	0.9203	0.0111	-0.3468	0.0334	-0.0894	0.0540	
-18.4576	-41.4927	5.5001	-0.4292	-0.7114	0.1310	0.1529	0.9406	0.0256	-0.3017	0.0317	-0.0901	0.0559	
-18.5026	-41.5640	5.5133	-0.4292	-0.7114	0.1310	0.1219	0.9542	0.0431	-0.2729	0.0292	-0.0866	0.0581	
-18.5428	-41.6348	5.5273	-0.4292	-0.7114	0.1311	0.0852	0.9688	0.0546	-0.2252	0.0268	-0.0879	0.0608	
-18.5861	-41.7041	5.5379	-0.4292	-0.7114	0.1310	0.0396	0.9793	0.0747	-0.1827	0.0250	-0.0874	0.0661	
-18.6319	-41.7786	5.5514	-0.4293	-0.7115	0.1310	-0.0012	0.9840	0.1003	-0.1482	0.0265	-0.0901	0.0623	
-18.6762	-41.8506	5.5646	-0.4293	-0.7115	0.1310	0.0499	-0.9845	-0.1281	0.1085	0.0260	-0.0878	0.0691	
-18.7174	-41.9252	5.5753	-0.4293	-0.7116	0.1309	0.1020	-0.9808	-0.1508	0.0693	0.0247	-0.0855	0.0757	
-18.7598	-41.9968	5.5867	-0.4292	-0.7116	0.1309	0.1420	-0.9760	-0.1645	0.0342	0.0229	-0.0827	0.0778	
-18.7996	-42.0658	5.6024	-0.4291	-0.7116	0.1310	0.1954	-0.9644	-0.1803	0.0042	0.0213	-0.0783	0.0834	
-18.8394	-42.1348	5.6139	-0.4290	-0.7115	0.1309	0.2411	-0.9493	-0.1984	-0.0330	0.0211	-0.0765	0.0867	
-18.8811	-42.2073	5.6239	-0.4290	-0.7115	0.1308	0.2937	-0.9267	-0.2285	-0.0567	0.0238	-0.0711	0.0921	
-18.9216	-42.2781	5.6405	-0.4289	-0.7115	0.1309	0.3476	-0.8984	-0.2531	-0.0861	0.0256	-0.0677	0.0975	
-18.9645	-42.3477	5.6555	-0.4289	-0.7115	0.1310	0.4007	-0.8642	-0.2841	-0.1077	0.0294	-0.0630	0.1024	
-19.0043	-42.4198	5.6713	-0.4288	-0.7115	0.1311	0.4466	-0.8279	-0.3137	-0.1288	0.0330	-0.0591	0.1050	
-19.0456	-42.4900	5.6887	-0.4287	-0.7115	0.1312	0.4950	-0.7929	-0.3349	-0.1283	0.0361	-0.0503	0.1069	
-19.0914	-42.5599	5.6992	-0.4288	-0.7114	0.1311	0.5435	-0.7441	-0.3699	-0.1225	0.0435	-0.0421	0.1098	
-19.1340	-42.6299	5.7118	-0.4288	-0.7114	0.1311	0.5934	-0.6873	-0.3973	-0.1289	0.0483	-0.0377	0.1141	
-19.1775	-42.7033	5.7253	-0.4289	-0.7115	0.1311	0.6309	-0.6333	-0.4275	-0.1334	0.0533	-0.0344	0.1146	
-19.2198	-42.7729	5.7398	-0.4288	-0.7114	0.1312	0.6679	-0.5713	-0.4548	-0.1399	0.0579	-0.0320	0.1163	
-19.2626	-42.8453	5.7509	-0.4288	-0.7115	0.1311	0.6944	-0.5143	-0.4846	-0.1379	0.0630	-0.0295	0.1143	
-19.3063	-42.9156	5.7659	-0.4289	-0.7114	0.1312	0.7193	-0.4520	-0.5141	-0.1219	0.0704	-0.0252	0.1121	
-19.3481	-42.9876	5.7803	-0.4288	-0.7115	0.1312	0.7346	-0.3957	-0.5403	-0.1145	0.0743	-0.0237	0.1083	
-19.3944	-43.0564	5.7965	-0.4289	-0.7114	0.1313	0.7449	-0.3424	-0.5660	-0.0981	0.0787	-0.0217	0.1030	
-19.4375	-43.1302	5.8072	-0.4289	-0.7115	0.1312	0.7511	-0.2855	-0.5905	-0.0833	0.0827	-0.0209	0.0986	
-19.4816	-43.2011	5.8191	-0.4290	-0.7115	0.1312	0.7472	-0.2212	-0.6240	-0.0641	0.0895	-0.0225	0.0937	
-19.5264	-43.2704	5.8319	-0.4290	-0.7114	0.1312	0.7416	-0.1548	-0.6509	-0.0496	0.0941	-0.0241	0.0906	
-19.5725	-43.3402	5.8433	-0.4291	-0.7114	0.1311	0.7255	-0.0884	-0.6818	-0.0353	0.0987	-0.0280	0.0866	
-19.6156	-43.4151	5.8583	-0.4292	-0.7115	0.1312	0.7147	-0.0368	-0.7001	-0.0090	0.1011	-0.0276	0.0806	
-19.6582	-43.4862	5.8740	-0.4291	-0.7115	0.1313	0.6892	0.0193	-0.7251	0.0190	0.1053	-0.0308	0.0744	
-19.7046	-43.5543	5.8869	-0.4293	-0.7114	0.1313	0.6524	0.0690	-0.7552	0.0399	0.1068	-0.0371	0.0679	
-19.7486	-43.6255	5.8976	-0.4293	-0.7114	0.1312	0.6168	0.1115	-0.7789	0.0552	0.1054	-0.0420	0.0625	
-19.7944	-43.6978	5.9126	-0.4294	-0.7114	0.1312	0.5772	0.1529	-0.7989	0.0871	0.1072	-0.0457	0.0555	
-19.8350	-43.7674	5.9269	-0.4293	-0.7114	0.1313	0.5318	0.1986	-0.8172	0.1041	0.1070	-0.0507	0.0521	
-19.8791	-43.8374	5.9416	-0.4293	-0.7113	0.1313	0.4891	0.2371	-0.8331	0.1112	0.1036	-0.0547	0.0501	
-19.9237	-43.9083	5.9511	-0.4294	-0.7113	0.1312	0.4462	0.2674	-0.8460	0.1272	0.1007	-0.0575	0.0461	
-19.9691	-43.9791	5.9614	-0.4295	-0.7113	0.1311	0.3895	0.2994	-0.8605	0.1394	0.0985	-0.0634	0.0436	
-20.0125	-44.0498	5.9748	-0.4295	-0.7113	0.1311	0.3395	0.3247	-0.8714	0.1488	0.0947	-0.0668	0.0413	
-20.0577	-44.1188	5.9858	-0.4296	-0.7112	0.1311	0.2870	0.3364	-0.8846	0.1598	0.0891	-0.0710	0.0377	
-20.1015	-44.1885	5.9967	-0.4296	-0.7112	0.1310	0.2302	0.3507	-0.8956	0.1556	0.0829	-0.0751	0.0382	
-20.1461	-44.2598	6.0114	-0.4296	-0.7112	0.1311	0.1769	0.3822	-0.8929	0.1584	0.0823	-0.0766	0.0385	
-20.1898	-44.3281	6.0262	-0.4297	-0.7111	0.1311	0.1222	0.3821	-0.9033	0.1638	0.0756	-0.0803	0.0360	
-20.2314	-44.4018	6.0375	-0.4296	-0.7112	0.1310	0.0667	0.4008	-0.9014	0.1519	0.0721	-0.0815	0.0391	
-20.2760	-44.4822	6.0519	-0.4297	-0.7115	0.1311	0.0080	0.3929	-0.9091	0.1491	0.0801	-0.0771	0.0405	
-20.3146	-44.5541	6.0665	-0.4295	-0.7115	0.1311	0.0415	-0.4112	0.8993	-0.1463	0.0780	-0.0778	0.0397	
-20.3572	-44.6259	6.0766	-0.4295	-0.7115	0.1310	0.0861	-0.4359	0.8863	-0.1337	0.0767	-0.0762	0.0414	
-20.4002	-44.6980	6.0886	-0.4295	-0.7116	0.1310	0.1350	-0.4583	0.8710	-0.1161	0.0754	-0.0756	0.0443	
-20.4414	-44.7685	6.0959	-0.4295	-0.7115	0.1308	0.1957	-0.4648	0.8576	-0.1040	0.0720	-0.0791	0.0458	
-20.4832	-44.8421	6.1122	-0.4294	-0.7116	0.1309	0.2489	-0.4690	0.8431	-0.0918	0.0684	-0.0808	0.0468	
-20.5265	-44.9127	6.1260	-0.4294	-0.7116	0.1309	0.3031	-0.4727	0.8241	-0.0785	0.0655	-0.0825	0.0481	
-20.5683	-44.9849	6.1390	-0.4294	-0.7116	0.1309	0.3592	-0.4729	0.8028	-0.0565	0.0628	-0.0840	0.0515	
-20.6095	-45.0543	6.1492	-0.4294	-0.7116	0.1308	0.4187	-0.4696	0.7764	-0.0339	0.0604	-0.0865	0.0551	
-20.6517	-45.1236	6.1636	-0.4293	-0.7115	0.1309	0.4661	-0.4745	0.7467	-0.0100	0.0601	-0.0856	0.0574	
-20.6958	-45.1970	6.1741	-0.4294	-0.7116	0.1308	0.5052	-0.4819	0.7169	-0.0013	0.0592	-0.0846	0.0552	
-20.7370	-45.2683	6.1854	-0.4293	-0.7116	0.1308	0.5517	-0.4830	0.6792	0.0243	0.0595	-0.0844	0.0582	
-20.7806	-45.3380	6.1978	-0.4293	-0.7116	0.1307	0.5971	-0.4792	0.6408	0.0529	0.0594	-0.0842	0.0617	
-20.8222	-45.4114	6.2103	-0.4293	-0.7116	0.1307	0.6307	-0.4742	0.6105	0.0779	0.0579	-0.0814	0.0629	
-20.8636	-45.4827	6.2237	-0.4292	-0.7116	0.1307	0.6599	-0.4750	0.5736	0.1038	0.0586	-0.0784	0.0634	
-20.9076	-45.5565	6.2356	-0.4293	-0.7117	0.1307	0.6847	-0.4792	0.5374	0.1195	0.0585	-0.0759	0.0611	
-20.9519	-45.6292	6.2495	-0.4293	-0.7118	0.1307	0.7107	-0.4833	0.4916	0.1410	0.0605	-0.0747	0.0605	
-20.9962	-45.6989	6.2612	-0.4294	-0.7117	0.1307	0.7279	-0.4783	0.4633	0.1708	0.0599	-0.0695	0.0610	
-21.0401	-45.7727	6.2728	-0.4294	-0.7118	0.1306	0.7479	-0.4711	0.4331	0.1827	0.0565	-0.0675	0.0594	
-21.0840	-45.8400	6.2843	-0.4294	-0.7117	0.1306	0.7658	-0.4575	0.3957	0.2195	0.0575	-0.0640	0.0629	
-21.1231	-45.9130	6.2981	-0.4293	-0.7117	0.1306	0.7748	-0.4661	0.3616	0.2327	0.0580	-0.0613	0.0577	
-21.1677	-45.9826	6.3065	-0.4294	-0.7117	0.1305	0.7887	-0.4663	0.3220	0.2409	0.0568	-0.0611	0.0548	
-21.2144	-46.0560	6.3180	-0.4295	-0.7117	0.1304	0.7978	-0.4705	0.2711	0.2617	0.0603	-0.0611	0.0531	
-21.2585	-46.1264	6.3315	-0.4295	-0.7117	0.1304	0.8082	-0.4691	0.2196	0.2796	0.0621	-0.0616	0.0524	
-21.3006	-46.2015	6.3433	-0.4295	-0.7118	0.1304	0.8135	-0.4729	0.1683	0.2940	0.0641	-0.0622	0.0498	
-21.3433	-46.2741	6.3593	-0.4295	-0.7119	0.1305	0.8164	-0.4685	0.1187	0.3159	0.0661	-0.0614	0.0496	
-21.3827	-46.3464	6.3752	-0.4294	-0.7119	0.1306	0.8154	-0.4714	0.0625	0.3298	0.0685	-0.0628	0.0470	
-21.4277	-46.4179	6.3846	-0.4294	-0.7119	0.1305	0.8117	-0.4694	0.0151	0.3478	0.0698	-0.0619	0.0454	
-21.4706	-46.4918	6.3970	-0.4294	-0.7120	0.1304	0.8031	-0.4599	-0.0439	0.3749	0.0743	-0.0617	0.0464	
-21.5121	-46.5648	6.4088	-0.4294	-0.7121	0.1304	0.8008	-0.4697	-0.0994	0.3610	0.0707	-0.0667	0.0408	
