1.0413	-9.8005	0.4134	0.0000	0.0000	0.0000	0.6194	-0.1743	0.5245	0.5575	0.0000	0.0000	0.0000	
0.7988	-10.3990	0.2615	-0.0240	-0.0593	-0.0150	0.6419	-0.1595	0.5514	0.5118	-0.0213	0.0021	-0.0103	
0.7076	-10.5093	0.2378	-0.0468	-0.0871	-0.0207	0.6533	-0.1516	0.5609	0.4852	-0.0634	0.0020	-0.0240	
0.6204	-10.6840	0.1520	-0.0822	-0.1658	-0.0624	0.6658	-0.0557	0.5540	0.5081	-0.0853	0.0446	0.0835	
0.5229	-10.8646	0.0038	-0.1374	-0.2817	-0.1491	0.6822	-0.0718	0.5614	0.4807	-0.0668	0.0152	0.0307	
0.4150	-10.9483	-0.0251	-0.2101	-0.3304	-0.1639	0.6968	-0.0463	0.5297	0.4836	-0.0588	-0.0005	0.0440	
0.4185	-11.0437	-0.1010	-0.1883	-0.3941	-0.2179	0.7124	-0.0149	0.5196	0.4714	-0.0596	-0.0006	0.0447	
0.4023	-11.1303	-0.1672	-0.1860	-0.4484	-0.2631	0.7166	0.0036	0.5092	0.4786	-0.0487	-0.0005	0.0451	
0.5102	-11.2756	-0.2664	-0.0593	-0.5609	-0.3372	0.7068	0.0454	0.5126	0.4868	-0.0423	0.0110	0.0488	
0.5367	-11.3450	-0.2364	-0.0253	-0.5722	-0.2740	0.7062	0.0895	0.4977	0.4951	-0.0408	0.0135	0.0541	
0.6128	-11.3750	-0.3020	0.0531	-0.5461	-0.3099	0.7064	0.1131	0.4998	0.4895	-0.0390	0.0152	0.0498	
0.5879	-11.3641	-0.3430	0.0225	-0.4794	-0.3164	0.7015	0.1470	0.5060	0.4804	-0.0401	0.0204	0.0473	
0.6007	-11.4267	-0.3675	0.0316	-0.4915	-0.3085	0.7063	0.1906	0.5074	0.4554	-0.0466	0.0235	0.0453	
0.8066	-11.4960	-0.3518	0.2180	-0.5080	-0.2651	0.7127	0.2273	0.4989	0.4373	-0.0491	0.0222	0.0445	
0.8667	-11.5761	-0.3796	0.2499	-0.5344	-0.2648	0.6932	0.2729	0.5069	0.4340	-0.0473	0.0293	0.0454	
0.9547	-11.6657	-0.3627	0.3025	-0.5646	-0.2279	0.6800	0.3139	0.5043	0.4296	-0.0461	0.0319	0.0464	
1.0560	-11.7250	-0.4103	0.3604	-0.5663	-0.2482	0.6886	0.3443	0.4928	0.4061	-0.0496	0.0288	0.0447	
1.0781	-11.7743	-0.4484	0.3480	-0.5628	-0.2576	0.6754	0.3724	0.5025	0.3918	-0.0480	0.0324	0.0417	
1.1385	-11.8892	-0.4609	0.3654	-0.6068	-0.2472	0.6541	0.4115	0.5080	0.3804	-0.0466	0.0372	0.0416	
1.2334	-11.9887	-0.4732	0.4070	-0.6334	-0.2379	0.6392	0.4521	0.4979	0.3725	-0.0465	0.0376	0.0438	
1.3382	-12.0445	-0.5518	0.4491	-0.6304	-0.2741	0.6221	0.4773	0.5142	0.3494	-0.0451	0.0416	0.0398	
1.4154	-12.0752	-0.5799	0.4697	-0.6105	-0.2731	0.5977	0.5068	0.5182	0.3432	-0.0421	0.0438	0.0402	
1.5796	-12.1895	-0.5827	0.5448	-0.6421	-0.2574	0.5892	0.5428	0.5060	0.3191	-0.0452	0.0429	0.0401	
1.7265	-12.3088	-0.6147	0.6007	-0.6750	-0.2612	0.5749	0.5724	0.5011	0.3012	-0.0451	0.0427	0.0394	
1.8334	-12.3823	-0.6934	0.6277	-0.6785	-0.2908	0.5475	0.6091	0.4919	0.2949	-0.0439	0.0434	0.0427	
1.8967	-12.4713	-0.7999	0.6269	-0.6907	-0.3342	0.5229	0.6395	0.4879	0.2818	-0.0429	0.0444	0.0435	
1.9529	-12.5260	-0.8357	0.6231	-0.6836	-0.3348	0.4936	0.6687	0.4854	0.2712	-0.0411	0.0464	0.0447	
2.0507	-12.6233	-0.8668	0.6426	-0.6979	-0.3325	0.4620	0.7080	0.4717	0.2484	-0.0435	0.0493	0.0470	
2.1552	-12.7322	-0.8647	0.6632	-0.7175	-0.3145	0.4381	0.7335	0.4634	0.2357	-0.0421	0.0491	0.0469	
2.1739	-12.7480	-0.9157	0.6385	-0.6918	-0.3235	0.3980	0.7527	0.4734	0.2281	-0.0367	0.0523	0.0480	
2.2969	-12.8132	-0.9213	0.6670	-0.6904	-0.3109	0.3772	0.7655	0.4770	0.2137	-0.0339	0.0519	0.0453	
2.3918	-12.8493	-1.0070	0.6802	-0.6758	-0.3360	0.3470	0.7832	0.4803	0.1890	-0.0333	0.0544	0.0439	
2.4374	-12.9413	-1.0469	0.6694	-0.6869	-0.3386	0.3058	0.8016	0.4817	0.1789	-0.0296	0.0562	0.0460	
2.5274	-12.9950	-1.0800	0.6797	-0.6811	-0.3378	0.2612	0.8178	0.4870	0.1599	-0.0270	0.0601	0.0473	
2.6055	-13.0286	-1.1249	0.6832	-0.6673	-0.3425	0.2295	0.8275	0.4873	0.1633	-0.0232	0.0566	0.0484	
2.6878	-13.1198	-1.1605	0.6887	-0.6773	-0.3431	0.1968	0.8373	0.4863	0.1556	-0.0206	0.0556	0.0485	
2.7270	-13.1707	-1.1984	0.6760	-0.6710	-0.3445	0.1590	0.8442	0.4888	0.1542	-0.0169	0.0545	0.0500	
2.8379	-13.2434	-1.2696	0.6928	-0.6734	-0.3589	0.1193	0.8496	0.4900	0.1559	-0.0134	0.0527	0.0520	
2.9072	-13.3058	-1.3175	0.6926	-0.6718	-0.3633	0.0757	0.8585	0.4837	0.1518	-0.0123	0.0527	0.0545	
2.9842	-13.3681	-1.3388	0.6955	-0.6703	-0.3576	0.0325	0.8650	0.4777	0.1491	-0.0109	0.0526	0.0567	
3.0588	-13.4778	-1.3786	0.6975	-0.6852	-0.3592	0.0092	-0.8736	-0.4636	-0.1465	-0.0109	0.0531	0.0549	
3.1351	-13.5614	-1.4109	0.7001	-0.6901	-0.3579	0.0499	-0.8776	-0.4548	-0.1425	-0.0123	0.0528	0.0545	
3.2037	-13.6322	-1.4732	0.6997	-0.6903	-0.3672	0.0863	-0.8809	-0.4451	-0.1365	-0.0132	0.0521	0.0551	
3.3037	-13.6982	-1.5225	0.7103	-0.6892	-0.3714	0.1238	-0.8839	-0.4313	-0.1314	-0.0142	0.0511	0.0562	
3.4019	-13.7842	-1.5626	0.7196	-0.6948	-0.3722	0.1564	-0.8863	-0.4179	-0.1248	-0.0148	0.0500	0.0559	
3.5058	-13.8334	-1.6017	0.7304	-0.6879	-0.3732	0.1987	-0.8824	-0.4103	-0.1158	-0.0124	0.0504	0.0590	
3.5883	-13.8625	-1.6662	0.7333	-0.6758	-0.3817	0.2219	-0.8873	-0.3897	-0.1123	-0.0157	0.0474	0.0557	
3.6898	-13.9226	-1.6962	0.7423	-0.6734	-0.3791	0.2682	-0.8778	-0.3783	-0.1205	-0.0148	0.0442	0.0624	
3.7743	-14.0226	-1.7269	0.7455	-0.6833	-0.3766	0.2952	-0.8762	-0.3615	-0.1228	-0.0161	0.0413	0.0612	
3.8596	-14.0905	-1.7978	0.7487	-0.6828	-0.3868	0.3328	-0.8597	-0.3633	-0.1403	-0.0118	0.0350	0.0653	
3.9652	-14.1530	-1.8220	0.7579	-0.6813	-0.3825	0.3724	-0.8448	-0.3514	-0.1553	-0.0111	0.0316	0.0692	
4.0702	-14.2240	-1.8622	0.7665	-0.6821	-0.3831	0.3970	-0.8363	-0.3441	-0.1601	-0.0099	0.0294	0.0671	
4.1434	-14.2753	-1.8768	0.7654	-0.6774	-0.3763	0.4289	-0.8191	-0.3447	-0.1643	-0.0062	0.0278	0.0673	
4.2512	-14.3149	-1.8852	0.7743	-0.6698	-0.3681	0.4590	-0.8089	-0.3279	-0.1658	-0.0069	0.0282	0.0667	
4.3439	-14.3665	-1.9208	0.7786	-0.6657	-0.3679	0.4963	-0.7891	-0.3194	-0.1695	-0.0049	0.0278	0.0687	
4.4496	-14.4319	-1.9292	0.7861	-0.6658	-0.3602	0.5338	-0.7635	-0.3141	-0.1826	-0.0027	0.0255	0.0719	
4.5193	-14.5031	-1.9253	0.7836	-0.6671	-0.3495	0.5574	-0.7489	-0.3072	-0.1870	-0.0020	0.0243	0.0699	
4.6249	-14.5798	-1.9634	0.7907	-0.6696	-0.3503	0.5775	-0.7354	-0.2954	-0.1983	-0.0032	0.0218	0.0684	
4.7185	-14.6404	-1.9639	0.7945	-0.6683	-0.3414	0.6081	-0.7089	-0.2961	-0.2009	0.0008	0.0211	0.0692	
4.7818	-14.6939	-1.9890	0.7903	-0.6650	-0.3391	0.6377	-0.6865	-0.2849	-0.2020	0.0015	0.0213	0.0697	
4.8694	-14.7473	-2.0092	0.7924	-0.6619	-0.3358	0.6619	-0.6676	-0.2725	-0.2053	0.0012	0.0211	0.0688	
4.9492	-14.7658	-2.0196	0.7924	-0.6505	-0.3304	0.6856	-0.6380	-0.2701	-0.2247	0.0014	0.0171	0.0701	
5.0194	-14.8123	-2.0413	0.7901	-0.6463	-0.3277	0.7086	-0.6097	-0.2688	-0.2329	0.0031	0.0149	0.0704	
5.0937	-14.8540	-2.0747	0.7889	-0.6409	-0.3281	0.7294	-0.5816	-0.2586	-0.2509	0.0015	0.0121	0.0714	
5.1621	-14.9249	-2.1208	0.7865	-0.6424	-0.3312	0.7496	-0.5567	-0.2552	-0.2521	0.0035	0.0113	0.0705	
5.2505	-14.9846	-2.1515	0.7887	-0.6414	-0.3306	0.7641	-0.5392	-0.2429	-0.2594	0.0021	0.0110	0.0681	
5.3301	-15.0379	-2.1853	0.7889	-0.6390	-0.3308	0.7821	-0.5140	-0.2287	-0.2681	0.0009	0.0106	0.0683	
5.4069	-15.0873	-2.2311	0.7885	-0.6357	-0.3338	0.8028	-0.4809	-0.2238	-0.2721	0.0030	0.0091	0.0696	
5.5028	-15.1589	-2.2230	0.7921	-0.6377	-0.3247	0.8130	-0.4522	-0.2223	-0.2932	0.0021	0.0053	0.0688	
5.5837	-15.2321	-2.2643	0.7925	-0.6396	-0.3266	0.8335	-0.4136	-0.2146	-0.2963	0.0043	0.0044	0.0713	
5.6860	-15.2901	-2.2912	0.7974	-0.6384	-0.3254	0.8453	-0.3935	-0.1967	-0.3044	0.0021	0.0055	0.0694	
5.7605	-15.3476	-2.3301	0.7963	-0.6370	-0.3268	0.8558	-0.3632	-0.1808	-0.3209	-0.0008	0.0045	0.0703	
5.8352	-15.4141	-2.3591	0.7953	-0.6376	-0.3261	0.8646	-0.3246	-0.1889	-0.3347	0.0013	-0.0009	0.0707	
5.9211	-15.4843	-2.4031	0.7966	-0.6388	-0.3284	0.8790	-0.2843	-0.1733	-0.3405	0.0016	-0.0008	0.0735	
5.9951	-15.5437	-2.4447	0.7955	-0.6379	-0.3302	0.8956	-0.2599	-0.1643	-0.3235	0.0059	0.0015	0.0710	
6.1027	-15.6106	-2.4743	0.8011	-0.6385	-0.3296	0.9037	-0.2216	-0.1534	-0.3321	0.0055	0.0002	0.0724	
6.1923	-15.6893	-2.4820	0.8029	-0.6415	-0.3245	0.9128	-0.1842	-0.1498	-0.3324	0.0076	-0.0014	0.0723	
6.2897	-15.7243	-2.4938	0.8062	-0.6359	-0.3207	0.9167	-0.1476	-0.1410	-0.3435	0.0061	-0.0026	0.0728	
6.3576	-15.7830	-2.5384	0.8038	-0.6350	-0.3231	0.9210	-0.1124	-0.1347	-0.3479	0.0059	-0.0039	0.0729	
6.4432	-15.8603	-2.5773	0.8048	-0.6376	-0.3243	0.9255	-0.0927	-0.1252	-0.3471	0.0060	-0.0027	0.0691	
6.5236	-15.9253	-2.5956	0.8048	-0.6378	-0.3216	0.9228	-0.0511	-0.1219	-0.3619	0.0042	-0.0059	0.0707	
6.6209	-15.9782	-2.6363	0.8079	-0.6357	-0.3233	0.9227	-0.0160	-0.1114	-0.3688	0.0032	-0.0064	0.0712	
6.6852	-16.0351	-2.6879	0.8050	-0.6345	-0.3268	0.9222	0.0078	-0.1117	-0.3717	0.0030	-0.0078	0.0681	
6.7736	-16.1083	-2.6861	0.8063	-0.6363	-0.3205	0.9200	0.0575	-0.1059	-0.3719	0.0044	-0.0100	0.0713	
6.8435	-16.1523	-2.6982	0.8044	-0.6329	-0.3170	0.9129	0.0860	-0.1136	-0.3839	0.0024	-0.0134	0.0687	
6.9283	-16.2297	-2.7487	0.8052	-0.6353	-0.3203	0.9033	0.1097	-0.1190	-0.3989	-0.0004	-0.0160	0.0654	
7.0093	-16.2800	-2.7750	0.8053	-0.6330	-0.3193	0.8931	0.1538	-0.1244	-0.4037	-0.0005	-0.0200	0.0673	
7.0974	-16.3388	-2.8147	0.8066	-0.6322	-0.3206	0.8831	0.1905	-0.1188	-0.4118	-0.0017	-0.0204	0.0683	
7.1786	-16.4135	-2.8318	0.8067	-0.6342	-0.3180	0.8750	0.2237	-0.1275	-0.4105	-0.0007	-0.0235	0.0665	
7.2748	-16.4578	-2.8590	0.8093	-0.6310	-0.3173	0.8580	0.2720	-0.1278	-0.4156	-0.0016	-0.0264	0.0699	
7.3644	-16.5288	-2.8874	0.8108	-0.6323	-0.3167	0.8345	0.3137	-0.1306	-0.4335	-0.0054	-0.0289	0.0714	
7.4517	-16.5814	-2.9322	0.8118	-0.6305	-0.3189	0.8136	0.3431	-0.1361	-0.4499	-0.0091	-0.0303	0.0699	
7.5322	-16.6424	-2.9770	0.8118	-0.6301	-0.3210	0.7946	0.3805	-0.1375	-0.4525	-0.0093	-0.0316	0.0704	
7.6112	-16.7048	-3.0216	0.8114	-0.6300	-0.3230	0.7806	0.4039	-0.1466	-0.4552	-0.0098	-0.0326	0.0667	
7.7024	-16.7692	-3.0375	0.8130	-0.6303	-0.3204	0.7607	0.4385	-0.1506	-0.4540	-0.0095	-0.0342	0.0667	
7.7765	-16.8331	-3.0609	0.8119	-0.6304	-0.3191	0.7430	0.4607	-0.1604	-0.4593	-0.0111	-0.0348	0.0634	
7.8683	-16.8861	-3.0904	0.8135	-0.6289	-0.3187	0.7207	0.4908	-0.1555	-0.4644	-0.0116	-0.0336	0.0643	
7.9548	-16.9233	-3.1398	0.8144	-0.6249	-0.3215	0.6950	0.5213	-0.1548	-0.4702	-0.0129	-0.0336	0.0653	
8.0416	-16.9633	-3.1677	0.8152	-0.6215	-0.3209	0.6669	0.5425	-0.1685	-0.4829	-0.0173	-0.0349	0.0631	
8.1307	-17.0195	-3.2091	0.8164	-0.6206	-0.3223	0.6350	0.5742	-0.1802	-0.4839	-0.0191	-0.0381	0.0635	
8.2024	-17.0775	-3.2413	0.8149	-0.6200	-0.3223	0.6016	0.6017	-0.1938	-0.4882	-0.0217	-0.0403	0.0632	
8.2856	-17.1329	-3.2632	0.8152	-0.6191	-0.3208	0.5784	0.6227	-0.1944	-0.4905	-0.0212	-0.0388	0.0620	
8.3715	-17.1898	-3.3013	0.8159	-0.6183	-0.3217	0.5493	0.6435	-0.2004	-0.4941	-0.0225	-0.0386	0.0610	
8.4461	-17.2590	-3.3345	0.8148	-0.6194	-0.3218	0.5148	0.6614	-0.2215	-0.4988	-0.0266	-0.0408	0.0587	
8.5414	-17.3200	-3.3826	0.8168	-0.6193	-0.3241	0.4720	0.6779	-0.2371	-0.5113	-0.0321	-0.0414	0.0582	
8.6206	-17.3930	-3.4295	0.8165	-0.6208	-0.3262	0.4452	0.6912	-0.2514	-0.5115	-0.0329	-0.0414	0.0551	
8.7184	-17.4477	-3.4469	0.8187	-0.6198	-0.3241	0.4144	0.7079	-0.2724	-0.5032	-0.0338	-0.0444	0.0531	
8.8046	-17.5203	-3.4652	0.8193	-0.6213	-0.3221	0.3774	0.7205	-0.2852	-0.5071	-0.0362	-0.0442	0.0525	
8.8807	-17.5888	-3.4877	0.8185	-0.6222	-0.3207	0.3464	0.7230	-0.3067	-0.5139	-0.0397	-0.0428	0.0491	
8.9697	-17.6550	-3.5287	0.8195	-0.6227	-0.3220	0.3149	0.7303	-0.3189	-0.5159	-0.0407	-0.0418	0.0476	
9.0490	-17.7190	-3.5626	0.8191	-0.6229	-0.3222	0.2765	0.7427	-0.3265	-0.5149	-0.0409	-0.0420	0.0483	
9.1298	-17.7749	-3.5919	0.8190	-0.6221	-0.3218	0.2411	0.7425	-0.3463	-0.5206	-0.0443	-0.0407	0.0464	
9.2051	-17.8208	-3.6214	0.8181	-0.6200	-0.3215	0.2069	0.7456	-0.3658	-0.5173	-0.0458	-0.0413	0.0447	
9.2907	-17.8749	-3.6560	0.8186	-0.6189	-0.3218	0.1590	0.7549	-0.3758	-0.5126	-0.0472	-0.0431	0.0466	
9.3641	-17.9374	-3.6954	0.8176	-0.6190	-0.3228	0.1328	0.7538	-0.3850	-0.5168	-0.0466	-0.0397	0.0445	
9.4303	-17.9803	-3.7239	0.8156	-0.6166	-0.3223	0.0944	0.7564	-0.3856	-0.5200	-0.0458	-0.0380	0.0460	
9.5078	-18.0374	-3.7475	0.8151	-0.6160	-0.3212	0.0663	0.7479	-0.4068	-0.5212	-0.0481	-0.0361	0.0428	
9.6011	-18.1249	-3.7884	0.8165	-0.6192	-0.3223	0.0179	0.7350	-0.4229	-0.5295	-0.0430	-0.0385	0.0412	
9.6860	-18.1829	-3.8180	0.8170	-0.6187	-0.3220	0.0144	-0.7351	0.4250	0.5283	-0.0424	-0.0373	0.0414	
9.7653	-18.2376	-3.8400	0.8167	-0.6179	-0.3207	0.0509	-0.7316	0.4284	0.5278	-0.0430	-0.0362	0.0422	
9.8478	-18.2949	-3.8722	0.8168	-0.6173	-0.3207	0.0900	-0.7306	0.4223	0.5289	-0.0422	-0.0350	0.0445	
9.9270	-18.3571	-3.9187	0.8165	-0.6174	-0.3225	0.1293	-0.7183	0.4283	0.5328	-0.0449	-0.0324	0.0454	
10.0022	-18.4083	-3.9620	0.8157	-0.6161	-0.3239	0.1686	-0.7086	0.4213	0.5404	-0.0446	-0.0294	0.0480	
10.0860	-18.4662	-3.9953	0.8160	-0.6156	-0.3240	0.1881	-0.6957	0.4310	0.5444	-0.0445	-0.0257	0.0451	
10.1628	-18.5294	-4.0176	0.8154	-0.6158	-0.3228	0.2356	-0.6730	0.4372	0.5476	-0.0493	-0.0241	0.0477	
10.2430	-18.5947	-4.0530	0.8153	-0.6163	-0.3232	0.2634	-0.6554	0.4440	0.5519	-0.0499	-0.0212	0.0468	
10.3296	-18.6521	-4.0888	0.8159	-0.6158	-0.3236	0.2924	-0.6364	0.4495	0.5547	-0.0507	-0.0187	0.0463	
10.4153	-18.7129	-4.1227	0.8163	-0.6157	-0.3238	0.3172	-0.6126	0.4612	0.5586	-0.0522	-0.0153	0.0447	
10.4891	-18.7692	-4.1651	0.8154	-0.6150	-0.3250	0.3405	-0.5836	0.4636	0.5740	-0.0519	-0.0096	0.0457	
10.5847	-18.8281	-4.1979	0.8171	-0.6147	-0.3250	0.3705	-0.5567	0.4689	0.5769	-0.0536	-0.0076	0.0460	
10.6678	-18.8848	-4.2410	0.8172	-0.6141	-0.3263	0.3980	-0.5291	0.4773	0.5777	-0.0554	-0.0056	0.0453	
10.7532	-18.9321	-4.2650	0.8177	-0.6125	-0.3253	0.4261	-0.5105	0.4894	0.5646	-0.0574	-0.0074	0.0421	
10.8397	-19.0014	-4.3020	0.8182	-0.6134	-0.3258	0.4435	-0.4771	0.4950	0.5758	-0.0569	-0.0023	0.0426	
10.9133	-19.0621	-4.3312	0.8173	-0.6134	-0.3254	0.4702	-0.4467	0.4995	0.5741	-0.0584	-0.0012	0.0427	
11.0020	-19.1254	-4.3677	0.8180	-0.6136	-0.3259	0.4952	-0.4320	0.4933	0.5705	-0.0559	-0.0027	0.0426	
11.0764	-19.1886	-4.4016	0.8172	-0.6138	-0.3260	0.5096	-0.4061	0.5027	0.5688	-0.0559	-0.0006	0.0402	
11.1680	-19.2526	-4.4341	0.8183	-0.6141	-0.3260	0.5391	-0.3751	0.5050	0.5595	-0.0585	-0.0006	0.0406	
11.2454	-19.3167	-4.4673	0.8178	-0.6144	-0.3260	0.5536	-0.3536	0.5145	0.5520	-0.0581	0.0002	0.0373	
11.3389	-19.3716	-4.5015	0.8191	-0.6136	-0.3263	0.5810	-0.3255	0.5087	0.5454	-0.0584	-0.0004	0.0390	
11.4368	-19.4327	-4.5362	0.8208	-0.6136	-0.3265	0.5929	-0.2785	0.5258	0.5431	-0.0614	0.0054	0.0381	
11.5190	-19.5070	-4.5786	0.8208	-0.6149	-0.3275	0.5960	-0.2593	0.5352	0.5412	-0.0582	0.0073	0.0345	
11.5956	-19.5710	-4.6110	0.8202	-0.6152	-0.3274	0.6111	-0.2196	0.5409	0.5342	-0.0602	0.0096	0.0348	
11.6669	-19.6307	-4.6460	0.8191	-0.6150	-0.3277	0.6193	-0.1903	0.5488	0.5287	-0.0596	0.0115	0.0330	
11.7545	-19.6786	-4.6905	0.8197	-0.6136	-0.3289	0.6310	-0.1611	0.5537	0.5191	-0.0595	0.0123	0.0319	
11.8468	-19.7471	-4.7263	0.8208	-0.6143	-0.3292	0.6504	-0.1275	0.5491	0.5089	-0.0604	0.0116	0.0335	
11.9330	-19.8147	-4.7655	0.8212	-0.6149	-0.3299	0.6610	-0.0902	0.5477	0.5049	-0.0601	0.0130	0.0349	
12.0207	-19.8700	-4.8049	0.8217	-0.6143	-0.3305	0.6788	-0.0526	0.5486	0.4847	-0.0634	0.0132	0.0345	
12.0961	-19.9268	-4.8334	0.8211	-0.6138	-0.3301	0.6885	-0.0188	0.5470	0.4758	-0.0630	0.0138	0.0346	
12.1800	-19.9868	-4.8863	0.8213	-0.6136	-0.3321	0.6955	0.0129	0.5449	0.4685	-0.0617	0.0145	0.0351	
12.2590	-20.0486	-4.9160	0.8209	-0.6137	-0.3317	0.7028	0.0496	0.5438	0.4557	-0.0624	0.0157	0.0350	
12.3409	-20.0989	-4.9489	0.8209	-0.6126	-0.3317	0.7067	0.0757	0.5476	0.4424	-0.0611	0.0166	0.0326	
12.4303	-20.1554	-4.9788	0.8216	-0.6121	-0.3314	0.7113	0.1062	0.5440	0.4326	-0.0600	0.0167	0.0326	
12.5111	-20.2200	-5.0007	0.8215	-0.6125	-0.3303	0.7190	0.1475	0.5329	0.4204	-0.0614	0.0166	0.0349	
12.5913	-20.2823	-5.0353	0.8213	-0.6126	-0.3304	0.7102	0.1788	0.5404	0.4158	-0.0584	0.0205	0.0336	
12.6682	-20.3461	-5.0641	0.8208	-0.6128	-0.3300	0.7135	0.2110	0.5296	0.4074	-0.0577	0.0194	0.0348	
12.7588	-20.3982	-5.1000	0.8216	-0.6120	-0.3303	0.7146	0.2383	0.5362	0.3815	-0.0588	0.0215	0.0313	
12.8390	-20.4621	-5.1343	0.8214	-0.6122	-0.3304	0.7134	0.2687	0.5306	0.3708	-0.0577	0.0216	0.0316	
12.9150	-20.5278	-5.1567	0.8209	-0.6127	-0.3294	0.7073	0.3051	0.5335	0.3491	-0.0590	0.0251	0.0306	
12.9973	-20.5811	-5.1863	0.8209	-0.6119	-0.3291	0.6964	0.3500	0.5335	0.3277	-0.0610	0.0292	0.0317	
13.0878	-20.6533	-5.2335	0.8217	-0.6129	-0.3304	0.6887	0.3812	0.5311	0.3139	-0.0595	0.0298	0.0318	
13.1718	-20.7158	-5.2656	0.8218	-0.6130	-0.3303	0.6798	0.4109	0.5298	0.2978	-0.0584	0.0309	0.0313	
13.2427	-20.7800	-5.2961	0.8208	-0.6133	-0.3301	0.6572	0.4385	0.5428	0.2872	-0.0543	0.0359	0.0303	
13.3352	-20.8457	-5.3277	0.8217	-0.6137	-0.3300	0.6305	0.4808	0.5430	0.2761	-0.0533	0.0401	0.0333	
13.4167	-20.9038	-5.3659	0.8217	-0.6134	-0.3304	0.6013	0.5257	0.5387	0.2672	-0.0527	0.0436	0.0374	
13.5022	-20.9658	-5.4074	0.8220	-0.6134	-0.3312	0.5782	0.5644	0.5334	0.2491	-0.0534	0.0456	0.0390	
13.5862	-21.0304	-5.4562	0.8221	-0.6137	-0.3326	0.5519	0.6011	0.5260	0.2392	-0.0523	0.0465	0.0416	
13.6750	-21.0927	-5.4879	0.8227	-0.6138	-0.3325	0.5292	0.6281	0.5202	0.2359	-0.0490	0.0456	0.0428	
13.7594	-21.1545	-5.5211	0.8229	-0.6139	-0.3325	0.5007	0.6506	0.5281	0.2190	-0.0458	0.0488	0.0415	
13.8511	-21.2112	-5.5583	0.8237	-0.6134	-0.3328	0.4676	0.6672	0.5418	0.2105	-0.0399	0.0516	0.0409	
13.9223	-21.2774	-5.5834	0.8227	-0.6139	-0.3321	0.4383	0.6917	0.5366	0.2045	-0.0378	0.0515	0.0423	
14.0015	-21.3379	-5.6223	0.8225	-0.6138	-0.3326	0.4105	0.7124	0.5361	0.1918	-0.0362	0.0521	0.0422	
14.0795	-21.3915	-5.6438	0.8221	-0.6131	-0.3316	0.3747	0.7320	0.5348	0.1963	-0.0317	0.0515	0.0451	
14.1592	-21.4501	-5.6771	0.8219	-0.6129	-0.3316	0.3398	0.7573	0.5265	0.1823	-0.0323	0.0530	0.0465	
14.2415	-21.5118	-5.7031	0.8219	-0.6129	-0.3310	0.3152	0.7773	0.5163	0.1742	-0.0322	0.0512	0.0464	
14.3341	-21.5749	-5.7395	0.8228	-0.6131	-0.3312	0.2724	0.7989	0.5099	0.1645	-0.0309	0.0532	0.0491	
14.4126	-21.6317	-5.7731	0.8225	-0.6127	-0.3313	0.2269	0.8132	0.5121	0.1582	-0.0271	0.0552	0.0514	
14.4925	-21.6856	-5.8123	0.8223	-0.6121	-0.3318	0.1896	0.8240	0.5118	0.1536	-0.0242	0.0548	0.0522	
14.5878	-21.7534	-5.8482	0.8233	-0.6126	-0.3320	0.1534	0.8397	0.4994	0.1485	-0.0241	0.0537	0.0536	
14.6767	-21.8236	-5.8818	0.8239	-0.6134	-0.3321	0.1165	0.8496	0.4946	0.1420	-0.0221	0.0535	0.0543	
14.7489	-21.8854	-5.9045	0.8230	-0.6134	-0.3312	0.0696	0.8631	0.4765	0.1524	-0.0212	0.0508	0.0595	
14.8296	-21.9428	-5.9424	0.8229	-0.6131	-0.3316	0.0338	0.8714	0.4662	0.1502	-0.0228	0.0518	0.0591	
14.9109	-22.0041	-5.9727	0.8228	-0.6131	-0.3313	0.0029	-0.8785	-0.4581	-0.1361	-0.0220	0.0531	0.0583	
14.9948	-22.0641	-6.0038	0.8230	-0.6130	-0.3312	0.0456	-0.8810	-0.4554	-0.1208	-0.0195	0.0555	0.0583	
15.0839	-22.1282	-6.0478	0.8235	-0.6132	-0.3321	0.0839	-0.8809	-0.4524	-0.1134	-0.0169	0.0551	0.0585	
15.1668	-22.1962	-6.0776	0.8236	-0.6138	-0.3318	0.1233	-0.8739	-0.4563	-0.1199	-0.0120	0.0519	0.0603	
15.2492	-22.2606	-6.1100	0.8236	-0.6140	-0.3317	0.1547	-0.8724	-0.4482	-0.1227	-0.0111	0.0488	0.0603	
15.3373	-22.3254	-6.1477	0.8240	-0.6143	-0.3321	0.1861	-0.8756	-0.4268	-0.1312	-0.0132	0.0446	0.0614	
15.4183	-22.3936	-6.1750	0.8239	-0.6148	-0.3316	0.2226	-0.8706	-0.4203	-0.1268	-0.0113	0.0446	0.0616	
15.5013	-22.4563	-6.2064	0.8239	-0.6149	-0.3315	0.2624	-0.8609	-0.4176	-0.1265	-0.0083	0.0440	0.0629	
15.5782	-22.5153	-6.2359	0.8235	-0.6147	-0.3312	0.2879	-0.8542	-0.4153	-0.1277	-0.0068	0.0414	0.0611	
15.6545	-22.5759	-6.2650	0.8230	-0.6147	-0.3309	0.3242	-0.8443	-0.4097	-0.1192	-0.0048	0.0425	0.0610	
15.7351	-22.6347	-6.2972	0.8229	-0.6145	-0.3308	0.3600	-0.8368	-0.3940	-0.1218	-0.0057	0.0412	0.0623	
15.8197	-22.6957	-6.3382	0.8231	-0.6144	-0.3314	0.3958	-0.8195	-0.3955	-0.1266	-0.0023	0.0390	0.0638	
15.9013	-22.7539	-6.3798	0.8230	-0.6141	-0.3321	0.4185	-0.8114	-0.3877	-0.1315	-0.0027	0.0360	0.0621	
15.9863	-22.8116	-6.4129	0.8232	-0.6139	-0.3321	0.4454	-0.8000	-0.3823	-0.1268	-0.0014	0.0359	0.0605	
16.0692	-22.8756	-6.4507	0.8233	-0.6141	-0.3324	0.4685	-0.7905	-0.3728	-0.1321	-0.0020	0.0333	0.0595	
16.1546	-22.9318	-6.4823	0.8235	-0.6137	-0.3323	0.5070	-0.7756	-0.3482	-0.1396	-0.0044	0.0331	0.0630	
16.2306	-22.9903	-6.5166	0.8230	-0.6134	-0.3324	0.5290	-0.7594	-0.3504	-0.1480	-0.0024	0.0295	0.0620	
16.3065	-23.0544	-6.5489	0.8225	-0.6137	-0.3323	0.5575	-0.7365	-0.3494	-0.1583	-0.0003	0.0265	0.0636	
16.3875	-23.1206	-6.5732	0.8225	-0.6140	-0.3316	0.5773	-0.7215	-0.3469	-0.1634	0.0007	0.0245	0.0618	
16.4679	-23.1734	-6.6073	0.8223	-0.6134	-0.3317	0.5952	-0.7045	-0.3449	-0.1772	0.0007	0.0208	0.0610	
16.5397	-23.2324	-6.6412	0.8215	-0.6132	-0.3318	0.6301	-0.6773	-0.3305	-0.1855	0.0008	0.0206	0.0649	
16.6134	-23.2848	-6.6740	0.8209	-0.6126	-0.3317	0.6591	-0.6511	-0.3180	-0.2007	0.0000	0.0187	0.0676	
16.6961	-23.3432	-6.7093	0.8210	-0.6123	-0.3319	0.6871	-0.6238	-0.3110	-0.2045	0.0020	0.0184	0.0688	
16.7808	-23.4094	-6.7447	0.8212	-0.6127	-0.3321	0.7111	-0.6075	-0.2927	-0.2002	0.0016	0.0205	0.0674	
16.8691	-23.4673	-6.7730	0.8216	-0.6125	-0.3317	0.7312	-0.5869	-0.2789	-0.2082	0.0005	0.0197	0.0669	
16.9549	-23.5270	-6.8057	0.8219	-0.6123	-0.3317	0.7502	-0.5589	-0.2644	-0.2350	-0.0028	0.0158	0.0692	
17.0359	-23.5825	-6.8417	0.8218	-0.6119	-0.3319	0.7729	-0.5285	-0.2524	-0.2436	-0.0022	0.0149	0.0707	
17.1177	-23.6347	-6.8672	0.8218	-0.6113	-0.3313	0.7906	-0.5012	-0.2517	-0.2472	0.0006	0.0132	0.0697	
17.1970	-23.6975	-6.9023	0.8216	-0.6114	-0.3315	0.8125	-0.4669	-0.2364	-0.2559	0.0006	0.0127	0.0720	
17.2791	-23.7575	-6.9365	0.8215	-0.6113	-0.3316	0.8315	-0.4295	-0.2282	-0.2679	0.0013	0.0105	0.0742	
17.3655	-23.8072	-6.9620	0.8219	-0.6105	-0.3310	0.8410	-0.3999	-0.2319	-0.2832	0.0020	0.0063	0.0727	
17.4433	-23.8651	-6.9878	0.8215	-0.6103	-0.3305	0.8530	-0.3667	-0.2204	-0.2986	0.0006	0.0048	0.0734	
17.5305	-23.9284	-7.0200	0.8219	-0.6105	-0.3305	0.8682	-0.3271	-0.2117	-0.3067	0.0019	0.0035	0.0752	
17.6154	-23.9912	-7.0540	0.8221	-0.6106	-0.3305	0.8839	-0.2905	-0.2015	-0.3061	0.0040	0.0035	0.0758	
17.6870	-24.0503	-7.0854	0.8214	-0.6104	-0.3304	0.8879	-0.2658	-0.2047	-0.3173	0.0038	0.0004	0.0725	
17.7698	-24.1123	-7.1212	0.8214	-0.6105	-0.3306	0.8925	-0.2313	-0.1964	-0.3340	0.0020	-0.0016	0.0729	
17.8595	-24.1721	-7.1521	0.8219	-0.6104	-0.3304	0.8986	-0.2040	-0.1990	-0.3352	0.0041	-0.0036	0.0701	
17.9467	-24.2348	-7.1716	0.8223	-0.6106	-0.3295	0.9071	-0.1801	-0.1872	-0.3324	0.0051	-0.0017	0.0678	
18.0323	-24.2895	-7.2070	0.8225	-0.6101	-0.3297	0.9097	-0.1506	-0.1746	-0.3455	0.0028	-0.0018	0.0678	
18.1087	-24.3527	-7.2442	0.8221	-0.6103	-0.3300	0.9074	-0.1092	-0.1826	-0.3630	0.0022	-0.0078	0.0688	
18.1857	-24.4106	-7.2797	0.8217	-0.6100	-0.3301	0.9058	-0.0714	-0.1835	-0.3751	0.0018	-0.0109	0.0693	
18.2708	-24.4704	-7.3128	0.8219	-0.6100	-0.3302	0.9064	-0.0333	-0.1810	-0.3801	0.0026	-0.0126	0.0698	
18.3532	-24.5240	-7.3471	0.8220	-0.6095	-0.3302	0.9062	0.0100	-0.1753	-0.3840	0.0034	-0.0138	0.0718	
18.4291	-24.5849	-7.3787	0.8215	-0.6095	-0.3302	0.9165	0.0417	-0.1593	-0.3659	0.0078	-0.0101	0.0710	
18.5140	-24.6465	-7.4079	0.8217	-0.6095	-0.3299	0.9119	0.0842	-0.1630	-0.3671	0.0087	-0.0139	0.0716	
18.5964	-24.7055	-7.4404	0.8217	-0.6094	-0.3299	0.8995	0.1265	-0.1542	-0.3888	0.0045	-0.0151	0.0739	
18.6739	-24.7687	-7.4752	0.8214	-0.6095	-0.3300	0.8913	0.1498	-0.1608	-0.3986	0.0027	-0.0173	0.0697	
18.7531	-24.8304	-7.5049	0.8212	-0.6096	-0.3298	0.8840	0.1947	-0.1502	-0.3967	0.0040	-0.0174	0.0723	
18.8407	-24.8943	-7.5363	0.8216	-0.6098	-0.3297	0.8756	0.2393	-0.1444	-0.3933	0.0055	-0.0187	0.0741	
18.9237	-24.9533	-7.5680	0.8216	-0.6096	-0.3296	0.8632	0.2705	-0.1428	-0.4023	0.0035	-0.0196	0.0727	
19.0034	-25.0114	-7.6041	0.8215	-0.6095	-0.3298	0.8480	0.3013	-0.1477	-0.4111	0.0012	-0.0219	0.0709	
19.0848	-25.0741	-7.6378	0.8214	-0.6096	-0.3298	0.8384	0.3356	-0.1574	-0.4005	0.0033	-0.0254	0.0690	
19.1640	-25.1305	-7.6673	0.8213	-0.6093	-0.3296	0.8132	0.3698	-0.1696	-0.4168	-0.0015	-0.0293	0.0685	
19.2497	-25.1902	-7.6949	0.8215	-0.6092	-0.3293	0.7937	0.4080	-0.1738	-0.4160	-0.0016	-0.0315	0.0691	
19.3321	-25.2496	-7.7325	0.8215	-0.6091	-0.3296	0.7739	0.4434	-0.1751	-0.4166	-0.0019	-0.0326	0.0693	
19.4166	-25.3160	-7.7662	0.8216	-0.6095	-0.3296	0.7580	0.4701	-0.1805	-0.4152	-0.0022	-0.0333	0.0669	
19.4945	-25.3737	-7.8038	0.8214	-0.6093	-0.3299	0.7251	0.5069	-0.1948	-0.4232	-0.0060	-0.0374	0.0678	
19.5755	-25.4324	-7.8462	0.8213	-0.6091	-0.3305	0.7028	0.5302	-0.2046	-0.4288	-0.0083	-0.0380	0.0653	
19.6602	-25.4890	-7.8761	0.8215	-0.6088	-0.3303	0.6764	0.5578	-0.2162	-0.4297	-0.0100	-0.0399	0.0642	
19.7411	-25.5548	-7.9112	0.8214	-0.6091	-0.3304	0.6385	0.5895	-0.2218	-0.4418	-0.0138	-0.0409	0.0660	
19.8308	-25.6207	-7.9408	0.8219	-0.6095	-0.3302	0.6078	0.6187	-0.2253	-0.4437	-0.0146	-0.0414	0.0664	
19.9082	-25.6785	-7.9770	0.8216	-0.6093	-0.3304	0.5800	0.6402	-0.2328	-0.4472	-0.0161	-0.0412	0.0648	
19.9889	-25.7431	-8.0077	0.8215	-0.6095	-0.3303	0.5478	0.6606	-0.2339	-0.4573	-0.0184	-0.0395	0.0645	
20.0730	-25.8006	-8.0405	0.8216	-0.6093	-0.3302	0.5101	0.6798	-0.2452	-0.4665	-0.0223	-0.0400	0.0640	
20.1565	-25.8563	-8.0737	0.8217	-0.6090	-0.3303	0.4716	0.7012	-0.2549	-0.4698	-0.0247	-0.0411	0.0642	
20.2340	-25.9220	-8.1058	0.8214	-0.6093	-0.3302	0.4363	0.7155	-0.2686	-0.4753	-0.0277	-0.0413	0.0624	
20.3123	-25.9827	-8.1426	0.8212	-0.6092	-0.3304	0.3990	0.7270	-0.2875	-0.4796	-0.0314	-0.0421	0.0603	
20.4036	-26.0359	-8.1763	0.8217	-0.6088	-0.3305	0.3670	0.7276	-0.3089	-0.4919	-0.0364	-0.0403	0.0563	
20.4873	-26.0963	-8.2040	0.8218	-0.6088	-0.3301	0.3257	0.7363	-0.3160	-0.5018	-0.0388	-0.0389	0.0568	
20.5694	-26.1544	-8.2421	0.8218	-0.6086	-0.3305	0.2952	0.7377	-0.3320	-0.5093	-0.0411	-0.0371	0.0537	
20.6569	-26.2221	-8.2747	0.8221	-0.6090	-0.3304	0.2584	0.7471	-0.3494	-0.5031	-0.0422	-0.0396	0.0523	
20.7424	-26.2812	-8.3135	0.8223	-0.6089	-0.3308	0.2217	0.7483	-0.3571	-0.5136	-0.0440	-0.0368	0.0518	
20.8265	-26.3422	-8.3473	0.8224	-0.6089	-0.3308	0.1971	0.7532	-0.3668	-0.5103	-0.0424	-0.0363	0.0491	
20.9008	-26.4000	-8.3866	0.8220	-0.6087	-0.3312	0.1623	0.7548	-0.3778	-0.5112	-0.0433	-0.0357	0.0481	
20.9815	-26.4596	-8.4121	0.8219	-0.6086	-0.3307	0.1281	0.7551	-0.3850	-0.5151	-0.0439	-0.0343	0.0479	
21.0627	-26.5173	-8.4379	0.8218	-0.6085	-0.3303	0.1014	0.7471	-0.3960	-0.5252	-0.0451	-0.0305	0.0459	
21.1473	-26.5763	-8.4686	0.8220	-0.6083	-0.3302	0.0703	0.7464	-0.4126	-0.5176	-0.0459	-0.0322	0.0436	
21.2286	-26.6315	-8.4986	0.8219	-0.6080	-0.3300	0.0439	0.7435	-0.4292	-0.5116	-0.0463	-0.0326	0.0408	
21.3127	-26.6979	-8.5375	0.8220	-0.6083	-0.3303	0.0040	0.7412	-0.4356	-0.5105	-0.0452	-0.0327	0.0394	
21.3958	-26.7541	-8.5683	0.8221	-0.6081	-0.3302	0.0278	-0.7360	0.4434	0.5109	-0.0456	-0.0315	0.0393	
21.4820	-26.8148	-8.6068	0.8223	-0.6081	-0.3305	0.0631	-0.7261	0.4475	0.5183	-0.0467	-0.0286	0.0405	
21.5644	-26.8764	-8.6370	0.8223	-0.6081	-0.3304	0.0894	-0.7089	0.4591	0.5287	-0.0484	-0.0242	0.0397	
21.6443	-26.9365	-8.6681	0.8222	-0.6081	-0.3303	0.1163	-0.6969	0.4730	0.5267	-0.0495	-0.0234	0.0378	
21.7254	-26.9941	-8.6949	0.8221	-0.6079	-0.3299	0.1551	-0.6914	0.4666	0.5293	-0.0482	-0.0233	0.0408	
21.8085	-27.0557	-8.7338	0.8222	-0.6079	-0.3302	0.1794	-0.6853	0.4744	0.5231	-0.0474	-0.0236	0.0387	
21.8922	-27.1179	-8.7715	0.8222	-0.6080	-0.3305	0.2234	-0.6696	0.4767	0.5233	-0.0499	-0.0233	0.0414	
21.9788	-27.1758	-8.7983	0.8225	-0.6079	-0.3302	0.2616	-0.6479	0.4763	0.5337	-0.0512	-0.0201	0.0444	
22.0600	-27.2330	-8.8335	0.8224	-0.6077	-0.3303	0.3026	-0.6317	0.4768	0.5306	-0.0525	-0.0206	0.0460	
22.1460	-27.2907	-8.8661	0.8226	-0.6075	-0.3303	0.3273	-0.6032	0.4970	0.5318	-0.0558	-0.0171	0.0434	
22.2275	-27.3535	-8.9000	0.8226	-0.6076	-0.3303	0.3553	-0.5782	0.5031	0.5353	-0.0565	-0.0146	0.0435	
22.3126	-27.4130	-8.9364	0.8228	-0.6075	-0.3305	0.3904	-0.5552	0.4974	0.5402	-0.0560	-0.0131	0.0463	
22.3932	-27.4691	-8.9716	0.8227	-0.6073	-0.3306	0.4217	-0.5360	0.5092	0.5251	-0.0586	-0.0149	0.0435	
22.4744	-27.5292	-9.0038	0.8226	-0.6072	-0.3306	0.4494	-0.5090	0.5107	0.5276	-0.0585	-0.0127	0.0443	
22.5550	-27.5935	-9.0328	0.8225	-0.6074	-0.3303	0.4712	-0.4881	0.5088	0.5306	-0.0563	-0.0110	0.0444	
22.6352	-27.6531	-9.0651	0.8224	-0.6074	-0.3303	0.4980	-0.4601	0.5088	0.5305	-0.0566	-0.0096	0.0451	
22.7188	-27.7164	-9.1011	0.8225	-0.6075	-0.3305	0.5218	-0.4349	0.5071	0.5307	-0.0558	-0.0083	0.0454	
22.7997	-27.7744	-9.1337	0.8224	-0.6074	-0.3304	0.5407	-0.4160	0.5081	0.5265	-0.0544	-0.0080	0.0435	
22.8848	-27.8361	-9.1686	0.8226	-0.6074	-0.3305	0.5608	-0.3872	0.5192	0.5162	-0.0568	-0.0065	0.0410	
22.9612	-27.8953	-9.2022	0.8222	-0.6073	-0.3306	0.5823	-0.3515	0.5274	0.5090	-0.0594	-0.0043	0.0404	
23.0468	-27.9571	-9.2387	0.8224	-0.6074	-0.3308	0.5966	-0.3265	0.5354	0.5015	-0.0592	-0.0028	0.0379	
23.1253	-28.0212	-9.2725	0.8222	-0.6076	-0.3308	0.6059	-0.3032	0.5501	0.4894	-0.0596	-0.0009	0.0335	
23.2056	-28.0837	-9.3101	0.8221	-0.6077	-0.3310	0.6253	-0.2655	0.5549	0.4797	-0.0619	0.0008	0.0342	
23.2905	-28.1411	-9.3414	0.8223	-0.6075	-0.3309	0.6408	-0.2267	0.5556	0.4788	-0.0619	0.0031	0.0361	
23.3696	-28.2079	-9.3781	0.8221	-0.6078	-0.3311	0.6467	-0.1897	0.5629	0.4791	-0.0611	0.0069	0.0360	
23.4525	-28.2689	-9.4078	0.8221	-0.6078	-0.3309	0.6603	-0.1695	0.5588	0.4731	-0.0585	0.0057	0.0352	
23.5303	-28.3277	-9.4425	0.8219	-0.6077	-0.3310	0.6723	-0.1377	0.5549	0.4704	-0.0575	0.0063	0.0364	
23.6126	-28.3842	-9.4743	0.8219	-0.6075	-0.3310	0.6812	-0.1062	0.5584	0.4616	-0.0577	0.0078	0.0353	
23.6934	-28.4459	-9.5122	0.8218	-0.6075	-0.3312	0.6865	-0.0758	0.5623	0.4552	-0.0569	0.0097	0.0344	
23.7747	-28.5047	-9.5464	0.8218	-0.6074	-0.3313	0.7002	-0.0320	0.5639	0.4360	-0.0612	0.0112	0.0347	
23.8584	-28.5628	-9.5782	0.8219	-0.6073	-0.3312	0.6993	-0.0030	0.5730	0.4285	-0.0595	0.0141	0.0324	
23.9436	-28.6199	-9.6086	0.8220	-0.6071	-0.3311	0.7052	0.0335	0.5714	0.4182	-0.0599	0.0150	0.0330	
24.0250	-28.6752	-9.6373	0.8220	-0.6068	-0.3308	0.7080	0.0585	0.5758	0.4055	-0.0587	0.0159	0.0306	
24.1062	-28.7352	-9.6688	0.8219	-0.6068	-0.3308	0.7005	0.1034	0.5831	0.3984	-0.0591	0.0207	0.0315	
24.1884	-28.7988	-9.7028	0.8219	-0.6069	-0.3308	0.6993	0.1463	0.5822	0.3875	-0.0601	0.0227	0.0329	
24.2722	-28.8624	-9.7363	0.8220	-0.6071	-0.3308	0.7035	0.1827	0.5782	0.3702	-0.0615	0.0226	0.0330	
24.3543	-28.9226	-9.7691	0.8220	-0.6071	-0.3308	0.7044	0.2285	0.5745	0.3474	-0.0649	0.0242	0.0337	
24.4416	-28.9802	-9.8072	0.8223	-0.6069	-0.3311	0.7031	0.2620	0.5650	0.3440	-0.0625	0.0231	0.0356	
24.5266	-29.0416	-9.8380	0.8224	-0.6069	-0.3309	0.6939	0.3007	0.5621	0.3349	-0.0615	0.0252	0.0365	
24.6114	-29.1087	-9.8710	0.8225	-0.6073	-0.3309	0.6822	0.3309	0.5639	0.3287	-0.0583	0.0271	0.0360	
24.6920	-29.1698	-9.9016	0.8225	-0.6073	-0.3308	0.6754	0.3596	0.5644	0.3104	-0.0579	0.0284	0.0341	
24.7760	-29.2290	-9.9325	0.8225	-0.6072	-0.3307	0.6564	0.3989	0.5674	0.2967	-0.0573	0.0327	0.0348	
24.8636	-29.2888	-9.9624	0.8228	-0.6072	-0.3305	0.6413	0.4377	0.5615	0.2858	-0.0570	0.0341	0.0364	
24.9433	-29.3462	-9.9988	0.8227	-0.6070	-0.3307	0.6117	0.4785	0.5642	0.2807	-0.0545	0.0389	0.0389	
25.0308	-29.4069	-10.0317	0.8229	-0.6070	-0.3307	0.5985	0.5100	0.5631	0.2541	-0.0559	0.0406	0.0369	
25.1131	-29.4637	-10.0701	0.8229	-0.6068	-0.3310	0.5706	0.5414	0.5640	0.2530	-0.0517	0.0426	0.0390	
25.1947	-29.5232	-10.1089	0.8229	-0.6067	-0.3312	0.5576	0.5710	0.5575	0.2286	-0.0533	0.0427	0.0375	
25.2751	-29.5788	-10.1447	0.8228	-0.6065	-0.3314	0.5376	0.5960	0.5604	0.2054	-0.0525	0.0450	0.0356	
25.3564	-29.6388	-10.1803	0.8228	-0.6065	-0.3315	0.5036	0.6296	0.5592	0.1924	-0.0509	0.0484	0.0378	
25.4412	-29.7009	-10.2181	0.8229	-0.6065	-0.3317	0.4690	0.6564	0.5625	0.1818	-0.0475	0.0512	0.0392	
25.5243	-29.7619	-10.2501	0.8229	-0.6066	-0.3317	0.4371	0.6826	0.5600	0.1719	-0.0453	0.0524	0.0407	
25.6089	-29.8241	-10.2843	0.8230	-0.6066	-0.3317	0.4035	0.7105	0.5521	0.1661	-0.0436	0.0525	0.0432	
25.6897	-29.8884	-10.3221	0.8230	-0.6068	-0.3319	0.3649	0.7382	0.5446	0.1583	-0.0421	0.0537	0.0460	
25.7729	-29.9485	-10.3569	0.8230	-0.6068	-0.3320	0.3226	0.7640	0.5389	0.1458	-0.0408	0.0562	0.0483	
25.8570	-30.0053	-10.3933	0.8231	-0.6066	-0.3322	0.2974	0.7816	0.5317	0.1377	-0.0393	0.0541	0.0477	
25.9428	-30.0611	-10.4270	0.8233	-0.6064	-0.3322	0.2647	0.7894	0.5398	0.1306	-0.0340	0.0544	0.0470	
26.0262	-30.1232	-10.4631	0.8233	-0.6064	-0.3323	0.2310	0.7976	0.5420	0.1348	-0.0288	0.0523	0.0483	
26.1076	-30.1855	-10.4981	0.8233	-0.6065	-0.3324	0.1964	0.8162	0.5268	0.1328	-0.0290	0.0507	0.0504	
26.1904	-30.2446	-10.5337	0.8233	-0.6064	-0.3325	0.1616	0.8212	0.5327	0.1304	-0.0243	0.0505	0.0506	
26.2757	-30.3045	-10.5638	0.8234	-0.6064	-0.3324	0.1208	0.8389	0.5136	0.1323	-0.0250	0.0492	0.0541	
26.3561	-30.3604	-10.6002	0.8233	-0.6062	-0.3325	0.0996	0.8492	0.5040	0.1268	-0.0251	0.0466	0.0519	
26.4327	-30.4227	-10.6303	0.8231	-0.6063	-0.3324	0.0545	0.8552	0.5017	0.1176	-0.0224	0.0493	0.0536	
26.5123	-30.4870	-10.6613	0.8229	-0.6064	-0.3323	0.0269	0.8595	0.4978	0.1172	-0.0249	0.0513	0.0544	
26.5903	-30.5478	-10.6872	0.8227	-0.6064	-0.3319	0.0144	-0.8636	-0.4934	-0.1027	-0.0228	0.0538	0.0546	
26.6711	-30.6044	-10.7184	0.8227	-0.6063	-0.3318	0.0452	-0.8677	-0.4856	-0.1001	-0.0216	0.0518	0.0542	
26.7571	-30.6644	-10.7536	0.8228	-0.6062	-0.3319	0.0833	-0.8700	-0.4762	-0.0978	-0.0202	0.0509	0.0555	
26.8404	-30.7260	-10.7887	0.8229	-0.6063	-0.3320	0.1161	-0.8669	-0.4768	-0.0926	-0.0170	0.0501	0.0549	
26.9212	-30.7899	-10.8289	0.8228	-0.6064	-0.3323	0.1537	-0.8621	-0.4750	-0.0892	-0.0140	0.0496	0.0557	
27.0031	-30.8508	-10.8595	0.8228	-0.6064	-0.3322	0.1967	-0.8583	-0.4638	-0.0976	-0.0129	0.0473	0.0593	
27.0846	-30.9134	-10.8906	0.8228	-0.6065	-0.3321	0.2377	-0.8586	-0.4443	-0.0916	-0.0141	0.0482	0.0605	
27.1671	-30.9754	-10.9212	0.8228	-0.6066	-0.3320	0.2682	-0.8512	-0.4432	-0.0904	-0.0114	0.0465	0.0596	
27.2497	-31.0339	-10.9579	0.8228	-0.6065	-0.3322	0.3059	-0.8436	-0.4299	-0.1009	-0.0113	0.0434	0.0622	
27.3331	-31.0917	-10.9889	0.8228	-0.6063	-0.3321	0.3360	-0.8329	-0.4268	-0.1114	-0.0094	0.0397	0.0627	
27.4183	-31.1484	-11.0260	0.8230	-0.6062	-0.3322	0.3726	-0.8275	-0.4070	-0.1025	-0.0103	0.0418	0.0625	
27.4992	-31.2125	-11.0600	0.8229	-0.6063	-0.3323	0.4019	-0.8161	-0.4033	-0.1037	-0.0082	0.0401	0.0619	
27.5835	-31.2712	-11.0910	0.8230	-0.6062	-0.3322	0.4317	-0.7987	-0.4045	-0.1154	-0.0055	0.0363	0.0629	
27.6664	-31.3298	-11.1258	0.8230	-0.6062	-0.3322	0.4617	-0.7881	-0.3917	-0.1114	-0.0053	0.0368	0.0621	
27.7502	-31.3885	-11.1558	0.8231	-0.6061	-0.3321	0.4982	-0.7631	-0.3934	-0.1233	-0.0018	0.0340	0.0653	
27.8370	-31.4500	-11.1893	0.8233	-0.6061	-0.3321	0.5287	-0.7408	-0.3936	-0.1313	0.0008	0.0317	0.0664	
27.9163	-31.5061	-11.2233	0.8232	-0.6059	-0.3321	0.5619	-0.7271	-0.3656	-0.1479	-0.0039	0.0299	0.0688	
27.9984	-31.5690	-11.2545	0.8231	-0.6060	-0.3321	0.5971	-0.7080	-0.3478	-0.1447	-0.0034	0.0317	0.0696	
28.0802	-31.6330	-11.2899	0.8231	-0.6062	-0.3322	0.6174	-0.6947	-0.3393	-0.1490	-0.0033	0.0299	0.0672	
28.1597	-31.6921	-11.3225	0.8230	-0.6061	-0.3321	0.6292	-0.6809	-0.3424	-0.1600	-0.0022	0.0253	0.0637	
28.2407	-31.7464	-11.3586	0.8229	-0.6058	-0.3323	0.6557	-0.6579	-0.3367	-0.1549	0.0008	0.0260	0.0635	
28.3244	-31.8083	-11.3884	0.8230	-0.6059	-0.3321	0.6853	-0.6261	-0.3298	-0.1715	0.0014	0.0231	0.0672	
28.4072	-31.8683	-11.4217	0.8230	-0.6059	-0.3321	0.7133	-0.5988	-0.3156	-0.1809	0.0011	0.0224	0.0693	
28.4847	-31.9273	-11.4545	0.8228	-0.6058	-0.3321	0.7373	-0.5762	-0.3059	-0.1765	0.0029	0.0232	0.0683	
28.5659	-31.9818	-11.4852	0.8228	-0.6055	-0.3320	0.7567	-0.5483	-0.3077	-0.1813	0.0055	0.0207	0.0678	
28.6516	-32.0430	-11.5206	0.8229	-0.6055	-0.3321	0.7734	-0.5320	-0.2899	-0.1881	0.0028	0.0206	0.0661	
28.7319	-32.1039	-11.5546	0.8228	-0.6056	-0.3321	0.7961	-0.4956	-0.2855	-0.1974	0.0046	0.0183	0.0687	
28.8130	-32.1625	-11.5872	0.8228	-0.6055	-0.3321	0.8143	-0.4636	-0.2765	-0.2136	0.0035	0.0158	0.0703	
28.8932	-32.2216	-11.6157	0.8227	-0.6054	-0.3319	0.8272	-0.4481	-0.2513	-0.2296	-0.0018	0.0163	0.0686	
28.9735	-32.2812	-11.6484	0.8226	-0.6054	-0.3319	0.8401	-0.4189	-0.2550	-0.2337	0.0014	0.0132	0.0675	
29.0562	-32.3412	-11.6823	0.8226	-0.6054	-0.3319	0.8579	-0.3868	-0.2418	-0.2357	0.0025	0.0135	0.0686	
29.1346	-32.4022	-11.7133	0.8225	-0.6054	-0.3318	0.8669	-0.3530	-0.2433	-0.2556	0.0021	0.0087	0.0693	
29.2163	-32.4653	-11.7476	0.8224	-0.6055	-0.3319	0.8823	-0.3256	-0.2225	-0.2570	0.0016	0.0109	0.0693	
29.2999	-32.5250	-11.7877	0.8225	-0.6054	-0.3321	0.8904	-0.2975	-0.2157	-0.2693	0.0008	0.0088	0.0688	
29.3841	-32.5861	-11.8191	0.8226	-0.6055	-0.3321	0.8993	-0.2633	-0.2042	-0.2831	-0.0002	0.0074	0.0700	
29.4659	-32.6448	-11.8491	0.8226	-0.6054	-0.3319	0.9025	-0.2386	-0.2030	-0.2973	-0.0010	0.0045	0.0678	
29.5497	-32.7051	-11.8799	0.8226	-0.6054	-0.3318	0.9138	-0.2060	-0.1976	-0.2898	0.0029	0.0041	0.0674	
29.6343	-32.7664	-11.9175	0.8227	-0.6054	-0.3320	0.9194	-0.1715	-0.1929	-0.2966	0.0034	0.0022	0.0679	
29.7189	-32.8309	-11.9464	0.8228	-0.6056	-0.3318	0.9240	-0.1438	-0.1829	-0.3040	0.0027	0.0020	0.0670	
29.8026	-32.8893	-11.9767	0.8229	-0.6055	-0.3317	0.9288	-0.1053	-0.1791	-0.3065	0.0043	0.0000	0.0681	
29.8855	-32.9493	-12.0087	0.8229	-0.6055	-0.3317	0.9281	-0.0611	-0.1784	-0.3208	0.0036	-0.0037	0.0705	
29.9672	-33.0152	-12.0433	0.8229	-0.6057	-0.3317	0.9246	-0.0244	-0.1868	-0.3318	0.0037	-0.0085	0.0700	
30.0510	-33.0758	-12.0734	0.8229	-0.6057	-0.3316	0.9206	0.0285	-0.1916	-0.3383	0.0051	-0.0132	0.0735	
30.1338	-33.1309	-12.1074	0.8230	-0.6055	-0.3316	0.9151	0.0698	-0.1919	-0.3474	0.0046	-0.0155	0.0742	
30.2200	-33.1890	-12.1356	0.8231	-0.6054	-0.3314	0.9119	0.1051	-0.1840	-0.3517	0.0046	-0.0149	0.0740	
30.3025	-33.2460	-12.1664	0.8231	-0.6052	-0.3313	0.9085	0.1377	-0.1850	-0.3494	0.0059	-0.0161	0.0722	
30.3897	-33.3073	-12.2049	0.8233	-0.6053	-0.3316	0.9024	0.1659	-0.1797	-0.3556	0.0048	-0.0157	0.0704	
30.4748	-33.3675	-12.2420	0.8234	-0.6052	-0.3317	0.8962	0.1988	-0.1866	-0.3507	0.0064	-0.0185	0.0687	
30.5574	-33.4304	-12.2709	0.8234	-0.6053	-0.3315	0.8810	0.2446	-0.1831	-0.3605	0.0050	-0.0202	0.0715	
30.6358	-33.4925	-12.3048	0.8233	-0.6054	-0.3316	0.8725	0.2763	-0.1869	-0.3578	0.0057	-0.0217	0.0697	
30.7188	-33.5542	-12.3402	0.8233	-0.6054	-0.3317	0.8502	0.3182	-0.1777	-0.3798	0.0014	-0.0216	0.0729	
30.7991	-33.6153	-12.3707	0.8232	-0.6055	-0.3316	0.8201	0.3634	-0.1906	-0.3988	-0.0030	-0.0274	0.0749	
30.8812	-33.6784	-12.4003	0.8232	-0.6056	-0.3314	0.8006	0.3982	-0.2080	-0.3972	-0.0031	-0.0323	0.0728	
30.9664	-33.7409	-12.4315	0.8233	-0.6056	-0.3313	0.7861	0.4211	-0.2195	-0.3973	-0.0036	-0.0338	0.0685	
31.0507	-33.8014	-12.4639	0.8234	-0.6056	-0.3313	0.7612	0.4551	-0.2281	-0.4017	-0.0050	-0.0361	0.0685	
31.1338	-33.8588	-12.4959	0.8235	-0.6055	-0.3313	0.7364	0.4881	-0.2255	-0.4105	-0.0063	-0.0353	0.0695	
31.2143	-33.9133	-12.5308	0.8234	-0.6053	-0.3313	0.7096	0.5197	-0.2412	-0.4102	-0.0077	-0.0389	0.0684	
31.2943	-33.9742	-12.5643	0.8233	-0.6053	-0.3314	0.6744	0.5611	-0.2407	-0.4141	-0.0084	-0.0403	0.0718	
31.3779	-34.0326	-12.6005	0.8233	-0.6052	-0.3315	0.6523	0.5846	-0.2374	-0.4209	-0.0091	-0.0378	0.0703	
31.4592	-34.0880	-12.6266	0.8233	-0.6050	-0.3312	0.6207	0.6091	-0.2536	-0.4240	-0.0120	-0.0404	0.0685	
31.5429	-34.1522	-12.6578	0.8233	-0.6052	-0.3311	0.5927	0.6335	-0.2610	-0.4238	-0.0128	-0.0412	0.0671	
31.6247	-34.2105	-12.6933	0.8233	-0.6051	-0.3312	0.5624	0.6501	-0.2709	-0.4343	-0.0163	-0.0404	0.0650	
31.7110	-34.2748	-12.7252	0.8235	-0.6052	-0.3312	0.5298	0.6682	-0.2824	-0.4398	-0.0191	-0.0410	0.0634	
31.7927	-34.3316	-12.7566	0.8235	-0.6051	-0.3311	0.5018	0.6829	-0.3032	-0.4367	-0.0211	-0.0431	0.0600	
31.8744	-34.3901	-12.7877	0.8234	-0.6050	-0.3310	0.4650	0.6948	-0.3145	-0.4500	-0.0253	-0.0419	0.0592	
31.9603	-34.4498	-12.8191	0.8236	-0.6050	-0.3310	0.4361	0.7118	-0.3169	-0.4507	-0.0246	-0.0410	0.0586	
32.0443	-34.5082	-12.8501	0.8236	-0.6049	-0.3309	0.4089	0.7236	-0.3242	-0.4525	-0.0250	-0.0400	0.0567	
32.1268	-34.5683	-12.8854	0.8236	-0.6049	-0.3310	0.3706	0.7313	-0.3344	-0.4650	-0.0290	-0.0385	0.0564	
32.2070	-34.6269	-12.9157	0.8236	-0.6048	-0.3309	0.3351	0.7369	-0.3532	-0.4694	-0.0326	-0.0390	0.0544	
32.2921	-34.6860	-12.9452	0.8237	-0.6047	-0.3307	0.3020	0.7475	-0.3647	-0.4660	-0.0329	-0.0401	0.0533	
32.3720	-34.7444	-12.9825	0.8236	-0.6047	-0.3309	0.2618	0.7563	-0.3727	-0.4694	-0.0346	-0.0400	0.0539	
32.4542	-34.8064	-13.0125	0.8236	-0.6047	-0.3308	0.2283	0.7707	-0.3704	-0.4658	-0.0322	-0.0400	0.0545	
32.5372	-34.8664	-13.0477	0.8236	-0.6047	-0.3309	0.1874	0.7763	-0.3822	-0.4646	-0.0345	-0.0408	0.0543	
32.6146	-34.9292	-13.0836	0.8234	-0.6048	-0.3310	0.1472	0.7692	-0.4027	-0.4744	-0.0400	-0.0387	0.0528	
32.6968	-34.9927	-13.1167	0.8234	-0.6049	-0.3310	0.1158	0.7675	-0.4188	-0.4719	-0.0415	-0.0385	0.0502	
32.7808	-35.0544	-13.1518	0.8235	-0.6050	-0.3310	0.0878	0.7612	-0.4223	-0.4856	-0.0419	-0.0334	0.0494	
32.8616	-35.1168	-13.1851	0.8234	-0.6050	-0.3310	0.0443	0.7583	-0.4259	-0.4912	-0.0435	-0.0324	0.0510	
32.9422	-35.1730	-13.2209	0.8233	-0.6049	-0.3311	0.0157	0.7620	-0.4220	-0.4918	-0.0460	-0.0340	0.0512	
33.0206	-35.2314	-13.2547	0.8232	-0.6048	-0.3312	0.0243	-0.7574	0.4281	0.4923	-0.0468	-0.0335	0.0515	
33.1024	-35.2929	-13.2922	0.8232	-0.6048	-0.3313	0.0672	-0.7547	0.4324	0.4885	-0.0474	-0.0342	0.0522	
33.1883	-35.3535	-13.3242	0.8233	-0.6048	-0.3313	0.0956	-0.7446	0.4411	0.4928	-0.0477	-0.0313	0.0505	
33.2667	-35.4190	-13.3573	0.8232	-0.6050	-0.3313	0.1206	-0.7348	0.4558	0.4887	-0.0482	-0.0303	0.0471	
33.3497	-35.4783	-13.3880	0.8232	-0.6050	-0.3312	0.1543	-0.7212	0.4636	0.4913	-0.0493	-0.0283	0.0469	
33.4321	-35.5404	-13.4211	0.8232	-0.6050	-0.3312	0.1887	-0.7056	0.4797	0.4863	-0.0520	-0.0281	0.0453	
33.5135	-35.6016	-13.4526	0.8232	-0.6051	-0.3311	0.2258	-0.6900	0.4874	0.4849	-0.0534	-0.0273	0.0457	
33.5973	-35.6621	-13.4857	0.8232	-0.6051	-0.3311	0.2583	-0.6665	0.5034	0.4857	-0.0563	-0.0249	0.0448	
33.6761	-35.7211	-13.5158	0.8231	-0.6050	-0.3310	0.2998	-0.6462	0.5063	0.4856	-0.0576	-0.0242	0.0467	
33.7577	-35.7836	-13.5465	0.8230	-0.6051	-0.3309	0.3316	-0.6201	0.5204	0.4846	-0.0600	-0.0222	0.0458	
33.8393	-35.8428	-13.5777	0.8230	-0.6050	-0.3309	0.3528	-0.6081	0.5148	0.4924	-0.0552	-0.0194	0.0458	
33.9221	-35.9027	-13.6115	0.8230	-0.6050	-0.3309	0.3767	-0.5953	0.5219	0.4818	-0.0546	-0.0202	0.0428	
34.0013	-35.9657	-13.6427	0.8229	-0.6051	-0.3308	0.4062	-0.5624	0.5270	0.4911	-0.0560	-0.0160	0.0449	
34.0851	-36.0262	-13.6759	0.8230	-0.6051	-0.3308	0.4361	-0.5405	0.5303	0.4862	-0.0565	-0.0159	0.0446	
34.1677	-36.0871	-13.7087	0.8230	-0.6051	-0.3308	0.4620	-0.5174	0.5336	0.4841	-0.0564	-0.0148	0.0442	
34.2487	-36.1466	-13.7412	0.8229	-0.6051	-0.3308	0.4891	-0.4877	0.5352	0.4864	-0.0568	-0.0127	0.0454	
34.3360	-36.2077	-13.7732	0.8231	-0.6051	-0.3308	0.5053	-0.4580	0.5412	0.4928	-0.0559	-0.0089	0.0448	
34.4160	-36.2669	-13.8037	0.8230	-0.6051	-0.3307	0.5172	-0.4181	0.5569	0.4986	-0.0576	-0.0035	0.0434	
34.4960	-36.3263	-13.8381	0.8230	-0.6050	-0.3307	0.5427	-0.4004	0.5465	0.4971	-0.0548	-0.0051	0.0443	
34.5797	-36.3898	-13.8742	0.8230	-0.6051	-0.3308	0.5622	-0.3660	0.5494	0.4981	-0.0556	-0.0028	0.0448	
34.6613	-36.4497	-13.9066	0.8230	-0.6051	-0.3308	0.5814	-0.3356	0.5493	0.4977	-0.0555	-0.0017	0.0449	
34.7425	-36.5096	-13.9392	0.8229	-0.6051	-0.3308	0.6052	-0.3099	0.5475	0.4878	-0.0562	-0.0028	0.0440	
34.8247	-36.5710	-13.9695	0.8229	-0.6051	-0.3307	0.6178	-0.2813	0.5546	0.4818	-0.0565	-0.0010	0.0416	
34.9054	-36.6313	-14.0030	0.8229	-0.6051	-0.3307	0.6243	-0.2545	0.5680	0.4733	-0.0568	0.0016	0.0375	
34.9867	-36.6941	-14.0365	0.8229	-0.6052	-0.3307	0.6293	-0.2236	0.5765	0.4716	-0.0561	0.0048	0.0359	
35.0712	-36.7552	-14.0694	0.8229	-0.6052	-0.3307	0.6500	-0.1767	0.5762	0.4620	-0.0600	0.0060	0.0383	
35.1515	-36.8151	-14.1026	0.8229	-0.6052	-0.3307	0.6612	-0.1497	0.5836	0.4475	-0.0607	0.0066	0.0352	
35.2361	-36.8712	-14.1342	0.8229	-0.6050	-0.3307	0.6595	-0.1226	0.5986	0.4393	-0.0595	0.0102	0.0313	
35.3202	-36.9258	-14.1684	0.8230	-0.6048	-0.3307	0.6754	-0.0897	0.5957	0.4249	-0.0609	0.0093	0.0317	
35.4035	-36.9852	-14.2022	0.8230	-0.6048	-0.3307	0.6902	-0.0540	0.5932	0.4104	-0.0625	0.0089	0.0323	
35.4835	-37.0444	-14.2363	0.8230	-0.6047	-0.3308	0.7006	-0.0268	0.5874	0.4048	-0.0606	0.0081	0.0330	
35.5628	-37.1045	-14.2649	0.8229	-0.6047	-0.3306	0.7030	0.0164	0.5859	0.4028	-0.0605	0.0108	0.0351	
35.6427	-37.1633	-14.3005	0.8228	-0.6047	-0.3307	0.7031	0.0539	0.5924	0.3898	-0.0614	0.0140	0.0339	
35.7290	-37.2241	-14.3335	0.8229	-0.6047	-0.3307	0.7000	0.0880	0.5931	0.3887	-0.0589	0.0162	0.0344	
35.8129	-37.2833	-14.3643	0.8230	-0.6046	-0.3306	0.6993	0.1290	0.5955	0.3733	-0.0607	0.0187	0.0341	
35.8925	-37.3417	-14.3963	0.8229	-0.6046	-0.3306	0.6942	0.1697	0.6000	0.3595	-0.0616	0.0220	0.0336	
35.9716	-37.4035	-14.4336	0.8228	-0.6046	-0.3307	0.6894	0.2016	0.6019	0.3496	-0.0603	0.0235	0.0330	
36.0577	-37.4662	-14.4656	0.8229	-0.6047	-0.3307	0.6913	0.2335	0.5970	0.3335	-0.0606	0.0229	0.0324	
36.1389	-37.5233	-14.4993	0.8229	-0.6046	-0.3307	0.6866	0.2784	0.5874	0.3248	-0.0615	0.0236	0.0353	
36.2184	-37.5848	-14.5345	0.8228	-0.6046	-0.3308	0.6765	0.3118	0.5870	0.3179	-0.0595	0.0255	0.0355	
36.3041	-37.6460	-14.5665	0.8229	-0.6046	-0.3307	0.6713	0.3409	0.5862	0.2999	-0.0592	0.0263	0.0338	
36.3898	-37.7082	-14.6009	0.8230	-0.6047	-0.3308	0.6512	0.3763	0.5908	0.2929	-0.0567	0.0304	0.0343	
36.4694	-37.7681	-14.6310	0.8229	-0.6047	-0.3307	0.6441	0.4005	0.5879	0.2826	-0.0547	0.0299	0.0332	
36.5536	-37.8268	-14.6635	0.8230	-0.6046	-0.3307	0.6295	0.4314	0.5872	0.2700	-0.0537	0.0317	0.0332	
36.6347	-37.8906	-14.6971	0.8229	-0.6047	-0.3307	0.6127	0.4659	0.5849	0.2553	-0.0537	0.0340	0.0336	
36.7161	-37.9532	-14.7252	0.8229	-0.6048	-0.3305	0.5852	0.5070	0.5806	0.2516	-0.0523	0.0372	0.0371	
36.8013	-38.0121	-14.7605	0.8230	-0.6047	-0.3306	0.5690	0.5416	0.5737	0.2311	-0.0539	0.0384	0.0370	
36.8821	-38.0747	-14.7901	0.8229	-0.6048	-0.3305	0.5427	0.5711	0.5789	0.2106	-0.0528	0.0427	0.0360	
36.9650	-38.1345	-14.8248	0.8230	-0.6048	-0.3305	0.5134	0.6125	0.5642	0.2064	-0.0527	0.0434	0.0406	
37.0448	-38.1969	-14.8568	0.8229	-0.6049	-0.3305	0.4837	0.6471	0.5568	0.1919	-0.0525	0.0457	0.0421	
37.1297	-38.2590	-14.8919	0.8230	-0.6049	-0.3306	0.4533	0.6700	0.5635	0.1694	-0.0503	0.0497	0.0405	
37.2113	-38.3174	-14.9274	0.8229	-0.6048	-0.3306	0.4327	0.6896	0.5596	0.1579	-0.0481	0.0486	0.0396	
37.2939	-38.3758	-14.9603	0.8230	-0.6048	-0.3306	0.3923	0.7162	0.5575	0.1495	-0.0453	0.0514	0.0423	
37.3759	-38.4372	-14.9943	0.8229	-0.6048	-0.3307	0.3552	0.7361	0.5618	0.1287	-0.0432	0.0553	0.0419	
37.4571	-38.5000	-15.0302	0.8229	-0.6049	-0.3308	0.3258	0.7488	0.5678	0.1088	-0.0403	0.0570	0.0399	
37.5385	-38.5635	-15.0650	0.8229	-0.6050	-0.3308	0.2888	0.7751	0.5509	0.1125	-0.0393	0.0545	0.0446	
37.6220	-38.6239	-15.0953	0.8229	-0.6050	-0.3307	0.2606	0.7926	0.5417	0.1047	-0.0382	0.0530	0.0449	
37.7046	-38.6839	-15.1275	0.8229	-0.6050	-0.3307	0.2227	0.8048	0.5426	0.0935	-0.0351	0.0546	0.0455	
37.7835	-38.7443	-15.1589	0.8228	-0.6050	-0.3306	0.1808	0.8245	0.5279	0.0926	-0.0344	0.0538	0.0493	
37.8631	-38.8025	-15.1911	0.8227	-0.6049	-0.3306	0.1387	0.8330	0.5291	0.0858	-0.0307	0.0550	0.0507	
37.9481	-38.8647	-15.2253	0.8228	-0.6049	-0.3307	0.1064	0.8425	0.5231	0.0761	-0.0293	0.0545	0.0502	
38.0301	-38.9252	-15.2579	0.8228	-0.6049	-0.3306	0.0773	0.8513	0.5149	0.0697	-0.0284	0.0528	0.0496	
38.1133	-38.9868	-15.2853	0.8228	-0.6050	-0.3305	0.0370	0.8549	0.5131	0.0712	-0.0247	0.0518	0.0520	
38.1956	-39.0503	-15.3179	0.8228	-0.6051	-0.3304	-0.0070	0.8582	0.5087	0.0679	-0.0277	0.0510	0.0498	
38.2792	-39.1142	-15.3510	0.8229	-0.6052	-0.3304	0.0392	-0.8563	-0.5127	-0.0604	-0.0235	0.0510	0.0491	
38.3626	-39.1778	-15.3833	0.8229	-0.6053	-0.3304	0.0784	-0.8532	-0.5129	-0.0582	-0.0198	0.0508	0.0507	
38.4432	-39.2369	-15.4160	0.8229	-0.6052	-0.3304	0.1249	-0.8614	-0.4876	-0.0645	-0.0218	0.0494	0.0555	
38.5260	-39.2992	-15.4461	0.8229	-0.6053	-0.3303	0.1488	-0.8621	-0.4813	-0.0657	-0.0205	0.0463	0.0540	
38.6117	-39.3598	-15.4796	0.8230	-0.6053	-0.3303	0.1858	-0.8585	-0.4723	-0.0773	-0.0188	0.0431	0.0569	
38.6957	-39.4173	-15.5142	0.8230	-0.6052	-0.3304	0.2255	-0.8480	-0.4747	-0.0722	-0.0145	0.0444	0.0576	
38.7783	-39.4794	-15.5470	0.8231	-0.6052	-0.3304	0.2540	-0.8478	-0.4589	-0.0815	-0.0155	0.0409	0.0581	
38.8600	-39.5415	-15.5786	0.8230	-0.6053	-0.3303	0.2804	-0.8461	-0.4447	-0.0920	-0.0162	0.0372	0.0582	
38.9411	-39.6059	-15.6085	0.8230	-0.6054	-0.3302	0.3112	-0.8381	-0.4381	-0.0960	-0.0144	0.0360	0.0586	
39.0202	-39.6668	-15.6402	0.8229	-0.6054	-0.3302	0.3514	-0.8281	-0.4242	-0.1024	-0.0138	0.0357	0.0614	
39.1058	-39.7257	-15.6752	0.8230	-0.6054	-0.3302	0.3782	-0.8204	-0.4146	-0.1121	-0.0133	0.0330	0.0613	
39.1879	-39.7861	-15.7098	0.8230	-0.6054	-0.3303	0.4151	-0.8069	-0.4047	-0.1126	-0.0115	0.0337	0.0627	
39.2682	-39.8467	-15.7450	0.8229	-0.6054	-0.3304	0.4405	-0.7945	-0.4024	-0.1171	-0.0093	0.0319	0.0617	
39.3500	-39.9072	-15.7764	0.8229	-0.6054	-0.3303	0.4626	-0.7845	-0.3981	-0.1144	-0.0075	0.0315	0.0592	
39.4340	-39.9686	-15.8068	0.8230	-0.6054	-0.3302	0.5043	-0.7595	-0.3950	-0.1118	-0.0032	0.0331	0.0625	
39.5144	-40.0293	-15.8384	0.8229	-0.6054	-0.3302	0.5385	-0.7445	-0.3760	-0.1183	-0.0046	0.0327	0.0643	
39.5948	-40.0882	-15.8685	0.8228	-0.6054	-0.3301	0.5696	-0.7197	-0.3748	-0.1324	-0.0024	0.0295	0.0666	
39.6761	-40.1464	-15.9036	0.8228	-0.6053	-0.3302	0.5948	-0.6985	-0.3791	-0.1255	0.0022	0.0296	0.0647	
39.7582	-40.2074	-15.9367	0.8228	-0.6053	-0.3302	0.6235	-0.6799	-0.3670	-0.1199	0.0030	0.0309	0.0643	
39.8400	-40.2682	-15.9680	0.8228	-0.6053	-0.3301	0.6465	-0.6590	-0.3585	-0.1413	0.0011	0.0265	0.0656	
39.9232	-40.3255	-15.9998	0.8228	-0.6052	-0.3301	0.6747	-0.6384	-0.3407	-0.1448	0.0002	0.0270	0.0663	
40.0058	-40.3888	-16.0351	0.8228	-0.6053	-0.3301	0.7079	-0.6135	-0.3195	-0.1406	0.0005	0.0295	0.0680	
40.0878	-40.4493	-16.0686	0.8228	-0.6053	-0.3302	0.7341	-0.5880	-0.3042	-0.1506	-0.0004	0.0282	0.0694	
40.1705	-40.5094	-16.1044	0.8228	-0.6053	-0.3302	0.7526	-0.5710	-0.2915	-0.1529	-0.0008	0.0275	0.0673	
40.2522	-40.5715	-16.1380	0.8228	-0.6053	-0.3303	0.7753	-0.5396	-0.2853	-0.1628	0.0004	0.0250	0.0689	
40.3330	-40.6340	-16.1713	0.8228	-0.6054	-0.3303	0.7888	-0.5176	-0.2792	-0.1819	-0.0014	0.0210	0.0680	
40.4163	-40.6940	-16.2009	0.8228	-0.6054	-0.3302	0.8096	-0.4800	-0.2776	-0.1929	0.0010	0.0180	0.0704	
40.5004	-40.7529	-16.2318	0.8229	-0.6053	-0.3301	0.8227	-0.4524	-0.2830	-0.1987	0.0038	0.0147	0.0688	
40.5844	-40.8118	-16.2651	0.8229	-0.6053	-0.3301	0.8417	-0.4229	-0.2649	-0.2058	0.0027	0.0154	0.0699	
40.6683	-40.8697	-16.2938	0.8230	-0.6052	-0.3300	0.8544	-0.3967	-0.2616	-0.2117	0.0037	0.0136	0.0685	
40.7487	-40.9311	-16.3268	0.8229	-0.6052	-0.3300	0.8698	-0.3665	-0.2476	-0.2182	0.0032	0.0136	0.0690	
40.8303	-40.9930	-16.3613	0.8229	-0.6053	-0.3300	0.8832	-0.3417	-0.2397	-0.2151	0.0049	0.0136	0.0673	
40.9118	-41.0541	-16.3917	0.8229	-0.6053	-0.3299	0.8949	-0.3057	-0.2253	-0.2339	0.0023	0.0121	0.0697	
40.9947	-41.1146	-16.4255	0.8229	-0.6053	-0.3300	0.9076	-0.2760	-0.2185	-0.2297	0.0048	0.0117	0.0688	
41.0768	-41.1746	-16.4594	0.8229	-0.6053	-0.3300	0.9138	-0.2527	-0.2164	-0.2350	0.0050	0.0097	0.0663	
41.1588	-41.2327	-16.4914	0.8229	-0.6052	-0.3300	0.9186	-0.2114	-0.2214	-0.2505	0.0054	0.0046	0.0683	
