-0.3707	-11.5044	0.9521	0.0000	0.0000	0.0000	0.2194	0.2732	0.0615	-0.9346	0.0000	0.0000	0.0000	
-0.2447	-11.3166	0.6189	0.0125	0.0186	-0.0330	0.2305	0.2989	-0.0002	-0.9285	-0.0027	-0.0160	-0.0219	
-0.2327	-11.1827	0.4829	0.0181	0.0542	-0.0662	0.1388	0.2362	0.0636	-0.9722	-0.1076	0.1400	0.1083	
-0.1352	-11.2071	0.2958	0.0611	0.0467	-0.1465	0.1146	0.1828	0.0205	-0.9910	-0.1385	0.1656	0.2181	
-0.0051	-11.2510	0.1669	0.1348	0.0081	-0.2395	0.0434	0.1373	0.0944	-0.9938	-0.1706	0.1537	0.2168	
-0.0704	-11.2348	0.0476	0.1000	0.0310	-0.2864	0.0012	-0.0849	-0.1481	1.0032	-0.0895	0.1198	0.1487	
0.0054	-11.2982	-0.0732	0.1716	-0.0162	-0.3478	-0.0265	-0.0641	-0.1172	1.0160	-0.0248	0.0692	0.0485	
0.0963	-11.3042	-0.0336	0.2508	-0.0162	-0.2628	0.0194	0.0304	0.1269	-0.9919	-0.0134	0.0665	0.0377	
0.1849	-11.3884	-0.0768	0.3207	-0.1072	-0.2816	0.0020	-0.0051	0.1405	-0.9900	-0.0108	0.0612	0.0426	
0.2527	-11.4705	-0.1043	0.3623	-0.1869	-0.2816	-0.0017	0.0489	-0.1590	0.9860	-0.0024	0.0696	0.0407	
0.3086	-11.5247	-0.1330	0.3814	-0.2250	-0.2833	-0.0110	0.0744	-0.1825	0.9808	0.0049	0.0631	0.0424	
0.4012	-11.5983	-0.1375	0.4375	-0.2773	-0.2579	0.0026	-0.1214	0.1990	-0.9722	0.0073	0.0523	0.0442	
0.4812	-11.7236	-0.1106	0.4747	-0.3754	-0.2053	-0.0014	-0.1573	0.2192	-0.9627	0.0099	0.0492	0.0441	
0.5350	-11.7662	-0.1109	0.4836	-0.3821	-0.1859	-0.0046	-0.1943	0.2359	-0.9520	0.0131	0.0537	0.0428	
0.6049	-11.7867	-0.0842	0.5028	-0.3657	-0.1447	0.0080	0.2245	-0.2581	0.9395	0.0146	0.0530	0.0405	
0.7872	-11.9265	-0.0253	0.6203	-0.4539	-0.0778	0.0169	0.2559	-0.2793	0.9253	0.0067	0.0595	0.0415	
0.9552	-11.9668	0.0578	0.7126	-0.4496	0.0005	0.0357	0.2964	-0.2982	0.9064	-0.0030	0.0716	0.0408	
1.0260	-12.0726	0.1147	0.7190	-0.4941	0.0536	0.0882	0.3394	-0.3498	0.8690	-0.0345	0.0919	0.0540	
1.1348	-12.0669	0.1343	0.7491	-0.4507	0.0674	0.1269	0.3705	-0.3913	0.8321	-0.0463	0.0945	0.0596	
1.1506	-12.1056	0.1295	0.7105	-0.4452	0.0615	0.1874	0.4030	-0.4262	0.7869	-0.0605	0.1009	0.0593	
1.2072	-12.1913	0.1016	0.7062	-0.4738	0.0398	0.2686	0.4345	-0.4538	0.7288	-0.0776	0.1094	0.0558	
1.2922	-12.2451	0.1752	0.7175	-0.4782	0.0858	0.3207	0.4512	-0.4724	0.6866	-0.0824	0.1063	0.0525	
1.3384	-12.3328	0.2289	0.7033	-0.5038	0.1146	0.3762	0.4635	-0.4902	0.6350	-0.0881	0.1047	0.0503	
1.3687	-12.3752	0.2676	0.6825	-0.4992	0.1316	0.4442	0.4617	-0.5105	0.5726	-0.0986	0.1031	0.0488	
1.4339	-12.4479	0.3266	0.6812	-0.5130	0.1570	0.4909	0.4642	-0.5129	0.5330	-0.0989	0.0988	0.0432	
1.5365	-12.5277	0.3834	0.7017	-0.5298	0.1795	0.5401	0.4629	-0.5178	0.4755	-0.1026	0.0971	0.0405	
1.6044	-12.6038	0.4466	0.7013	-0.5433	0.2023	0.5958	0.4637	-0.5066	0.4168	-0.1052	0.0981	0.0346	
1.6513	-12.7039	0.4662	0.6892	-0.5675	0.2023	0.6285	0.4493	-0.5153	0.3773	-0.1050	0.0915	0.0325	
1.7413	-12.7926	0.5085	0.6997	-0.5843	0.2123	0.6698	0.4365	-0.5010	0.3368	-0.1045	0.0892	0.0257	
1.7637	-12.8664	0.5292	0.6767	-0.5922	0.2119	0.7051	0.4228	-0.4971	0.2784	-0.1061	0.0877	0.0241	
1.8587	-12.9154	0.5663	0.6897	-0.5875	0.2194	0.7381	0.3996	-0.4893	0.2474	-0.1049	0.0827	0.0185	
1.9039	-12.9418	0.5650	0.6791	-0.5732	0.2086	0.7725	0.3664	-0.4806	0.1992	-0.1075	0.0798	0.0137	
1.9935	-13.0204	0.5821	0.6884	-0.5824	0.2071	0.7979	0.3525	-0.4649	0.1620	-0.1040	0.0782	0.0105	
2.0680	-13.0678	0.6484	0.6906	-0.5786	0.2262	0.8340	0.3150	-0.4390	0.1179	-0.1059	0.0777	0.0027	
2.1179	-13.1029	0.6809	0.6829	-0.5696	0.2306	0.8580	0.2749	-0.4297	0.0797	-0.1071	0.0731	-0.0017	
2.1858	-13.1503	0.6679	0.6822	-0.5658	0.2160	0.8848	0.2400	-0.3988	0.0372	-0.1065	0.0747	-0.0076	
2.2189	-13.2218	0.7035	0.6676	-0.5717	0.2222	0.9121	0.2133	-0.3550	0.0130	-0.1006	0.0776	-0.0140	
2.2983	-13.2909	0.6829	0.6721	-0.5762	0.2064	0.9345	0.1792	-0.3143	-0.0017	-0.0950	0.0785	-0.0214	
2.3893	-13.3574	0.6660	0.6811	-0.5793	0.1929	0.9498	0.1565	-0.2743	-0.0251	-0.0898	0.0798	-0.0242	
2.4312	-13.4400	0.6800	0.6711	-0.5883	0.1917	0.9655	0.1293	-0.2267	-0.0436	-0.0844	0.0824	-0.0284	
2.5464	-13.4929	0.7185	0.6881	-0.5862	0.1987	0.9780	0.0953	-0.1770	-0.0642	-0.0806	0.0842	-0.0336	
2.6439	-13.5759	0.7102	0.6981	-0.5948	0.1894	0.9888	0.0591	-0.1282	-0.0703	-0.0747	0.0853	-0.0398	
2.7152	-13.6779	0.7096	0.6988	-0.6092	0.1830	0.9912	0.0461	-0.0873	-0.0966	-0.0713	0.0858	-0.0375	
2.7654	-13.7310	0.7015	0.6924	-0.6066	0.1746	0.9922	0.0223	-0.0433	-0.1185	-0.0684	0.0868	-0.0379	
2.8098	-13.7842	0.7112	0.6849	-0.6042	0.1724	0.9914	0.0121	-0.0050	-0.1380	-0.0647	0.0863	-0.0347	
2.8681	-13.8623	0.7284	0.6819	-0.6098	0.1726	0.9872	-0.0003	0.0402	-0.1577	-0.0614	0.0874	-0.0329	
2.9499	-13.9223	0.7586	0.6860	-0.6095	0.1769	0.9801	-0.0318	0.0928	-0.1724	-0.0581	0.0899	-0.0365	
3.0188	-13.9842	0.7930	0.6865	-0.6099	0.1822	0.9741	-0.0409	0.1403	-0.1781	-0.0527	0.0907	-0.0342	
3.0685	-14.0463	0.8030	0.6812	-0.6104	0.1798	0.9643	-0.0466	0.1786	-0.1946	-0.0506	0.0895	-0.0306	
3.1336	-14.1049	0.8167	0.6806	-0.6097	0.1790	0.9497	-0.0507	0.2392	-0.1979	-0.0460	0.0938	-0.0273	
3.1729	-14.1767	0.8266	0.6725	-0.6129	0.1772	0.9308	-0.0544	0.2964	-0.2071	-0.0435	0.0973	-0.0243	
3.2085	-14.2510	0.8521	0.6638	-0.6167	0.1795	0.9134	-0.0560	0.3426	-0.2149	-0.0410	0.0978	-0.0212	
3.2591	-14.2956	0.8632	0.6598	-0.6122	0.1777	0.8951	-0.0570	0.3872	-0.2171	-0.0379	0.0975	-0.0182	
3.3413	-14.3730	0.8645	0.6641	-0.6166	0.1732	0.8701	-0.0684	0.4313	-0.2286	-0.0363	0.0979	-0.0182	
3.4350	-14.4486	0.8756	0.6715	-0.6204	0.1715	0.8410	-0.0618	0.4826	-0.2368	-0.0355	0.0995	-0.0136	
3.5089	-14.5212	0.8896	0.6734	-0.6232	0.1709	0.8055	-0.0627	0.5390	-0.2371	-0.0330	0.1035	-0.0110	
3.5698	-14.5969	0.9012	0.6718	-0.6267	0.1694	0.7711	-0.0530	0.5792	-0.2599	-0.0369	0.1025	-0.0075	
3.6079	-14.6405	0.9018	0.6646	-0.6221	0.1653	0.7400	-0.0426	0.6151	-0.2706	-0.0382	0.1006	-0.0042	
3.6644	-14.7082	0.9426	0.6621	-0.6236	0.1713	0.7082	-0.0208	0.6437	-0.2923	-0.0428	0.0970	0.0000	
3.7368	-14.7702	0.9530	0.6637	-0.6236	0.1697	0.6674	-0.0117	0.6795	-0.3042	-0.0437	0.0972	0.0021	
3.8139	-14.8421	0.9415	0.6663	-0.6259	0.1628	0.6185	0.0052	0.7169	-0.3204	-0.0471	0.0980	0.0052	
3.8744	-14.8917	0.9533	0.6649	-0.6228	0.1618	0.5762	0.0106	0.7402	-0.3470	-0.0507	0.0959	0.0037	
3.9377	-14.9567	0.9694	0.6642	-0.6235	0.1618	0.5298	0.0284	0.7651	-0.3648	-0.0540	0.0947	0.0055	
3.9992	-15.0221	0.9783	0.6630	-0.6243	0.1601	0.4934	0.0477	0.7815	-0.3809	-0.0561	0.0904	0.0069	
4.0655	-15.0707	1.0005	0.6631	-0.6212	0.1615	0.4407	0.0531	0.7999	-0.4034	-0.0587	0.0909	0.0050	
4.1348	-15.1355	1.0337	0.6637	-0.6218	0.1653	0.3972	0.0738	0.8077	-0.4307	-0.0634	0.0871	0.0039	
4.2084	-15.1923	1.0619	0.6652	-0.6207	0.1678	0.3580	0.0954	0.8133	-0.4501	-0.0660	0.0830	0.0038	
4.2640	-15.2442	1.0827	0.6629	-0.6186	0.1687	0.3167	0.1190	0.8102	-0.4800	-0.0708	0.0782	0.0012	
4.3268	-15.3208	1.0990	0.6621	-0.6217	0.1686	0.2774	0.1210	0.8038	-0.5138	-0.0717	0.0749	-0.0048	
4.3914	-15.3606	1.1185	0.6618	-0.6170	0.1692	0.2233	0.1409	0.8033	-0.5332	-0.0751	0.0747	-0.0050	
4.4595	-15.4017	1.1145	0.6624	-0.6128	0.1649	0.1721	0.1437	0.7912	-0.5691	-0.0773	0.0740	-0.0118	
4.5220	-15.4802	1.1405	0.6616	-0.6163	0.1668	0.1203	0.1456	0.7767	-0.6009	-0.0785	0.0738	-0.0169	
4.5726	-15.5530	1.1636	0.6585	-0.6186	0.1681	0.0672	0.1656	0.7547	-0.6310	-0.0829	0.0718	-0.0204	
4.6267	-15.5976	1.1766	0.6562	-0.6152	0.1674	0.0235	0.1606	0.7355	-0.6585	-0.0847	0.0727	-0.0151	
4.6989	-15.6601	1.1852	0.6575	-0.6154	0.1658	0.0271	-0.1501	-0.7117	0.6862	-0.0829	0.0738	-0.0218	
4.7721	-15.7037	1.1820	0.6591	-0.6120	0.1619	0.0796	-0.1307	-0.6860	0.7117	-0.0799	0.0765	-0.0285	
4.8260	-15.7543	1.1940	0.6568	-0.6101	0.1611	0.1219	-0.1118	-0.6571	0.7363	-0.0755	0.0772	-0.0346	
4.8728	-15.8065	1.2038	0.6533	-0.6085	0.1600	0.1574	-0.0957	-0.6239	0.7605	-0.0710	0.0767	-0.0406	
4.9379	-15.8735	1.2152	0.6532	-0.6097	0.1591	0.1976	-0.0742	-0.5822	0.7854	-0.0672	0.0784	-0.0473	
5.0071	-15.9370	1.2370	0.6540	-0.6102	0.1601	0.2376	-0.0625	-0.5284	0.8126	-0.0661	0.0790	-0.0554	
5.0577	-15.9998	1.2665	0.6513	-0.6105	0.1626	0.2616	-0.0298	-0.4815	0.8370	-0.0580	0.0804	-0.0615	
5.1345	-16.0516	1.2783	0.6534	-0.6089	0.1618	0.2835	0.0016	-0.4307	0.8574	-0.0511	0.0820	-0.0669	
5.1937	-16.1241	1.3033	0.6522	-0.6110	0.1633	0.3230	0.0408	-0.3817	0.8645	-0.0472	0.0870	-0.0689	
5.2557	-16.1902	1.3382	0.6517	-0.6118	0.1665	0.3508	0.0768	-0.3301	0.8728	-0.0422	0.0898	-0.0713	
5.3163	-16.2535	1.3612	0.6508	-0.6122	0.1676	0.3758	0.1150	-0.2935	0.8721	-0.0370	0.0918	-0.0688	
5.3867	-16.3248	1.3795	0.6517	-0.6138	0.1679	0.3988	0.1468	-0.2476	0.8708	-0.0335	0.0931	-0.0688	
5.4501	-16.3826	1.4012	0.6513	-0.6132	0.1687	0.4229	0.2065	-0.2097	0.8574	-0.0273	0.0999	-0.0643	
5.5025	-16.4439	1.4220	0.6491	-0.6132	0.1693	0.4350	0.2574	-0.1629	0.8475	-0.0205	0.1042	-0.0629	
5.5870	-16.4951	1.4453	0.6523	-0.6115	0.1703	0.4505	0.3055	-0.1135	0.8308	-0.0165	0.1082	-0.0617	
5.6521	-16.5551	1.4731	0.6523	-0.6114	0.1721	0.4791	0.3571	-0.0677	0.7982	-0.0163	0.1140	-0.0583	
5.6926	-16.6232	1.5017	0.6482	-0.6125	0.1739	0.4895	0.3995	-0.0245	0.7749	-0.0131	0.1158	-0.0556	
5.7559	-16.6778	1.5267	0.6480	-0.6113	0.1752	0.4877	0.4349	0.0070	0.7589	-0.0091	0.1137	-0.0513	
5.8223	-16.7400	1.5580	0.6481	-0.6114	0.1774	0.4771	0.4948	0.0482	0.7249	-0.0031	0.1198	-0.0458	
5.8838	-16.8064	1.5738	0.6476	-0.6122	0.1771	0.4807	0.5286	0.0707	0.6981	-0.0033	0.1172	-0.0408	
5.9612	-16.8695	1.6095	0.6496	-0.6124	0.1800	0.4705	0.5705	0.0917	0.6687	-0.0011	0.1166	-0.0343	
6.0475	-16.9293	1.6276	0.6529	-0.6121	0.1800	0.4628	0.6126	0.1014	0.6349	-0.0016	0.1155	-0.0265	
6.1319	-16.9931	1.6497	0.6558	-0.6124	0.1806	0.4624	0.6485	0.1218	0.5928	-0.0031	0.1156	-0.0228	
6.1852	-17.0361	1.6812	0.6540	-0.6097	0.1826	0.4565	0.6888	0.1274	0.5502	-0.0055	0.1155	-0.0153	
6.2423	-17.1078	1.7022	0.6527	-0.6112	0.1831	0.4504	0.7228	0.1361	0.5073	-0.0073	0.1148	-0.0107	
6.3084	-17.1746	1.7321	0.6529	-0.6120	0.1848	0.4451	0.7523	0.1326	0.4704	-0.0104	0.1112	-0.0054	
6.3683	-17.2437	1.7587	0.6521	-0.6131	0.1859	0.4346	0.7785	0.1286	0.4375	-0.0119	0.1073	-0.0006	
6.4310	-17.2990	1.7618	0.6518	-0.6122	0.1837	0.4278	0.8076	0.1282	0.3853	-0.0156	0.1076	0.0032	
6.4946	-17.3569	1.7762	0.6516	-0.6117	0.1831	0.4205	0.8373	0.1114	0.3332	-0.0216	0.1065	0.0088	
6.5607	-17.4115	1.7956	0.6517	-0.6107	0.1833	0.4249	0.8515	0.1113	0.2888	-0.0249	0.1033	0.0079	
6.6167	-17.4758	1.8189	0.6504	-0.6112	0.1840	0.4161	0.8723	0.0960	0.2401	-0.0291	0.1016	0.0117	
6.6892	-17.5392	1.8363	0.6515	-0.6115	0.1838	0.4111	0.8849	0.0893	0.2055	-0.0301	0.0970	0.0124	
6.7562	-17.6046	1.8477	0.6517	-0.6120	0.1828	0.4137	0.8921	0.0849	0.1654	-0.0320	0.0935	0.0106	
6.8169	-17.6791	1.8615	0.6511	-0.6138	0.1822	0.4042	0.9034	0.0798	0.1199	-0.0330	0.0925	0.0120	
6.8785	-17.7443	1.8800	0.6506	-0.6143	0.1822	0.4014	0.9121	0.0596	0.0521	-0.0405	0.0942	0.0127	
6.9553	-17.8115	1.8950	0.6522	-0.6151	0.1818	0.3952	0.9166	0.0500	-0.0114	-0.0443	0.0957	0.0126	
7.0206	-17.8820	1.9089	0.6522	-0.6162	0.1812	0.4065	0.9090	0.0516	-0.0758	-0.0464	0.0971	0.0065	
7.0953	-17.9406	1.9169	0.6535	-0.6158	0.1798	0.4038	0.9053	0.0427	-0.1267	-0.0481	0.0956	0.0054	
7.1500	-18.0013	1.9401	0.6521	-0.6157	0.1805	0.4018	0.9021	0.0226	-0.1633	-0.0500	0.0908	0.0051	
7.2105	-18.0841	1.9509	0.6514	-0.6184	0.1796	0.4141	0.8866	0.0127	-0.2089	-0.0506	0.0888	-0.0005	
7.2773	-18.1537	1.9678	0.6516	-0.6193	0.1794	0.4249	0.8650	0.0164	-0.2661	-0.0499	0.0907	-0.0062	
7.3475	-18.2276	1.9952	0.6523	-0.6208	0.1806	0.4346	0.8478	0.0037	-0.3062	-0.0507	0.0879	-0.0098	
7.4137	-18.2875	2.0168	0.6524	-0.6205	0.1811	0.4507	0.8197	-0.0011	-0.3540	-0.0504	0.0880	-0.0160	
7.4851	-18.3617	2.0288	0.6531	-0.6220	0.1803	0.4569	0.7968	-0.0022	-0.3961	-0.0489	0.0873	-0.0184	
7.5456	-18.4265	2.0465	0.6525	-0.6223	0.1803	0.4674	0.7700	0.0014	-0.4353	-0.0459	0.0870	-0.0217	
7.6209	-18.4820	2.0677	0.6538	-0.6215	0.1807	0.4697	0.7359	0.0009	-0.4868	-0.0464	0.0893	-0.0240	
7.6699	-18.5580	2.0789	0.6518	-0.6232	0.1798	0.4810	0.6969	-0.0019	-0.5316	-0.0453	0.0905	-0.0284	
7.7407	-18.6126	2.0989	0.6525	-0.6222	0.1801	0.4939	0.6584	0.0032	-0.5683	-0.0420	0.0910	-0.0320	
7.7902	-18.6732	2.1188	0.6505	-0.6220	0.1803	0.4990	0.6208	0.0114	-0.6047	-0.0389	0.0918	-0.0331	
7.8612	-18.7350	2.1357	0.6513	-0.6220	0.1802	0.5049	0.5678	0.0389	-0.6484	-0.0331	0.0976	-0.0351	
7.9177	-18.7990	2.1430	0.6502	-0.6221	0.1789	0.5115	0.5290	0.0678	-0.6748	-0.0255	0.0989	-0.0344	
7.9817	-18.8708	2.1692	0.6501	-0.6232	0.1799	0.5204	0.4836	0.0896	-0.6985	-0.0199	0.0999	-0.0351	
8.0500	-18.9422	2.1822	0.6505	-0.6243	0.1793	0.5246	0.4295	0.1202	-0.7249	-0.0141	0.1036	-0.0354	
8.1196	-19.0119	2.1960	0.6510	-0.6251	0.1789	0.5250	0.3794	0.1531	-0.7463	-0.0086	0.1061	-0.0338	
8.1826	-19.0752	2.2094	0.6508	-0.6251	0.1784	0.5172	0.3321	0.1816	-0.7676	-0.0058	0.1077	-0.0312	
8.2466	-19.1336	2.2355	0.6507	-0.6246	0.1793	0.5116	0.2799	0.2268	-0.7801	0.0006	0.1113	-0.0268	
8.3078	-19.2024	2.2481	0.6503	-0.6254	0.1787	0.4982	0.2398	0.2507	-0.7953	0.0009	0.1102	-0.0237	
8.3703	-19.2741	2.2641	0.6500	-0.6263	0.1785	0.4810	0.1894	0.2917	-0.8046	0.0040	0.1131	-0.0188	
8.4389	-19.3391	2.2763	0.6504	-0.6266	0.1779	0.4620	0.1436	0.3375	-0.8077	0.0072	0.1153	-0.0124	
8.4915	-19.4065	2.2977	0.6491	-0.6271	0.1783	0.4459	0.0880	0.3741	-0.8079	0.0103	0.1178	-0.0097	
8.5490	-19.4745	2.3292	0.6483	-0.6277	0.1798	0.4336	0.0462	0.4066	-0.8036	0.0125	0.1167	-0.0063	
8.6143	-19.5370	2.3520	0.6483	-0.6276	0.1803	0.3964	0.0081	0.4554	-0.7976	0.0110	0.1187	0.0027	
8.6777	-19.5976	2.3623	0.6482	-0.6274	0.1795	0.3576	-0.0389	0.5118	-0.7798	0.0120	0.1232	0.0118	
8.7466	-19.6688	2.3834	0.6487	-0.6283	0.1798	0.3133	-0.0793	0.5502	-0.7697	0.0087	0.1246	0.0167	
8.8176	-19.7364	2.3983	0.6493	-0.6288	0.1795	0.2801	-0.1068	0.5930	-0.7483	0.0077	0.1233	0.0234	
8.8761	-19.7985	2.4081	0.6487	-0.6287	0.1786	0.2304	-0.1391	0.6323	-0.7263	0.0042	0.1244	0.0292	
8.9357	-19.8715	2.4257	0.6481	-0.6298	0.1786	0.1967	-0.1663	0.6645	-0.7023	0.0034	0.1224	0.0327	
8.9876	-19.9320	2.4299	0.6468	-0.6295	0.1771	0.1452	-0.1839	0.7108	-0.6636	-0.0006	0.1229	0.0420	
9.0578	-20.0077	2.4501	0.6474	-0.6308	0.1774	0.0897	-0.1938	0.7367	-0.6431	-0.0082	0.1206	0.0441	
9.1184	-20.0613	2.4732	0.6469	-0.6299	0.1779	0.0463	-0.2030	0.7601	-0.6172	-0.0122	0.1171	0.0461	
9.1995	-20.1317	2.4949	0.6486	-0.6306	0.1783	-0.0050	-0.1994	0.7881	-0.5840	-0.0069	0.1202	0.0416	
9.2675	-20.2017	2.5160	0.6489	-0.6313	0.1787	0.0527	0.2087	-0.8090	0.5480	-0.0110	0.1182	0.0458	
9.3292	-20.2661	2.5370	0.6486	-0.6315	0.1790	0.1049	0.2073	-0.8252	0.5167	-0.0175	0.1152	0.0482	
9.3960	-20.3305	2.5478	0.6488	-0.6316	0.1782	0.1567	0.2180	-0.8308	0.4883	-0.0210	0.1140	0.0473	
9.4528	-20.3949	2.5718	0.6480	-0.6317	0.1788	0.1952	0.2171	-0.8422	0.4560	-0.0240	0.1093	0.0492	
9.5186	-20.4490	2.5870	0.6481	-0.6308	0.1786	0.2435	0.2094	-0.8445	0.4313	-0.0294	0.1061	0.0474	
9.5891	-20.5070	2.6081	0.6486	-0.6303	0.1789	0.2936	0.2021	-0.8454	0.3990	-0.0347	0.1041	0.0472	
9.6473	-20.5770	2.6300	0.6480	-0.6310	0.1793	0.3371	0.1906	-0.8423	0.3787	-0.0386	0.1001	0.0442	
9.7063	-20.6306	2.6495	0.6474	-0.6301	0.1794	0.3807	0.1835	-0.8362	0.3515	-0.0415	0.0977	0.0425	
9.7661	-20.6924	2.6752	0.6469	-0.6300	0.1801	0.4378	0.1719	-0.8168	0.3365	-0.0458	0.0980	0.0360	
9.8255	-20.7575	2.6965	0.6464	-0.6302	0.1805	0.4911	0.1551	-0.7992	0.3109	-0.0510	0.0976	0.0329	
9.8873	-20.8172	2.7163	0.6461	-0.6299	0.1806	0.5361	0.1375	-0.7826	0.2873	-0.0546	0.0955	0.0301	
9.9459	-20.8854	2.7357	0.6455	-0.6304	0.1807	0.5786	0.1279	-0.7623	0.2615	-0.0561	0.0943	0.0279	
10.0137	-20.9437	2.7582	0.6458	-0.6299	0.1812	0.6135	0.1107	-0.7427	0.2503	-0.0567	0.0907	0.0232	
10.0821	-21.0117	2.7854	0.6462	-0.6304	0.1820	0.6484	0.0867	-0.7188	0.2412	-0.0585	0.0873	0.0178	
10.1417	-21.0733	2.7988	0.6457	-0.6303	0.1816	0.6856	0.0707	-0.6869	0.2343	-0.0581	0.0867	0.0122	
10.1999	-21.1382	2.8268	0.6451	-0.6304	0.1825	0.7206	0.0623	-0.6520	0.2312	-0.0554	0.0866	0.0069	
10.2710	-21.1918	2.8414	0.6457	-0.6296	0.1822	0.7477	0.0429	-0.6243	0.2270	-0.0548	0.0836	0.0025	
10.3447	-21.2587	2.8526	0.6465	-0.6299	0.1815	0.7832	0.0405	-0.5816	0.2162	-0.0524	0.0864	-0.0002	
10.4040	-21.3138	2.8710	0.6461	-0.6292	0.1816	0.8164	0.0311	-0.5400	0.2016	-0.0521	0.0879	-0.0025	
10.4643	-21.3772	2.8817	0.6457	-0.6293	0.1809	0.8416	0.0200	-0.5059	0.1903	-0.0512	0.0865	-0.0046	
10.5301	-21.4466	2.8916	0.6458	-0.6298	0.1802	0.8684	0.0116	-0.4615	0.1813	-0.0498	0.0878	-0.0071	
10.5991	-21.5140	2.8976	0.6462	-0.6302	0.1791	0.8966	0.0192	-0.4081	0.1697	-0.0460	0.0922	-0.0070	
10.6630	-21.5720	2.9189	0.6461	-0.6298	0.1794	0.9207	0.0255	-0.3583	0.1507	-0.0439	0.0948	-0.0058	
10.7307	-21.6316	2.9330	0.6464	-0.6295	0.1791	0.9365	0.0284	-0.3165	0.1555	-0.0383	0.0939	-0.0073	
10.7914	-21.6967	2.9454	0.6460	-0.6297	0.1786	0.9548	0.0295	-0.2574	0.1424	-0.0371	0.0975	-0.0081	
10.8551	-21.7531	2.9670	0.6459	-0.6291	0.1789	0.9687	0.0289	-0.2157	0.1214	-0.0374	0.0964	-0.0073	
10.9207	-21.8210	2.9803	0.6460	-0.6295	0.1785	0.9777	0.0455	-0.1708	0.1198	-0.0318	0.0965	-0.0047	
10.9820	-21.8907	2.9933	0.6457	-0.6301	0.1781	0.9865	0.0556	-0.1129	0.1002	-0.0313	0.0997	-0.0030	
11.0472	-21.9544	2.9974	0.6458	-0.6302	0.1770	0.9901	0.0836	-0.0609	0.1009	-0.0252	0.1014	0.0018	
11.1089	-22.0202	3.0169	0.6455	-0.6304	0.1771	0.9922	0.0897	-0.0099	0.0851	-0.0249	0.1019	0.0018	
11.1733	-22.0886	3.0277	0.6455	-0.6309	0.1765	0.9899	0.1078	0.0486	0.0738	-0.0229	0.1045	0.0043	
11.2385	-22.1552	3.0482	0.6456	-0.6312	0.1768	0.9869	0.1292	0.0899	0.0429	-0.0251	0.1032	0.0092	
11.3134	-22.2221	3.0659	0.6464	-0.6315	0.1768	0.9771	0.1641	0.1354	0.0310	-0.0229	0.1030	0.0161	
11.3750	-22.2876	3.0657	0.6462	-0.6317	0.1753	0.9644	0.1979	0.1766	0.0087	-0.0237	0.1022	0.0226	
11.4315	-22.3452	3.0807	0.6455	-0.6312	0.1751	0.9486	0.2212	0.2234	-0.0264	-0.0272	0.1031	0.0258	
11.4902	-22.4083	3.0901	0.6450	-0.6312	0.1744	0.9350	0.2460	0.2523	-0.0554	-0.0298	0.0994	0.0293	
11.5520	-22.4672	3.1052	0.6448	-0.6309	0.1743	0.9127	0.2778	0.2884	-0.0818	-0.0317	0.0982	0.0341	
11.6123	-22.5301	3.1327	0.6445	-0.6308	0.1751	0.8866	0.3111	0.3204	-0.1198	-0.0363	0.0969	0.0389	
11.6799	-22.5951	3.1478	0.6447	-0.6310	0.1749	0.8576	0.3423	0.3544	-0.1470	-0.0380	0.0960	0.0426	
11.7360	-22.6595	3.1605	0.6441	-0.6311	0.1745	0.8263	0.3674	0.3860	-0.1816	-0.0413	0.0953	0.0444	
11.7950	-22.7221	3.1761	0.6436	-0.6311	0.1744	0.7837	0.4068	0.4083	-0.2302	-0.0494	0.0941	0.0499	
11.8640	-22.7816	3.1972	0.6440	-0.6308	0.1746	0.7500	0.4323	0.4235	-0.2684	-0.0538	0.0904	0.0508	
11.9243	-22.8480	3.2116	0.6437	-0.6310	0.1744	0.7096	0.4627	0.4371	-0.3025	-0.0577	0.0873	0.0531	
11.9910	-22.9107	3.2278	0.6439	-0.6310	0.1743	0.6621	0.4924	0.4461	-0.3460	-0.0642	0.0849	0.0550	
12.0549	-22.9678	3.2418	0.6438	-0.6305	0.1741	0.6078	0.5301	0.4493	-0.3836	-0.0708	0.0820	0.0589	
12.1262	-23.0330	3.2596	0.6444	-0.6307	0.1741	0.5692	0.5539	0.4477	-0.4130	-0.0730	0.0770	0.0581	
12.1959	-23.0955	3.2719	0.6448	-0.6307	0.1737	0.5344	0.5695	0.4374	-0.4487	-0.0765	0.0715	0.0542	
12.2648	-23.1545	3.2925	0.6451	-0.6303	0.1739	0.4829	0.5834	0.4219	-0.4985	-0.0845	0.0693	0.0508	
12.3278	-23.2279	3.3069	0.6450	-0.6311	0.1737	0.4444	0.5888	0.4040	-0.5426	-0.0886	0.0659	0.0448	
12.3873	-23.2906	3.3180	0.6446	-0.6311	0.1732	0.3965	0.5848	0.3930	-0.5888	-0.0919	0.0663	0.0392	
12.4481	-23.3454	3.3349	0.6443	-0.6305	0.1732	0.3612	0.5748	0.3831	-0.6282	-0.0915	0.0658	0.0324	
12.5104	-23.4028	3.3504	0.6442	-0.6300	0.1730	0.3125	0.5624	0.3577	-0.6771	-0.0966	0.0664	0.0253	
12.5644	-23.4640	3.3612	0.6434	-0.6299	0.1725	0.2738	0.5589	0.3342	-0.7089	-0.0974	0.0638	0.0210	
12.6239	-23.5368	3.3726	0.6430	-0.6306	0.1721	0.2375	0.5311	0.3154	-0.7509	-0.0963	0.0660	0.0128	
12.6760	-23.6012	3.4013	0.6422	-0.6307	0.1729	0.1946	0.5115	0.2816	-0.7884	-0.0989	0.0662	0.0066	
12.7394	-23.6578	3.4131	0.6421	-0.6302	0.1725	0.1524	0.4815	0.2588	-0.8236	-0.0984	0.0688	0.0011	
12.7987	-23.7219	3.4234	0.6417	-0.6303	0.1720	0.1104	0.4456	0.2406	-0.8554	-0.0964	0.0723	-0.0034	
12.8653	-23.7862	3.4387	0.6419	-0.6304	0.1719	0.0728	0.4141	0.2149	-0.8819	-0.0950	0.0736	-0.0077	
12.9219	-23.8357	3.4353	0.6413	-0.6294	0.1704	0.0525	0.3759	0.1771	-0.9095	-0.0976	0.0729	0.0011	
12.9770	-23.8900	3.4527	0.6407	-0.6288	0.1704	0.0142	0.3420	0.1559	-0.9271	-0.0964	0.0729	-0.0023	
13.0314	-23.9530	3.4633	0.6400	-0.6288	0.1700	0.0228	-0.3094	-0.1341	0.9417	-0.0963	0.0745	0.0004	
13.0820	-24.0137	3.4699	0.6390	-0.6286	0.1692	0.0559	-0.2675	-0.1182	0.9554	-0.0946	0.0778	0.0035	
13.1326	-24.0721	3.4642	0.6381	-0.6283	0.1676	0.0859	-0.2155	-0.0970	0.9687	-0.0904	0.0853	0.0038	
13.1830	-24.1345	3.4719	0.6371	-0.6283	0.1670	0.1129	-0.1729	-0.0823	0.9761	-0.0853	0.0882	0.0032	
13.2401	-24.1942	3.4813	0.6366	-0.6280	0.1665	0.1399	-0.1196	-0.0604	0.9816	-0.0806	0.0940	-0.0004	
13.2956	-24.2539	3.5036	0.6361	-0.6278	0.1669	0.1558	-0.0710	-0.0447	0.9855	-0.0733	0.0960	-0.0025	
13.3547	-24.3211	3.5261	0.6358	-0.6281	0.1673	0.1618	-0.0053	-0.0300	0.9874	-0.0644	0.1026	-0.0042	
13.4204	-24.3794	3.5468	0.6359	-0.6278	0.1676	0.1660	0.0571	-0.0201	0.9851	-0.0565	0.1064	-0.0048	
13.4818	-24.4444	3.5613	0.6358	-0.6279	0.1674	0.1643	0.1135	0.0019	0.9810	-0.0490	0.1082	-0.0094	
13.5493	-24.5049	3.5792	0.6360	-0.6278	0.1675	0.1689	0.1696	0.0027	0.9715	-0.0439	0.1089	-0.0071	
13.6104	-24.5725	3.6080	0.6359	-0.6281	0.1683	0.1719	0.2260	0.0125	0.9591	-0.0395	0.1100	-0.0077	
13.6682	-24.6408	3.6250	0.6355	-0.6285	0.1683	0.1791	0.2841	0.0155	0.9418	-0.0368	0.1116	-0.0063	
13.7295	-24.7064	3.6418	0.6353	-0.6287	0.1683	0.1859	0.3289	0.0174	0.9266	-0.0345	0.1095	-0.0051	
13.7946	-24.7743	3.6606	0.6354	-0.6290	0.1685	0.1934	0.3710	0.0048	0.9093	-0.0332	0.1067	-0.0005	
13.8597	-24.8395	3.6798	0.6356	-0.6292	0.1686	0.1983	0.4167	0.0050	0.8876	-0.0313	0.1060	0.0005	
13.9230	-24.9019	3.6992	0.6355	-0.6291	0.1688	0.2130	0.4700	0.0008	0.8561	-0.0323	0.1076	0.0027	
13.9823	-24.9758	3.7180	0.6353	-0.6299	0.1689	0.2191	0.5059	-0.0062	0.8355	-0.0312	0.1044	0.0046	
14.0421	-25.0431	3.7411	0.6350	-0.6301	0.1693	0.2427	0.5487	-0.0136	0.7998	-0.0348	0.1041	0.0064	
14.1033	-25.1118	3.7496	0.6349	-0.6305	0.1688	0.2610	0.5789	-0.0203	0.7733	-0.0366	0.1005	0.0070	
14.1720	-25.1752	3.7622	0.6352	-0.6305	0.1685	0.2590	0.6176	-0.0202	0.7429	-0.0332	0.1003	0.0076	
14.2382	-25.2380	3.7767	0.6354	-0.6305	0.1684	0.2748	0.6394	-0.0369	0.7189	-0.0360	0.0947	0.0098	
14.3112	-25.3049	3.7967	0.6360	-0.6308	0.1686	0.2872	0.6635	-0.0605	0.6893	-0.0390	0.0907	0.0134	
14.3770	-25.3729	3.8159	0.6362	-0.6311	0.1687	0.3093	0.6826	-0.0737	0.6589	-0.0424	0.0868	0.0133	
14.4373	-25.4386	3.8373	0.6359	-0.6313	0.1690	0.3275	0.7080	-0.1012	0.6174	-0.0472	0.0856	0.0168	
14.4956	-25.5020	3.8595	0.6356	-0.6313	0.1693	0.3451	0.7288	-0.1239	0.5784	-0.0506	0.0837	0.0187	
14.5604	-25.5611	3.8830	0.6357	-0.6310	0.1698	0.3683	0.7422	-0.1441	0.5417	-0.0546	0.0804	0.0186	
14.6256	-25.6246	3.9026	0.6358	-0.6311	0.1699	0.3970	0.7539	-0.1598	0.4987	-0.0589	0.0785	0.0167	
14.6858	-25.6808	3.9161	0.6356	-0.6306	0.1697	0.4291	0.7655	-0.1650	0.4501	-0.0621	0.0785	0.0129	
14.7501	-25.7429	3.9364	0.6356	-0.6306	0.1699	0.4603	0.7694	-0.1708	0.4096	-0.0644	0.0763	0.0087	
14.8117	-25.8056	3.9515	0.6355	-0.6305	0.1698	0.4915	0.7736	-0.1817	0.3553	-0.0687	0.0765	0.0060	
14.8770	-25.8712	3.9697	0.6356	-0.6307	0.1699	0.5407	0.7646	-0.1826	0.3000	-0.0742	0.0762	-0.0024	
14.9395	-25.9393	3.9868	0.6355	-0.6310	0.1699	0.5670	0.7533	-0.2094	0.2622	-0.0782	0.0711	-0.0033	
15.0017	-25.9993	4.0100	0.6355	-0.6308	0.1703	0.6065	0.7367	-0.2042	0.2217	-0.0785	0.0694	-0.0112	
15.0704	-26.0602	4.0229	0.6358	-0.6307	0.1700	0.6264	0.7333	-0.2062	0.1629	-0.0793	0.0716	-0.0115	
15.1399	-26.1295	4.0420	0.6361	-0.6311	0.1701	0.6624	0.7097	-0.2088	0.1229	-0.0804	0.0692	-0.0181	
15.2048	-26.1936	4.0525	0.6362	-0.6311	0.1697	0.7025	0.6779	-0.2035	0.0775	-0.0815	0.0688	-0.0268	
15.2684	-26.2533	4.0686	0.6362	-0.6309	0.1697	0.7370	0.6477	-0.1905	0.0278	-0.0810	0.0704	-0.0336	
15.3290	-26.3194	4.0824	0.6360	-0.6311	0.1695	0.7693	0.6155	-0.1727	-0.0123	-0.0781	0.0712	-0.0402	
15.3978	-26.3854	4.1042	0.6363	-0.6313	0.1698	0.7973	0.5780	-0.1548	-0.0699	-0.0785	0.0746	-0.0455	
15.4618	-26.4503	4.1215	0.6364	-0.6314	0.1698	0.8207	0.5458	-0.1339	-0.1071	-0.0745	0.0755	-0.0492	
15.5276	-26.5122	4.1379	0.6365	-0.6313	0.1698	0.8457	0.4998	-0.1026	-0.1540	-0.0717	0.0795	-0.0556	
15.5921	-26.5730	4.1578	0.6365	-0.6312	0.1700	0.8679	0.4489	-0.0656	-0.1998	-0.0683	0.0842	-0.0619	
15.6543	-26.6380	4.1762	0.6364	-0.6313	0.1700	0.8854	0.3961	-0.0267	-0.2402	-0.0640	0.0885	-0.0673	
15.7185	-26.7101	4.1974	0.6365	-0.6318	0.1703	0.8998	0.3445	0.0127	-0.2680	-0.0581	0.0912	-0.0715	
15.7810	-26.7775	4.2171	0.6364	-0.6321	0.1704	0.9083	0.2943	0.0590	-0.2923	-0.0512	0.0950	-0.0741	
15.8485	-26.8449	4.2340	0.6367	-0.6323	0.1704	0.9163	0.2404	0.1013	-0.3058	-0.0439	0.0967	-0.0775	
15.9160	-26.9109	4.2515	0.6369	-0.6325	0.1705	0.9135	0.1905	0.1327	-0.3342	-0.0419	0.0972	-0.0780	
15.9788	-26.9774	4.2682	0.6368	-0.6327	0.1705	0.9076	0.1578	0.1723	-0.3520	-0.0374	0.0981	-0.0739	
16.0453	-27.0395	4.2889	0.6370	-0.6326	0.1707	0.8933	0.1141	0.2199	-0.3749	-0.0340	0.1021	-0.0718	
16.1037	-27.0992	4.3096	0.6367	-0.6324	0.1709	0.8757	0.0823	0.2651	-0.3967	-0.0318	0.1046	-0.0668	
16.1694	-27.1644	4.3297	0.6368	-0.6325	0.1711	0.8605	0.0352	0.3112	-0.4025	-0.0259	0.1072	-0.0665	
16.2304	-27.2320	4.3439	0.6367	-0.6327	0.1709	0.8457	0.0089	0.3566	-0.4010	-0.0202	0.1074	-0.0613	
16.2967	-27.2985	4.3614	0.6368	-0.6329	0.1709	0.8262	-0.0301	0.3939	-0.4030	-0.0160	0.1074	-0.0599	
16.3626	-27.3631	4.3772	0.6369	-0.6330	0.1708	0.8058	-0.0471	0.4370	-0.4013	-0.0129	0.1068	-0.0532	
16.4221	-27.4248	4.3988	0.6367	-0.6329	0.1711	0.7815	-0.0709	0.4724	-0.4038	-0.0113	0.1059	-0.0492	
16.4828	-27.4904	4.4153	0.6365	-0.6331	0.1711	0.7458	-0.0847	0.5189	-0.4110	-0.0124	0.1077	-0.0424	
16.5448	-27.5571	4.4330	0.6365	-0.6332	0.1711	0.7191	-0.0833	0.5573	-0.4118	-0.0130	0.1054	-0.0342	
16.6095	-27.6189	4.4502	0.6365	-0.6332	0.1711	0.6754	-0.0855	0.6057	-0.4135	-0.0149	0.1079	-0.0265	
16.6704	-27.6860	4.4658	0.6364	-0.6334	0.1710	0.6370	-0.1006	0.6460	-0.4091	-0.0134	0.1091	-0.0226	
16.7295	-27.7463	4.4800	0.6361	-0.6332	0.1708	0.5952	-0.1138	0.6864	-0.4024	-0.0124	0.1106	-0.0185	
16.7915	-27.8022	4.4980	0.6360	-0.6328	0.1709	0.5495	-0.1084	0.7271	-0.3988	-0.0151	0.1110	-0.0119	
16.8528	-27.8617	4.5131	0.6359	-0.6326	0.1708	0.5000	-0.1039	0.7639	-0.3956	-0.0179	0.1113	-0.0066	
16.9120	-27.9180	4.5333	0.6356	-0.6322	0.1710	0.4665	-0.0989	0.7894	-0.3900	-0.0185	0.1073	-0.0027	
16.9671	-27.9831	4.5533	0.6352	-0.6323	0.1711	0.4211	-0.1053	0.8107	-0.3937	-0.0203	0.1059	-0.0025	
17.0317	-28.0460	4.5675	0.6352	-0.6323	0.1710	0.3571	-0.1084	0.8343	-0.4047	-0.0257	0.1078	-0.0028	
17.0958	-28.1049	4.5846	0.6353	-0.6320	0.1709	0.3122	-0.0983	0.8555	-0.4032	-0.0284	0.1052	0.0002	
17.1594	-28.1706	4.6022	0.6353	-0.6322	0.1710	0.2553	-0.0926	0.8732	-0.4045	-0.0319	0.1051	0.0015	
17.2222	-28.2310	4.6203	0.6352	-0.6320	0.1710	0.2022	-0.0744	0.8936	-0.3948	-0.0352	0.1042	0.0064	
17.2855	-28.2902	4.6402	0.6352	-0.6318	0.1712	0.1612	-0.0751	0.8986	-0.4036	-0.0360	0.1002	0.0035	
17.3465	-28.3558	4.6519	0.6351	-0.6319	0.1709	0.1189	-0.0654	0.9046	-0.4060	-0.0378	0.0965	0.0034	
17.4081	-28.4189	4.6704	0.6350	-0.6319	0.1710	0.0627	-0.0485	0.9081	-0.4115	-0.0426	0.0955	0.0027	
17.4716	-28.4781	4.6855	0.6350	-0.6317	0.1709	0.0076	-0.0219	0.9087	-0.4175	-0.0367	0.0974	0.0034	
17.5359	-28.5373	4.6998	0.6350	-0.6315	0.1707	0.0428	0.0191	-0.9036	0.4263	-0.0385	0.0960	0.0004	
17.5985	-28.6071	4.7167	0.6350	-0.6319	0.1707	0.0877	0.0123	-0.8970	0.4344	-0.0401	0.0933	-0.0018	
17.6621	-28.6700	4.7330	0.6350	-0.6318	0.1707	0.1438	0.0026	-0.8846	0.4434	-0.0435	0.0933	-0.0046	
17.7287	-28.7321	4.7480	0.6351	-0.6318	0.1705	0.1947	0.0087	-0.8741	0.4449	-0.0426	0.0937	-0.0059	
17.7913	-28.7906	4.7657	0.6351	-0.6315	0.1706	0.2404	0.0061	-0.8582	0.4543	-0.0429	0.0922	-0.0091	
17.8552	-28.8565	4.7868	0.6351	-0.6317	0.1708	0.2866	-0.0076	-0.8416	0.4584	-0.0455	0.0903	-0.0103	
17.9145	-28.9214	4.8070	0.6349	-0.6318	0.1710	0.3325	-0.0157	-0.8173	0.4709	-0.0465	0.0892	-0.0145	
17.9766	-28.9879	4.8280	0.6348	-0.6319	0.1712	0.3900	-0.0072	-0.7803	0.4882	-0.0453	0.0931	-0.0210	
18.0429	-29.0495	4.8423	0.6350	-0.6319	0.1710	0.4322	0.0109	-0.7522	0.4979	-0.0406	0.0941	-0.0237	
18.1056	-29.1140	4.8626	0.6349	-0.6319	0.1712	0.4749	0.0113	-0.7150	0.5131	-0.0398	0.0942	-0.0283	
18.1663	-29.1740	4.8780	0.6348	-0.6318	0.1711	0.5126	0.0249	-0.6804	0.5235	-0.0360	0.0946	-0.0308	
18.2259	-29.2338	4.8945	0.6346	-0.6316	0.1711	0.5439	0.0420	-0.6473	0.5332	-0.0311	0.0943	-0.0323	
18.2878	-29.2937	4.9090	0.6345	-0.6314	0.1709	0.5839	0.0599	-0.5962	0.5470	-0.0274	0.0978	-0.0367	
18.3519	-29.3602	4.9254	0.6345	-0.6316	0.1709	0.6035	0.0817	-0.5631	0.5605	-0.0208	0.0958	-0.0373	
18.4216	-29.4234	4.9442	0.6349	-0.6316	0.1710	0.6347	0.1036	-0.5150	0.5662	-0.0173	0.0983	-0.0386	
18.4858	-29.4871	4.9594	0.6349	-0.6316	0.1709	0.6618	0.1212	-0.4667	0.5738	-0.0143	0.0994	-0.0402	
18.5453	-29.5496	4.9778	0.6347	-0.6316	0.1709	0.6909	0.1513	-0.4182	0.5695	-0.0108	0.1025	-0.0386	
18.6127	-29.6138	4.9955	0.6349	-0.6316	0.1710	0.7080	0.1917	-0.3698	0.5705	-0.0039	0.1052	-0.0364	
18.6804	-29.6828	5.0120	0.6351	-0.6319	0.1709	0.7239	0.2158	-0.3224	0.5707	-0.0008	0.1053	-0.0359	
18.7450	-29.7465	5.0275	0.6352	-0.6320	0.1709	0.7351	0.2504	-0.2625	0.5721	0.0049	0.1087	-0.0357	
18.8069	-29.8130	5.0456	0.6351	-0.6321	0.1709	0.7414	0.2837	-0.2214	0.5675	0.0087	0.1080	-0.0319	
18.8669	-29.8743	5.0673	0.6349	-0.6320	0.1711	0.7454	0.3156	-0.1770	0.5605	0.0119	0.1078	-0.0287	
18.9295	-29.9364	5.0839	0.6349	-0.6320	0.1711	0.7447	0.3571	-0.1282	0.5491	0.0160	0.1099	-0.0242	
18.9930	-29.9950	5.0996	0.6348	-0.6318	0.1711	0.7406	0.4002	-0.0723	0.5342	0.0199	0.1136	-0.0203	
19.0542	-30.0500	5.1228	0.6347	-0.6313	0.1713	0.7355	0.4513	-0.0347	0.5052	0.0207	0.1156	-0.0113	
19.1182	-30.1109	5.1429	0.6348	-0.6312	0.1715	0.7250	0.4914	0.0110	0.4824	0.0223	0.1170	-0.0067	
19.1866	-30.1758	5.1604	0.6350	-0.6313	0.1715	0.7133	0.5406	0.0417	0.4454	0.0206	0.1181	0.0022	
19.2501	-30.2409	5.1862	0.6350	-0.6314	0.1719	0.7015	0.5873	0.0883	0.3924	0.0178	0.1235	0.0085	
19.3197	-30.3028	5.1964	0.6353	-0.6314	0.1716	0.6838	0.6383	0.1080	0.3393	0.0126	0.1244	0.0188	
19.3880	-30.3669	5.2186	0.6355	-0.6314	0.1718	0.6648	0.6740	0.1380	0.2910	0.0093	0.1249	0.0233	
19.4560	-30.4355	5.2390	0.6358	-0.6317	0.1720	0.6419	0.7148	0.1464	0.2400	0.0032	0.1229	0.0311	
19.5202	-30.5050	5.2508	0.6358	-0.6320	0.1717	0.6147	0.7488	0.1603	0.1913	-0.0009	0.1216	0.0363	
19.5809	-30.5670	5.2725	0.6356	-0.6319	0.1720	0.5902	0.7774	0.1686	0.1425	-0.0059	0.1191	0.0400	
19.6385	-30.6291	5.2889	0.6354	-0.6319	0.1719	0.5661	0.8001	0.1777	0.0962	-0.0099	0.1164	0.0419	
19.7008	-30.6901	5.3035	0.6353	-0.6318	0.1718	0.5359	0.8243	0.1797	0.0458	-0.0150	0.1142	0.0454	
19.7631	-30.7530	5.3171	0.6352	-0.6317	0.1716	0.5116	0.8420	0.1744	-0.0125	-0.0226	0.1120	0.0467	
19.8264	-30.8108	5.3353	0.6352	-0.6315	0.1717	0.4792	0.8611	0.1640	-0.0600	-0.0281	0.1083	0.0498	
19.8875	-30.8738	5.3551	0.6351	-0.6315	0.1718	0.4526	0.8730	0.1564	-0.1030	-0.0318	0.1041	0.0500	
19.9498	-30.9403	5.3689	0.6351	-0.6316	0.1716	0.4284	0.8761	0.1577	-0.1572	-0.0352	0.1033	0.0479	
20.0137	-31.0113	5.3812	0.6351	-0.6320	0.1714	0.4069	0.8761	0.1385	-0.2207	-0.0436	0.1021	0.0452	
20.0753	-31.0755	5.3972	0.6350	-0.6320	0.1714	0.3937	0.8685	0.1360	-0.2721	-0.0456	0.1004	0.0398	
20.1417	-31.1413	5.4182	0.6351	-0.6322	0.1715	0.3748	0.8623	0.1147	-0.3232	-0.0513	0.0975	0.0368	
20.2060	-31.2020	5.4368	0.6352	-0.6320	0.1716	0.3523	0.8509	0.1103	-0.3744	-0.0529	0.0971	0.0343	
20.2685	-31.2645	5.4551	0.6351	-0.6320	0.1717	0.3363	0.8394	0.1072	-0.4156	-0.0522	0.0948	0.0309	
20.3325	-31.3300	5.4698	0.6351	-0.6321	0.1715	0.3181	0.8201	0.1006	-0.4655	-0.0535	0.0948	0.0272	
20.3964	-31.3924	5.4873	0.6352	-0.6321	0.1716	0.3018	0.8033	0.0818	-0.5084	-0.0562	0.0924	0.0238	
20.4624	-31.4602	5.5028	0.6353	-0.6323	0.1715	0.2914	0.7811	0.0673	-0.5496	-0.0570	0.0907	0.0190	
20.5256	-31.5263	5.5154	0.6353	-0.6324	0.1713	0.2706	0.7482	0.0634	-0.6020	-0.0575	0.0936	0.0159	
20.5893	-31.5904	5.5290	0.6353	-0.6325	0.1711	0.2507	0.7220	0.0431	-0.6439	-0.0603	0.0924	0.0133	
20.6536	-31.6569	5.5452	0.6353	-0.6326	0.1711	0.2452	0.6837	0.0419	-0.6868	-0.0570	0.0942	0.0082	
20.7164	-31.7188	5.5639	0.6353	-0.6325	0.1711	0.2431	0.6522	0.0436	-0.7183	-0.0521	0.0933	0.0046	
20.7785	-31.7850	5.5832	0.6352	-0.6327	0.1712	0.2394	0.6100	0.0307	-0.7553	-0.0514	0.0941	-0.0007	
20.8469	-31.8504	5.5990	0.6354	-0.6328	0.1712	0.2341	0.5716	0.0354	-0.7864	-0.0470	0.0946	-0.0026	
20.9126	-31.9143	5.6127	0.6355	-0.6328	0.1710	0.2200	0.5258	0.0307	-0.8208	-0.0466	0.0964	-0.0047	
20.9754	-31.9764	5.6319	0.6355	-0.6328	0.1711	0.2119	0.4747	0.0166	-0.8540	-0.0471	0.0981	-0.0090	
21.0344	-32.0394	5.6495	0.6353	-0.6327	0.1711	0.2156	0.4344	0.0059	-0.8756	-0.0441	0.0963	-0.0128	
21.0972	-32.1043	5.6683	0.6353	-0.6328	0.1712	0.2128	0.3957	0.0229	-0.8942	-0.0374	0.0960	-0.0106	
21.1575	-32.1647	5.6827	0.6351	-0.6327	0.1711	0.1991	0.3433	0.0297	-0.9171	-0.0354	0.0984	-0.0101	
21.2158	-32.2328	5.6963	0.6349	-0.6329	0.1709	0.1935	0.2934	0.0448	-0.9353	-0.0307	0.1001	-0.0087	
21.2778	-32.2945	5.7156	0.6348	-0.6328	0.1710	0.1784	0.2468	0.0475	-0.9514	-0.0304	0.1000	-0.0083	
21.3386	-32.3540	5.7352	0.6347	-0.6327	0.1711	0.1705	0.1947	0.0633	-0.9639	-0.0267	0.1017	-0.0062	
21.3998	-32.4166	5.7541	0.6346	-0.6326	0.1712	0.1568	0.1490	0.0827	-0.9731	-0.0242	0.1018	-0.0025	
21.4675	-32.4819	5.7728	0.6348	-0.6327	0.1713	0.1474	0.0870	0.1007	-0.9797	-0.0212	0.1055	-0.0009	
21.5260	-32.5384	5.7960	0.6346	-0.6324	0.1716	0.1399	0.0340	0.1217	-0.9821	-0.0180	0.1066	0.0020	
21.5872	-32.6014	5.8126	0.6345	-0.6324	0.1715	0.1278	-0.0098	0.1492	-0.9810	-0.0158	0.1058	0.0071	
21.6518	-32.6685	5.8320	0.6345	-0.6326	0.1716	0.1014	-0.0607	0.1853	-0.9755	-0.0163	0.1073	0.0143	
21.7121	-32.7322	5.8537	0.6344	-0.6326	0.1718	0.0829	-0.0981	0.2109	-0.9696	-0.0164	0.1049	0.0183	
21.7755	-32.7938	5.8697	0.6344	-0.6325	0.1718	0.0701	-0.1416	0.2359	-0.9591	-0.0151	0.1043	0.0212	
21.8381	-32.8518	5.8869	0.6343	-0.6323	0.1718	0.0581	-0.1735	0.2668	-0.9471	-0.0143	0.1012	0.0259	
21.9041	-32.9141	5.8986	0.6345	-0.6322	0.1715	0.0242	-0.2105	0.2923	-0.9326	-0.0183	0.1001	0.0290	
21.9727	-32.9756	5.9155	0.6347	-0.6322	0.1715	-0.0050	-0.2391	0.3189	-0.9176	-0.0158	0.1028	0.0260	
22.0387	-33.0430	5.9331	0.6348	-0.6324	0.1715	0.0343	0.2674	-0.3532	0.8965	-0.0194	0.1002	0.0320	
22.1068	-33.1083	5.9488	0.6350	-0.6324	0.1715	0.0778	0.3021	-0.3906	0.8658	-0.0255	0.1004	0.0385	
22.1691	-33.1702	5.9661	0.6349	-0.6324	0.1715	0.1244	0.3361	-0.4270	0.8296	-0.0318	0.1010	0.0443	
22.2359	-33.2312	5.9819	0.6351	-0.6323	0.1714	0.1576	0.3499	-0.4543	0.8052	-0.0360	0.0960	0.0463	
22.2954	-33.2973	5.9979	0.6349	-0.6324	0.1714	0.1999	0.3732	-0.4763	0.7705	-0.0408	0.0949	0.0474	
22.3602	-33.3585	6.0159	0.6350	-0.6323	0.1714	0.2346	0.3964	-0.5001	0.7332	-0.0437	0.0938	0.0492	
22.4235	-33.4247	6.0345	0.6350	-0.6325	0.1715	0.2892	0.4181	-0.5232	0.6829	-0.0514	0.0949	0.0510	
22.4882	-33.4907	6.0529	0.6350	-0.6326	0.1715	0.3376	0.4152	-0.5549	0.6377	-0.0603	0.0906	0.0536	
22.5514	-33.5523	6.0749	0.6350	-0.6325	0.1717	0.3838	0.4108	-0.5855	0.5839	-0.0685	0.0873	0.0567	
22.6138	-33.6192	6.0908	0.6349	-0.6327	0.1717	0.4310	0.4026	-0.6082	0.5313	-0.0759	0.0844	0.0570	
22.6808	-33.6825	6.1088	0.6351	-0.6327	0.1717	0.4754	0.3946	-0.6247	0.4775	-0.0818	0.0821	0.0564	
22.7380	-33.7454	6.1273	0.6348	-0.6326	0.1718	0.5244	0.3706	-0.6378	0.4263	-0.0897	0.0785	0.0535	
22.8020	-33.8083	6.1409	0.6348	-0.6326	0.1716	0.5711	0.3537	-0.6321	0.3899	-0.0921	0.0766	0.0460	
22.8621	-33.8688	6.1574	0.6347	-0.6325	0.1716	0.6089	0.3278	-0.6358	0.3451	-0.0961	0.0729	0.0425	
22.9253	-33.9331	6.1769	0.6347	-0.6326	0.1717	0.6414	0.3208	-0.6285	0.3044	-0.0942	0.0721	0.0391	
22.9902	-33.9995	6.1913	0.6348	-0.6327	0.1716	0.6833	0.2972	-0.6151	0.2599	-0.0970	0.0722	0.0332	
23.0537	-34.0592	6.2051	0.6348	-0.6325	0.1714	0.7155	0.2917	-0.5978	0.2170	-0.0944	0.0734	0.0301	
23.1203	-34.1217	6.2222	0.6349	-0.6325	0.1714	0.7530	0.2710	-0.5710	0.1936	-0.0920	0.0738	0.0216	
23.1857	-34.1858	6.2391	0.6350	-0.6325	0.1714	0.7911	0.2402	-0.5408	0.1604	-0.0931	0.0748	0.0138	
23.2491	-34.2502	6.2568	0.6349	-0.6326	0.1714	0.8238	0.1937	-0.5179	0.1391	-0.0950	0.0717	0.0047	
23.3145	-34.3158	6.2736	0.6350	-0.6327	0.1714	0.8490	0.1652	-0.4908	0.1177	-0.0926	0.0704	-0.0008	
23.3748	-34.3810	6.2887	0.6349	-0.6328	0.1714	0.8797	0.1469	-0.4444	0.0926	-0.0886	0.0748	-0.0058	
23.4373	-34.4481	6.3035	0.6349	-0.6329	0.1713	0.9029	0.1411	-0.4028	0.0516	-0.0856	0.0788	-0.0053	
23.5032	-34.5079	6.3187	0.6350	-0.6328	0.1712	0.9273	0.1095	-0.3588	0.0317	-0.0836	0.0802	-0.0119	
23.5668	-34.5693	6.3366	0.6350	-0.6327	0.1712	0.9461	0.0830	-0.3140	0.0070	-0.0816	0.0818	-0.0159	
23.6282	-34.6325	6.3503	0.6349	-0.6327	0.1711	0.9614	0.0560	-0.2738	-0.0054	-0.0777	0.0813	-0.0204	
23.6906	-34.6967	6.3677	0.6348	-0.6327	0.1711	0.9726	0.0342	-0.2288	-0.0303	-0.0756	0.0826	-0.0222	
23.7586	-34.7650	6.3835	0.6350	-0.6329	0.1710	0.9832	0.0138	-0.1843	-0.0378	-0.0702	0.0830	-0.0251	
23.8199	-34.8307	6.3987	0.6349	-0.6330	0.1710	0.9923	-0.0009	-0.1264	-0.0386	-0.0633	0.0866	-0.0273	
23.8800	-34.8943	6.4154	0.6348	-0.6330	0.1709	0.9955	-0.0218	-0.0620	-0.0605	-0.0617	0.0917	-0.0291	
23.9435	-34.9582	6.4287	0.6348	-0.6331	0.1708	0.9964	-0.0325	-0.0252	-0.0837	-0.0600	0.0896	-0.0271	
24.0022	-35.0227	6.4438	0.6346	-0.6331	0.1707	0.9968	-0.0328	0.0125	-0.0905	-0.0546	0.0878	-0.0239	
24.0656	-35.0841	6.4599	0.6346	-0.6330	0.1707	0.9897	-0.0395	0.0643	-0.1194	-0.0549	0.0901	-0.0216	
24.1259	-35.1434	6.4726	0.6345	-0.6329	0.1705	0.9824	-0.0452	0.1211	-0.1348	-0.0525	0.0930	-0.0200	
24.1901	-35.2099	6.4907	0.6345	-0.6330	0.1706	0.9718	-0.0477	0.1719	-0.1544	-0.0512	0.0943	-0.0176	
24.2516	-35.2721	6.5061	0.6344	-0.6330	0.1705	0.9632	-0.0446	0.2198	-0.1546	-0.0460	0.0945	-0.0148	
24.3131	-35.3373	6.5233	0.6344	-0.6330	0.1705	0.9485	-0.0373	0.2621	-0.1762	-0.0462	0.0936	-0.0105	
24.3775	-35.4011	6.5421	0.6344	-0.6330	0.1706	0.9265	-0.0305	0.3134	-0.2043	-0.0482	0.0952	-0.0068	
24.4365	-35.4646	6.5587	0.6342	-0.6331	0.1705	0.9061	-0.0119	0.3627	-0.2188	-0.0477	0.0960	-0.0009	
24.4990	-35.5265	6.5762	0.6342	-0.6330	0.1706	0.8811	-0.0042	0.4151	-0.2265	-0.0454	0.0981	0.0015	
24.5573	-35.5864	6.5907	0.6340	-0.6329	0.1705	0.8561	0.0086	0.4605	-0.2354	-0.0441	0.0981	0.0049	
24.6204	-35.6500	6.6079	0.6340	-0.6329	0.1705	0.8340	0.0110	0.4917	-0.2531	-0.0440	0.0950	0.0050	
24.6832	-35.7147	6.6228	0.6340	-0.6329	0.1704	0.8072	0.0255	0.5284	-0.2633	-0.0435	0.0935	0.0082	
24.7437	-35.7761	6.6410	0.6338	-0.6329	0.1704	0.7715	0.0446	0.5725	-0.2734	-0.0441	0.0948	0.0122	
24.8063	-35.8355	6.6587	0.6338	-0.6327	0.1705	0.7390	0.0561	0.6024	-0.2970	-0.0468	0.0926	0.0130	
24.8708	-35.8948	6.6769	0.6339	-0.6326	0.1705	0.6984	0.0705	0.6363	-0.3192	-0.0499	0.0925	0.0144	
24.9368	-35.9574	6.6927	0.6340	-0.6325	0.1705	0.6670	0.1030	0.6552	-0.3420	-0.0545	0.0872	0.0182	
25.0004	-36.0189	6.7097	0.6340	-0.6325	0.1704	0.6266	0.1223	0.6794	-0.3617	-0.0570	0.0858	0.0196	
25.0627	-36.0814	6.7282	0.6339	-0.6324	0.1705	0.5938	0.1469	0.6952	-0.3792	-0.0591	0.0816	0.0212	
25.1247	-36.1465	6.7464	0.6339	-0.6325	0.1705	0.5509	0.1586	0.7074	-0.4139	-0.0637	0.0795	0.0184	
25.1911	-36.2053	6.7617	0.6340	-0.6323	0.1705	0.5079	0.1763	0.7130	-0.4506	-0.0694	0.0763	0.0158	
25.2552	-36.2631	6.7807	0.6340	-0.6321	0.1706	0.4650	0.1975	0.7169	-0.4807	-0.0737	0.0732	0.0145	
25.3179	-36.3264	6.7946	0.6340	-0.6321	0.1704	0.4058	0.2256	0.7252	-0.5072	-0.0793	0.0735	0.0158	
25.3821	-36.3892	6.8070	0.6340	-0.6321	0.1703	0.3667	0.2414	0.7255	-0.5311	-0.0802	0.0701	0.0139	
25.4495	-36.4561	6.8238	0.6342	-0.6323	0.1703	0.3211	0.2542	0.7198	-0.5609	-0.0826	0.0680	0.0104	
25.5132	-36.5213	6.8373	0.6342	-0.6323	0.1701	0.2641	0.2789	0.7038	-0.5971	-0.0896	0.0661	0.0070	
25.5767	-36.5864	6.8558	0.6342	-0.6324	0.1702	0.2223	0.2842	0.6854	-0.6335	-0.0909	0.0637	0.0003	
25.6395	-36.6531	6.8725	0.6342	-0.6325	0.1702	0.1771	0.2850	0.6636	-0.6692	-0.0918	0.0626	-0.0064	
25.7029	-36.7181	6.8851	0.6342	-0.6326	0.1700	0.1356	0.2608	0.6360	-0.7153	-0.0897	0.0640	-0.0182	
25.7656	-36.7803	6.9011	0.6341	-0.6326	0.1700	0.1060	0.2559	0.6058	-0.7474	-0.0875	0.0611	-0.0249	
25.8301	-36.8432	6.9156	0.6342	-0.6326	0.1699	0.0618	0.2553	0.5659	-0.7814	-0.0895	0.0602	-0.0317	
25.8892	-36.9039	6.9214	0.6340	-0.6325	0.1695	0.0239	0.2409	0.5249	-0.8163	-0.0904	0.0603	-0.0234	
25.9478	-36.9704	6.9356	0.6338	-0.6326	0.1694	0.0302	-0.2050	-0.4947	0.8441	-0.0875	0.0662	-0.0305	
26.0132	-37.0338	6.9512	0.6339	-0.6326	0.1693	0.0706	-0.1802	-0.4641	0.8648	-0.0840	0.0681	-0.0352	
26.0745	-37.0970	6.9657	0.6338	-0.6326	0.1692	0.1010	-0.1462	-0.4298	0.8863	-0.0778	0.0704	-0.0413	
26.1376	-37.1598	6.9831	0.6338	-0.6326	0.1693	0.1342	-0.1033	-0.3843	0.9079	-0.0724	0.0748	-0.0492	
26.1962	-37.2243	6.9985	0.6336	-0.6326	0.1692	0.1773	-0.0527	-0.3475	0.9190	-0.0678	0.0814	-0.0527	
26.2559	-37.2938	7.0155	0.6335	-0.6328	0.1692	0.2123	-0.0231	-0.3024	0.9288	-0.0656	0.0826	-0.0565	
26.3171	-37.3592	7.0347	0.6334	-0.6329	0.1693	0.2444	0.0231	-0.2640	0.9328	-0.0605	0.0869	-0.0582	
26.3844	-37.4189	7.0507	0.6336	-0.6328	0.1692	0.2794	0.0753	-0.2179	0.9315	-0.0564	0.0927	-0.0608	
26.4465	-37.4847	7.0701	0.6335	-0.6329	0.1693	0.3041	0.1174	-0.1752	0.9291	-0.0520	0.0950	-0.0621	
26.5111	-37.5480	7.0876	0.6336	-0.6329	0.1694	0.3224	0.1624	-0.1385	0.9227	-0.0465	0.0972	-0.0614	
26.5741	-37.6122	7.1051	0.6336	-0.6329	0.1694	0.3464	0.2060	-0.1019	0.9096	-0.0434	0.0995	-0.0601	
26.6350	-37.6779	7.1211	0.6335	-0.6330	0.1693	0.3596	0.2410	-0.0563	0.9002	-0.0391	0.0995	-0.0617	
26.6968	-37.7434	7.1399	0.6334	-0.6331	0.1694	0.3725	0.2975	-0.0239	0.8789	-0.0343	0.1044	-0.0581	
26.7631	-37.8036	7.1578	0.6335	-0.6329	0.1694	0.3775	0.3538	-0.0027	0.8568	-0.0293	0.1079	-0.0519	
26.8277	-37.8663	7.1757	0.6336	-0.6329	0.1695	0.3913	0.3944	0.0218	0.8319	-0.0279	0.1079	-0.0482	
26.8916	-37.9317	7.1937	0.6336	-0.6330	0.1695	0.3885	0.4460	0.0485	0.8055	-0.0228	0.1107	-0.0443	
26.9561	-37.9985	7.2106	0.6336	-0.6331	0.1695	0.3968	0.4844	0.0723	0.7770	-0.0217	0.1103	-0.0415	
27.0201	-38.0659	7.2253	0.6337	-0.6333	0.1694	0.3960	0.5244	0.0949	0.7486	-0.0189	0.1103	-0.0383	
27.0825	-38.1269	7.2410	0.6336	-0.6332	0.1694	0.4033	0.5667	0.0993	0.7129	-0.0205	0.1100	-0.0313	
27.1476	-38.1917	7.2567	0.6337	-0.6332	0.1693	0.3954	0.6004	0.1037	0.6899	-0.0182	0.1068	-0.0255	
27.2145	-38.2568	7.2736	0.6338	-0.6333	0.1693	0.3908	0.6497	0.0993	0.6454	-0.0195	0.1091	-0.0171	
27.2752	-38.3168	7.2951	0.6337	-0.6332	0.1695	0.3884	0.6891	0.0985	0.6046	-0.0206	0.1090	-0.0114	
27.3421	-38.3807	7.3151	0.6338	-0.6332	0.1696	0.3897	0.7263	0.0923	0.5594	-0.0236	0.1086	-0.0061	
27.4088	-38.4438	7.3319	0.6339	-0.6332	0.1696	0.3928	0.7575	0.0959	0.5127	-0.0253	0.1083	-0.0040	
27.4707	-38.5066	7.3476	0.6339	-0.6332	0.1696	0.3961	0.7852	0.0938	0.4674	-0.0277	0.1068	-0.0017	
27.5343	-38.5691	7.3624	0.6339	-0.6331	0.1695	0.3828	0.8217	0.0774	0.4160	-0.0299	0.1077	0.0057	
27.5962	-38.6305	7.3767	0.6339	-0.6331	0.1694	0.3918	0.8453	0.0590	0.3589	-0.0367	0.1063	0.0080	
27.6595	-38.6958	7.3977	0.6338	-0.6331	0.1695	0.3888	0.8662	0.0534	0.3104	-0.0377	0.1050	0.0096	
27.7217	-38.7594	7.4167	0.6338	-0.6332	0.1696	0.3858	0.8837	0.0460	0.2623	-0.0389	0.1033	0.0110	
27.7837	-38.8230	7.4339	0.6338	-0.6332	0.1696	0.3905	0.8947	0.0368	0.2167	-0.0411	0.1002	0.0103	
27.8461	-38.8846	7.4536	0.6337	-0.6331	0.1697	0.4020	0.9002	0.0263	0.1690	-0.0445	0.0971	0.0078	
27.9081	-38.9491	7.4697	0.6337	-0.6332	0.1697	0.4115	0.9035	0.0261	0.1204	-0.0451	0.0954	0.0047	
27.9730	-39.0125	7.4843	0.6337	-0.6332	0.1696	0.4160	0.9066	0.0212	0.0683	-0.0465	0.0946	0.0034	
28.0380	-39.0771	7.5044	0.6338	-0.6332	0.1697	0.4189	0.9077	0.0201	0.0154	-0.0470	0.0944	0.0021	
28.1032	-39.1377	7.5229	0.6339	-0.6331	0.1698	0.4316	0.9029	0.0094	-0.0235	-0.0484	0.0901	-0.0013	
28.1654	-39.2043	7.5390	0.6338	-0.6332	0.1697	0.4525	0.8896	-0.0193	-0.0716	-0.0546	0.0866	-0.0061	
28.2299	-39.2700	7.5579	0.6338	-0.6333	0.1698	0.4662	0.8769	-0.0444	-0.1142	-0.0585	0.0830	-0.0089	
28.2972	-39.3338	7.5745	0.6340	-0.6333	0.1698	0.4724	0.8650	-0.0419	-0.1644	-0.0569	0.0837	-0.0107	
28.3597	-39.3981	7.5905	0.6339	-0.6333	0.1697	0.4898	0.8476	-0.0356	-0.2043	-0.0534	0.0827	-0.0157	
28.4250	-39.4598	7.6089	0.6340	-0.6333	0.1698	0.4979	0.8312	-0.0408	-0.2452	-0.0529	0.0813	-0.0173	
28.4909	-39.5235	7.6295	0.6341	-0.6333	0.1699	0.5176	0.8039	-0.0343	-0.2913	-0.0507	0.0825	-0.0231	
28.5543	-39.5892	7.6482	0.6341	-0.6334	0.1700	0.5364	0.7806	-0.0297	-0.3221	-0.0469	0.0805	-0.0271	
28.6176	-39.6518	7.6671	0.6341	-0.6334	0.1700	0.5544	0.7439	-0.0196	-0.3717	-0.0450	0.0837	-0.0323	
28.6820	-39.7190	7.6854	0.6341	-0.6335	0.1701	0.5728	0.7030	-0.0108	-0.4205	-0.0435	0.0866	-0.0375	
28.7475	-39.7797	7.7025	0.6342	-0.6334	0.1701	0.5966	0.6588	0.0068	-0.4585	-0.0385	0.0888	-0.0433	
28.8110	-39.8387	7.7174	0.6342	-0.6333	0.1700	0.6068	0.6158	0.0285	-0.5010	-0.0346	0.0921	-0.0452	
28.8753	-39.8991	7.7341	0.6342	-0.6332	0.1700	0.6293	0.5694	0.0460	-0.5275	-0.0290	0.0926	-0.0497	
28.9398	-39.9634	7.7488	0.6343	-0.6332	0.1699	0.6350	0.5267	0.0716	-0.5605	-0.0247	0.0949	-0.0494	
29.0040	-40.0302	7.7673	0.6343	-0.6333	0.1700	0.6322	0.4831	0.1124	-0.5952	-0.0190	0.0995	-0.0464	
29.0656	-40.0934	7.7836	0.6342	-0.6333	0.1699	0.6443	0.4280	0.1253	-0.6211	-0.0166	0.1001	-0.0503	
29.1260	-40.1584	7.7988	0.6341	-0.6333	0.1699	0.6439	0.3672	0.1678	-0.6491	-0.0104	0.1062	-0.0497	
29.1913	-40.2225	7.8196	0.6342	-0.6334	0.1700	0.6469	0.3161	0.2083	-0.6624	-0.0034	0.1086	-0.0478	
29.2539	-40.2858	7.8358	0.6342	-0.6334	0.1700	0.6441	0.2767	0.2542	-0.6678	0.0035	0.1096	-0.0423	
29.3199	-40.3528	7.8533	0.6342	-0.6335	0.1700	0.6459	0.2261	0.2867	-0.6709	0.0088	0.1097	-0.0416	
29.3811	-40.4157	7.8704	0.6342	-0.6335	0.1700	0.6336	0.1798	0.3169	-0.6828	0.0097	0.1102	-0.0388	
29.4485	-40.4815	7.8860	0.6343	-0.6336	0.1700	0.6119	0.1381	0.3604	-0.6909	0.0110	0.1124	-0.0326	
29.5105	-40.5432	7.9008	0.6343	-0.6335	0.1699	0.5713	0.0974	0.4128	-0.7032	0.0095	0.1173	-0.0235	
29.5768	-40.6074	7.9165	0.6343	-0.6335	0.1699	0.5441	0.0667	0.4653	-0.6963	0.0117	0.1187	-0.0146	
29.6421	-40.6712	7.9346	0.6344	-0.6335	0.1699	0.5145	0.0234	0.5108	-0.6882	0.0136	0.1211	-0.0095	
29.7071	-40.7335	7.9513	0.6345	-0.6335	0.1699	0.4929	-0.0156	0.5507	-0.6741	0.0166	0.1210	-0.0056	
29.7683	-40.7994	7.9687	0.6344	-0.6336	0.1699	0.4655	-0.0466	0.6034	-0.6469	0.0201	0.1222	0.0028	
29.8311	-40.8638	7.9836	0.6344	-0.6336	0.1698	0.4204	-0.0843	0.6440	-0.6332	0.0183	0.1246	0.0073	
29.8944	-40.9272	8.0023	0.6344	-0.6336	0.1699	0.3658	-0.1136	0.6776	-0.6280	0.0123	0.1258	0.0107	
29.9568	-40.9876	8.0193	0.6343	-0.6335	0.1699	0.3303	-0.1356	0.7131	-0.6048	0.0119	0.1241	0.0158	
30.0215	-41.0506	8.0388	0.6344	-0.6335	0.1700	0.2924	-0.1438	0.7513	-0.5763	0.0098	0.1216	0.0231	
30.0872	-41.1141	8.0570	0.6344	-0.6335	0.1700	0.2379	-0.1667	0.7815	-0.5518	0.0065	0.1230	0.0267	
30.1509	-41.1756	8.0752	0.6345	-0.6335	0.1700	0.1951	-0.1689	0.8028	-0.5408	0.0008	0.1183	0.0278	
30.2142	-41.2408	8.0924	0.6344	-0.6335	0.1700	0.1368	-0.1558	0.8360	-0.5105	-0.0072	0.1169	0.0357	
30.2736	-41.3048	8.1063	0.6343	-0.6335	0.1699	0.0840	-0.1554	0.8565	-0.4861	-0.0120	0.1150	0.0384	
30.3399	-41.3697	8.1209	0.6344	-0.6336	0.1699	0.0280	-0.1577	0.8740	-0.4590	-0.0087	0.1156	0.0363	
30.4050	-41.4337	8.1401	0.6345	-0.6336	0.1699	0.0249	0.1627	-0.8806	0.4460	-0.0131	0.1136	0.0343	
30.4673	-41.4977	8.1585	0.6344	-0.6336	0.1700	0.0893	0.1614	-0.8870	0.4234	-0.0193	0.1141	0.0348	
30.5335	-41.5582	8.1759	0.6345	-0.6335	0.1700	0.1381	0.1594	-0.8906	0.4050	-0.0228	0.1112	0.0342	
30.6004	-41.6183	8.1925	0.6346	-0.6334	0.1700	0.1934	0.1561	-0.8877	0.3890	-0.0270	0.1099	0.0321	
30.6622	-41.6835	8.2095	0.6346	-0.6335	0.1700	0.2415	0.1346	-0.8846	0.3802	-0.0332	0.1052	0.0295	
30.7223	-41.7462	8.2257	0.6345	-0.6335	0.1700	0.2862	0.1333	-0.8749	0.3698	-0.0342	0.1025	0.0262	
30.7889	-41.8097	8.2433	0.6346	-0.6335	0.1700	0.3269	0.1189	-0.8726	0.3455	-0.0379	0.0986	0.0278	
30.8542	-41.8713	8.2612	0.6346	-0.6334	0.1700	0.3794	0.1088	-0.8567	0.3329	-0.0410	0.0982	0.0243	
30.9156	-41.9381	8.2794	0.6346	-0.6335	0.1700	0.4279	0.0811	-0.8436	0.3163	-0.0474	0.0954	0.0227	
30.9782	-42.0019	8.2932	0.6345	-0.6336	0.1699	0.4812	0.0760	-0.8205	0.2987	-0.0488	0.0968	0.0201	
31.0411	-42.0652	8.3105	0.6345	-0.6335	0.1699	0.5316	0.0661	-0.7934	0.2901	-0.0500	0.0972	0.0156	
31.1034	-42.1289	8.3266	0.6345	-0.6336	0.1699	0.5811	0.0500	-0.7597	0.2893	-0.0514	0.0974	0.0093	
31.1691	-42.1901	8.3418	0.6345	-0.6335	0.1699	0.6216	0.0434	-0.7267	0.2921	-0.0494	0.0967	0.0038	
31.2328	-42.2525	8.3617	0.6345	-0.6335	0.1700	0.6643	0.0396	-0.6923	0.2787	-0.0492	0.0974	0.0020	
31.2966	-42.3171	8.3744	0.6346	-0.6335	0.1698	0.6992	0.0450	-0.6561	0.2836	-0.0440	0.0973	-0.0022	
31.3590	-42.3776	8.3911	0.6345	-0.6334	0.1698	0.7391	0.0403	-0.6132	0.2753	-0.0437	0.0987	-0.0048	
31.4205	-42.4419	8.4085	0.6345	-0.6334	0.1698	0.7744	0.0395	-0.5746	0.2618	-0.0431	0.0989	-0.0055	
31.4827	-42.5058	8.4282	0.6344	-0.6335	0.1699	0.8032	0.0385	-0.5387	0.2533	-0.0414	0.0975	-0.0065	
31.5452	-42.5672	8.4410	0.6344	-0.6334	0.1698	0.8298	0.0480	-0.4927	0.2601	-0.0353	0.0985	-0.0091	
31.6112	-42.6294	8.4558	0.6345	-0.6334	0.1697	0.8597	0.0414	-0.4419	0.2521	-0.0357	0.0999	-0.0118	
31.6748	-42.6902	8.4723	0.6345	-0.6333	0.1697	0.8850	0.0525	-0.3892	0.2501	-0.0313	0.1022	-0.0124	
