-0.2174	-12.1188	-0.8144	0.0000	0.0000	0.0000	0.2969	0.5177	-0.6427	0.4804	0.0000	0.0000	0.0000	
-0.0518	-11.6093	-0.4155	0.0164	0.0504	0.0395	0.1824	0.4938	-0.6592	0.5549	0.0213	-0.0514	0.0049	
-0.1352	-11.4766	-0.3446	-0.0031	0.0832	0.0554	0.2125	0.4448	-0.6649	0.5672	-0.0710	-0.0325	-0.0432	
-0.1308	-11.4221	-0.2163	-0.0008	0.1057	0.1091	0.2043	0.4344	-0.6876	0.5507	-0.0475	-0.0296	0.0176	
-0.1202	-11.4136	-0.1301	0.0057	0.1066	0.1531	0.1885	0.4484	-0.6853	0.5460	-0.0130	-0.0205	0.0225	
-0.1651	-11.4662	-0.1280	-0.0348	0.0513	0.1412	0.1550	0.4010	-0.7090	0.5604	-0.0223	-0.0532	0.0218	
-0.1990	-11.4271	-0.0826	-0.0602	0.0836	0.1696	0.1538	0.4042	-0.7304	0.5318	-0.0221	-0.0342	0.0340	
-0.2487	-11.3580	-0.0940	-0.1021	0.1450	0.1432	0.1374	0.3904	-0.7406	0.5295	-0.0186	-0.0352	0.0308	
-0.2846	-11.4027	-0.1268	-0.1307	0.0777	0.0949	0.1314	0.3894	-0.7648	0.4973	-0.0204	-0.0256	0.0398	
-0.3554	-11.4548	-0.2434	-0.1968	0.0093	-0.0352	0.0968	0.3349	-0.7834	0.5169	-0.0250	-0.0439	0.0324	
-0.3634	-11.5256	-0.3218	-0.1890	-0.0666	-0.1144	0.0543	0.3192	-0.7877	0.5248	-0.0176	-0.0507	0.0307	
-0.4990	-11.6135	-0.3494	-0.3058	-0.1521	-0.1344	0.0437	0.3008	-0.8045	0.5107	-0.0196	-0.0479	0.0327	
-0.5988	-11.6800	-0.3781	-0.3738	-0.2026	-0.1509	0.0271	0.2588	-0.8159	0.5164	-0.0238	-0.0524	0.0290	
-0.7242	-11.7653	-0.4077	-0.4537	-0.2644	-0.1663	-0.0104	0.2293	-0.8262	0.5139	-0.0250	-0.0479	0.0280	
-0.8088	-11.8642	-0.4860	-0.4913	-0.3297	-0.2215	0.0262	-0.1716	0.8334	-0.5248	-0.0309	-0.0538	0.0232	
-0.9215	-12.0139	-0.4678	-0.5471	-0.4295	-0.1900	0.0400	-0.1293	0.8431	-0.5199	-0.0341	-0.0557	0.0235	
-1.0524	-12.1134	-0.5355	-0.6105	-0.4761	-0.2310	0.0517	-0.0893	0.8506	-0.5153	-0.0366	-0.0564	0.0228	
-1.1193	-12.2304	-0.5659	-0.6152	-0.5305	-0.2396	0.0860	-0.0509	0.8499	-0.5170	-0.0349	-0.0616	0.0217	
-1.1691	-12.2253	-0.5931	-0.6060	-0.4873	-0.2433	0.1181	-0.0256	0.8529	-0.5080	-0.0317	-0.0635	0.0229	
-1.2729	-12.3329	-0.6512	-0.6366	-0.5295	-0.2697	0.1467	0.0042	0.8508	-0.5044	-0.0300	-0.0657	0.0221	
-1.3017	-12.4389	-0.7122	-0.6118	-0.5668	-0.2940	0.1694	0.0173	0.8566	-0.4883	-0.0266	-0.0636	0.0250	
-1.3476	-12.5691	-0.8207	-0.6020	-0.6151	-0.3481	0.1976	0.0536	0.8502	-0.4844	-0.0268	-0.0661	0.0235	
-1.3687	-12.6390	-0.8607	-0.5775	-0.6207	-0.3519	0.2249	0.0810	0.8483	-0.4723	-0.0255	-0.0668	0.0243	
-1.4186	-12.7336	-0.9287	-0.5724	-0.6405	-0.3728	0.2523	0.1053	0.8430	-0.4633	-0.0238	-0.0676	0.0239	
-1.4699	-12.7889	-0.9738	-0.5690	-0.6350	-0.3770	0.2689	0.1434	0.8337	-0.4605	-0.0264	-0.0678	0.0215	
-1.5154	-12.9083	-1.0414	-0.5633	-0.6664	-0.3961	0.3043	0.1794	0.8220	-0.4457	-0.0254	-0.0716	0.0223	
-1.6001	-12.9929	-1.0844	-0.5785	-0.6759	-0.3987	0.3330	0.2050	0.8107	-0.4357	-0.0237	-0.0731	0.0215	
-1.6646	-13.0264	-1.1436	-0.5823	-0.6583	-0.4088	0.3498	0.2366	0.8058	-0.4154	-0.0244	-0.0721	0.0237	
-1.7375	-13.1670	-1.2038	-0.5895	-0.6959	-0.4195	0.3728	0.2680	0.7907	-0.4046	-0.0246	-0.0732	0.0230	
-1.7752	-13.2388	-1.2130	-0.5792	-0.6970	-0.4029	0.3957	0.2977	0.7753	-0.3920	-0.0247	-0.0736	0.0224	
-1.8736	-13.3718	-1.2371	-0.5976	-0.7271	-0.3939	0.4046	0.3158	0.7689	-0.3835	-0.0240	-0.0702	0.0223	
-1.9641	-13.4460	-1.3041	-0.6116	-0.7271	-0.4074	0.4215	0.3554	0.7420	-0.3813	-0.0283	-0.0719	0.0188	
-2.0582	-13.5651	-1.3742	-0.6258	-0.7475	-0.4204	0.4269	0.3896	0.7240	-0.3775	-0.0316	-0.0702	0.0177	
-2.2089	-13.6497	-1.3802	-0.6643	-0.7514	-0.4039	0.4375	0.4198	0.7106	-0.3572	-0.0313	-0.0701	0.0201	
-2.2988	-13.7391	-1.4377	-0.6738	-0.7572	-0.4110	0.4475	0.4477	0.6902	-0.3512	-0.0329	-0.0692	0.0184	
-2.3230	-13.7992	-1.5184	-0.6557	-0.7509	-0.4282	0.4698	0.4697	0.6648	-0.3419	-0.0322	-0.0703	0.0156	
-2.3635	-13.8566	-1.5581	-0.6458	-0.7442	-0.4267	0.4822	0.4877	0.6502	-0.3283	-0.0305	-0.0684	0.0157	
-2.4414	-13.9729	-1.5901	-0.6508	-0.7604	-0.4222	0.4938	0.5106	0.6288	-0.3166	-0.0303	-0.0679	0.0155	
-2.5464	-14.0711	-1.6392	-0.6658	-0.7684	-0.4250	0.5055	0.5434	0.5975	-0.3026	-0.0327	-0.0697	0.0153	
-2.6700	-14.1905	-1.6673	-0.6870	-0.7838	-0.4189	0.5023	0.5783	0.5750	-0.2881	-0.0354	-0.0680	0.0180	
-2.7460	-14.2625	-1.7335	-0.6893	-0.7813	-0.4281	0.5101	0.6083	0.5411	-0.2767	-0.0382	-0.0689	0.0169	
-2.8409	-14.3536	-1.7864	-0.6984	-0.7858	-0.4313	0.5135	0.6293	0.5189	-0.2680	-0.0383	-0.0671	0.0164	
-2.9349	-14.4162	-1.8093	-0.7071	-0.7801	-0.4241	0.5131	0.6616	0.4909	-0.2401	-0.0390	-0.0679	0.0201	
-2.9980	-14.4966	-1.8660	-0.7044	-0.7809	-0.4291	0.5169	0.6863	0.4597	-0.2243	-0.0401	-0.0680	0.0199	
-3.0938	-14.5943	-1.8959	-0.7129	-0.7873	-0.4243	0.5190	0.7023	0.4410	-0.2101	-0.0381	-0.0660	0.0201	
-3.1418	-14.6777	-1.9070	-0.7056	-0.7889	-0.4143	0.5260	0.7242	0.4050	-0.1849	-0.0381	-0.0679	0.0204	
-3.2266	-14.7617	-1.9755	-0.7098	-0.7903	-0.4231	0.5301	0.7438	0.3774	-0.1521	-0.0358	-0.0701	0.0221	
-3.3014	-14.8454	-2.0077	-0.7112	-0.7917	-0.4199	0.5303	0.7609	0.3532	-0.1233	-0.0337	-0.0702	0.0238	
-3.3636	-14.9234	-2.0451	-0.7085	-0.7913	-0.4187	0.5343	0.7768	0.3200	-0.0901	-0.0324	-0.0725	0.0244	
-3.4507	-15.0155	-2.0777	-0.7135	-0.7951	-0.4157	0.5355	0.7867	0.3007	-0.0723	-0.0304	-0.0703	0.0238	
-3.5038	-15.1263	-2.1439	-0.7076	-0.8042	-0.4232	0.5458	0.7940	0.2631	-0.0478	-0.0302	-0.0727	0.0208	
-3.5844	-15.2063	-2.2216	-0.7103	-0.8040	-0.4333	0.5435	0.8037	0.2426	-0.0190	-0.0276	-0.0724	0.0219	
-3.6739	-15.2926	-2.2539	-0.7156	-0.8056	-0.4301	0.5348	0.8177	0.2132	0.0033	-0.0282	-0.0712	0.0240	
-3.7186	-15.3905	-2.3082	-0.7080	-0.8105	-0.4333	0.5320	0.8270	0.1818	0.0195	-0.0295	-0.0700	0.0234	
-3.7745	-15.4500	-2.3612	-0.7040	-0.8047	-0.4360	0.5240	0.8359	0.1532	0.0542	-0.0280	-0.0713	0.0254	
-3.8167	-15.5421	-2.3859	-0.6964	-0.8080	-0.4311	0.5235	0.8407	0.1167	0.0744	-0.0294	-0.0713	0.0241	
-3.8896	-15.6292	-2.4156	-0.6972	-0.8096	-0.4276	0.5230	0.8417	0.0772	0.1065	-0.0292	-0.0739	0.0231	
-3.9338	-15.7168	-2.4814	-0.6904	-0.8113	-0.4337	0.5146	0.8447	0.0505	0.1385	-0.0272	-0.0746	0.0241	
-4.0071	-15.7944	-2.5300	-0.6916	-0.8105	-0.4350	0.5204	0.8407	0.0218	0.1521	-0.0278	-0.0731	0.0202	
-4.0699	-15.8835	-2.5674	-0.6900	-0.8126	-0.4335	0.5231	0.8364	-0.0028	0.1673	-0.0273	-0.0712	0.0176	
-4.1443	-15.9740	-2.6348	-0.6913	-0.8148	-0.4393	0.5184	0.8350	-0.0273	0.1846	-0.0266	-0.0698	0.0171	
-4.2174	-16.0362	-2.6764	-0.6924	-0.8101	-0.4388	0.5026	0.8358	-0.0515	0.2152	-0.0241	-0.0701	0.0200	
-4.2711	-16.1126	-2.7201	-0.6887	-0.8091	-0.4388	0.4961	0.8315	-0.0805	0.2368	-0.0243	-0.0700	0.0197	
-4.3389	-16.1727	-2.7887	-0.6886	-0.8043	-0.4446	0.4855	0.8309	-0.1006	0.2542	-0.0231	-0.0681	0.0204	
-4.4462	-16.2783	-2.8568	-0.6972	-0.8098	-0.4499	0.4807	0.8257	-0.1339	0.2639	-0.0253	-0.0666	0.0190	
-4.5099	-16.3670	-2.8919	-0.6959	-0.8116	-0.4477	0.4883	0.8125	-0.1590	0.2778	-0.0261	-0.0656	0.0144	
-4.5588	-16.4557	-2.9271	-0.6912	-0.8134	-0.4455	0.4815	0.8031	-0.1938	0.2924	-0.0282	-0.0655	0.0144	
-4.6480	-16.5510	-2.9480	-0.6955	-0.8165	-0.4402	0.4676	0.7893	-0.2415	0.3148	-0.0308	-0.0682	0.0158	
-4.7373	-16.6562	-2.9782	-0.6997	-0.8215	-0.4371	0.4538	0.7743	-0.2806	0.3392	-0.0311	-0.0703	0.0163	
-4.8084	-16.7416	-3.0104	-0.6999	-0.8222	-0.4346	0.4370	0.7587	-0.3209	0.3601	-0.0323	-0.0721	0.0177	
-4.8654	-16.8329	-3.0596	-0.6971	-0.8241	-0.4358	0.4178	0.7461	-0.3459	0.3862	-0.0295	-0.0732	0.0187	
-4.9252	-16.9202	-3.1088	-0.6950	-0.8252	-0.4370	0.4069	0.7287	-0.3757	0.4029	-0.0302	-0.0731	0.0178	
-4.9970	-16.9834	-3.1529	-0.6956	-0.8212	-0.4371	0.3904	0.7097	-0.4050	0.4239	-0.0296	-0.0740	0.0179	
-5.0720	-17.0664	-3.2096	-0.6966	-0.8214	-0.4397	0.3798	0.6910	-0.4360	0.4341	-0.0313	-0.0729	0.0173	
-5.1526	-17.1609	-3.2557	-0.6988	-0.8238	-0.4401	0.3726	0.6789	-0.4619	0.4342	-0.0327	-0.0690	0.0172	
-5.2230	-17.2265	-3.2983	-0.6990	-0.8205	-0.4399	0.3583	0.6619	-0.4884	0.4419	-0.0330	-0.0679	0.0179	
-5.2976	-17.3099	-3.3506	-0.6999	-0.8207	-0.4415	0.3374	0.6417	-0.5165	0.4554	-0.0325	-0.0686	0.0188	
-5.3680	-17.3788	-3.3808	-0.7000	-0.8182	-0.4388	0.3130	0.6176	-0.5444	0.4729	-0.0315	-0.0707	0.0198	
-5.4474	-17.4483	-3.4241	-0.7019	-0.8158	-0.4387	0.2935	0.5867	-0.5741	0.4893	-0.0323	-0.0727	0.0192	
-5.5069	-17.5481	-3.4779	-0.6997	-0.8192	-0.4405	0.2787	0.5643	-0.5820	0.5160	-0.0281	-0.0734	0.0152	
-5.5960	-17.6287	-3.5348	-0.7032	-0.8189	-0.4429	0.2573	0.5415	-0.5969	0.5335	-0.0255	-0.0737	0.0144	
-5.6706	-17.7146	-3.6038	-0.7039	-0.8195	-0.4474	0.2418	0.5185	-0.6173	0.5405	-0.0263	-0.0722	0.0143	
-5.7508	-17.7968	-3.6558	-0.7057	-0.8196	-0.4486	0.2106	0.4841	-0.6489	0.5471	-0.0280	-0.0744	0.0174	
-5.8178	-17.8813	-3.6764	-0.7051	-0.8201	-0.4443	0.1942	0.4563	-0.6712	0.5512	-0.0295	-0.0736	0.0182	
-5.8782	-17.9755	-3.7316	-0.7033	-0.8223	-0.4462	0.1680	0.4410	-0.6923	0.5468	-0.0286	-0.0714	0.0219	
-5.9314	-18.0598	-3.7579	-0.7004	-0.8228	-0.4430	0.1560	0.4069	-0.7188	0.5419	-0.0331	-0.0700	0.0230	
-6.0047	-18.1471	-3.8196	-0.7009	-0.8236	-0.4460	0.1407	0.3779	-0.7412	0.5369	-0.0351	-0.0682	0.0239	
-6.0835	-18.2249	-3.8759	-0.7024	-0.8228	-0.4479	0.1188	0.3407	-0.7664	0.5310	-0.0375	-0.0686	0.0256	
-6.1624	-18.3116	-3.9161	-0.7038	-0.8235	-0.4472	0.0960	0.3224	-0.7819	0.5257	-0.0352	-0.0670	0.0272	
-6.2411	-18.4097	-3.9540	-0.7052	-0.8262	-0.4460	0.0700	0.2829	-0.7947	0.5320	-0.0351	-0.0697	0.0257	
-6.3305	-18.5119	-4.0050	-0.7082	-0.8293	-0.4470	0.0486	0.2615	-0.8081	0.5263	-0.0336	-0.0681	0.0267	
-6.3968	-18.6008	-4.0587	-0.7074	-0.8303	-0.4484	0.0284	0.2259	-0.8172	0.5294	-0.0340	-0.0687	0.0246	
-6.4548	-18.6791	-4.1118	-0.7054	-0.8295	-0.4498	0.0138	0.1869	-0.8262	0.5314	-0.0320	-0.0688	0.0265	
-6.5276	-18.7589	-4.1690	-0.7058	-0.8290	-0.4517	0.0177	-0.1607	0.8368	-0.5230	-0.0299	-0.0695	0.0281	
-6.6061	-18.8421	-4.2009	-0.7070	-0.8291	-0.4497	0.0569	-0.1327	0.8385	-0.5255	-0.0263	-0.0729	0.0268	
-6.6721	-18.9396	-4.2352	-0.7063	-0.8314	-0.4480	0.0809	-0.0971	0.8383	-0.5305	-0.0266	-0.0740	0.0237	
-6.7510	-19.0345	-4.2783	-0.7075	-0.8332	-0.4477	0.1008	-0.0665	0.8464	-0.5191	-0.0274	-0.0726	0.0252	
-6.8171	-19.1171	-4.3080	-0.7069	-0.8331	-0.4454	0.1418	-0.0445	0.8522	-0.5018	-0.0235	-0.0743	0.0289	
-6.8798	-19.2051	-4.3480	-0.7056	-0.8339	-0.4448	0.1651	-0.0180	0.8530	-0.4953	-0.0231	-0.0734	0.0281	
-6.9448	-19.3057	-4.4020	-0.7047	-0.8365	-0.4461	0.1808	-0.0028	0.8530	-0.4914	-0.0218	-0.0700	0.0264	
-7.0180	-19.3833	-4.4337	-0.7052	-0.8356	-0.4443	0.2148	0.0235	0.8427	-0.4932	-0.0198	-0.0725	0.0230	
-7.0959	-19.4750	-4.4689	-0.7062	-0.8368	-0.4429	0.2276	0.0395	0.8376	-0.4970	-0.0194	-0.0693	0.0196	
-7.1845	-19.5707	-4.5115	-0.7088	-0.8385	-0.4426	0.2560	0.0627	0.8298	-0.4919	-0.0178	-0.0703	0.0186	
-7.2561	-19.6575	-4.5709	-0.7089	-0.8389	-0.4448	0.2675	0.0994	0.8266	-0.4855	-0.0214	-0.0686	0.0185	
-7.3396	-19.7312	-4.6194	-0.7107	-0.8374	-0.4453	0.2883	0.1394	0.8229	-0.4689	-0.0234	-0.0695	0.0207	
-7.4007	-19.8120	-4.6784	-0.7093	-0.8370	-0.4474	0.3138	0.1821	0.8102	-0.4595	-0.0255	-0.0718	0.0200	
-7.4570	-19.9057	-4.7210	-0.7072	-0.8384	-0.4471	0.3291	0.2110	0.8048	-0.4470	-0.0260	-0.0701	0.0210	
-7.5259	-20.0054	-4.7671	-0.7070	-0.8407	-0.4472	0.3383	0.2563	0.7899	-0.4426	-0.0309	-0.0698	0.0197	
-7.6150	-20.0807	-4.8064	-0.7095	-0.8394	-0.4465	0.3458	0.2954	0.7774	-0.4348	-0.0340	-0.0687	0.0192	
-7.6977	-20.1674	-4.8522	-0.7111	-0.8398	-0.4466	0.3612	0.3233	0.7661	-0.4224	-0.0334	-0.0683	0.0194	
-7.7652	-20.2557	-4.9038	-0.7106	-0.8404	-0.4476	0.3955	0.3526	0.7452	-0.4043	-0.0306	-0.0725	0.0190	
-7.8253	-20.3407	-4.9542	-0.7092	-0.8405	-0.4483	0.4082	0.3816	0.7314	-0.3914	-0.0310	-0.0712	0.0192	
-7.8979	-20.4397	-5.0006	-0.7094	-0.8425	-0.4485	0.4228	0.4029	0.7116	-0.3919	-0.0312	-0.0698	0.0156	
-7.9653	-20.5204	-5.0473	-0.7089	-0.8420	-0.4487	0.4384	0.4316	0.6888	-0.3834	-0.0322	-0.0700	0.0142	
-8.0292	-20.5900	-5.0885	-0.7080	-0.8401	-0.4483	0.4621	0.4600	0.6658	-0.3621	-0.0308	-0.0723	0.0148	
-8.0966	-20.6689	-5.1409	-0.7076	-0.8395	-0.4493	0.4787	0.4917	0.6416	-0.3418	-0.0312	-0.0737	0.0157	
-8.1634	-20.7528	-5.1759	-0.7071	-0.8395	-0.4480	0.4909	0.5212	0.6171	-0.3263	-0.0322	-0.0736	0.0160	
-8.2243	-20.8316	-5.2134	-0.7058	-0.8388	-0.4471	0.5006	0.5514	0.5923	-0.3070	-0.0331	-0.0734	0.0171	
-8.3036	-20.9218	-5.2592	-0.7069	-0.8396	-0.4472	0.5070	0.5791	0.5662	-0.2953	-0.0348	-0.0724	0.0169	
-8.3688	-21.0104	-5.3043	-0.7063	-0.8402	-0.4473	0.5021	0.6096	0.5464	-0.2803	-0.0369	-0.0693	0.0194	
-8.4478	-21.0816	-5.3454	-0.7073	-0.8386	-0.4468	0.5099	0.6334	0.5219	-0.2577	-0.0360	-0.0698	0.0203	
-8.5361	-21.1693	-5.3929	-0.7094	-0.8391	-0.4471	0.5214	0.6440	0.5002	-0.2548	-0.0348	-0.0678	0.0165	
-8.5998	-21.2406	-5.4335	-0.7086	-0.8375	-0.4467	0.5255	0.6620	0.4759	-0.2444	-0.0352	-0.0660	0.0158	
-8.6758	-21.3290	-5.4838	-0.7092	-0.8381	-0.4473	0.5364	0.6793	0.4486	-0.2226	-0.0336	-0.0674	0.0155	
-8.7479	-21.4180	-5.5287	-0.7093	-0.8387	-0.4473	0.5344	0.6973	0.4341	-0.2020	-0.0317	-0.0652	0.0181	
-8.8193	-21.4911	-5.5781	-0.7094	-0.8374	-0.4479	0.5310	0.7198	0.4110	-0.1763	-0.0316	-0.0649	0.0210	
-8.8894	-21.5874	-5.6099	-0.7093	-0.8389	-0.4464	0.5297	0.7413	0.3782	-0.1636	-0.0340	-0.0642	0.0210	
-8.9669	-21.6785	-5.6617	-0.7101	-0.8398	-0.4472	0.5245	0.7641	0.3452	-0.1470	-0.0362	-0.0639	0.0222	
-9.0447	-21.7620	-5.7227	-0.7108	-0.8397	-0.4491	0.5272	0.7722	0.3286	-0.1400	-0.0347	-0.0612	0.0200	
-9.1197	-21.8387	-5.7609	-0.7113	-0.8388	-0.4483	0.5334	0.7888	0.2808	-0.1162	-0.0369	-0.0650	0.0185	
-9.2004	-21.9190	-5.7977	-0.7124	-0.8384	-0.4474	0.5368	0.8002	0.2532	-0.0860	-0.0341	-0.0668	0.0190	
-9.2737	-22.0071	-5.8514	-0.7126	-0.8389	-0.4484	0.5393	0.8094	0.2237	-0.0649	-0.0333	-0.0672	0.0181	
-9.3424	-22.0964	-5.9005	-0.7123	-0.8395	-0.4489	0.5335	0.8226	0.1940	-0.0265	-0.0310	-0.0697	0.0210	
-9.4110	-22.1860	-5.9401	-0.7120	-0.8402	-0.4483	0.5257	0.8329	0.1738	0.0071	-0.0276	-0.0698	0.0236	
-9.4770	-22.2662	-5.9745	-0.7115	-0.8397	-0.4471	0.5217	0.8406	0.1392	0.0375	-0.0276	-0.0713	0.0240	
-9.5458	-22.3452	-6.0159	-0.7112	-0.8392	-0.4468	0.5221	0.8448	0.1049	0.0547	-0.0290	-0.0708	0.0221	
-9.6145	-22.4446	-6.0586	-0.7109	-0.8409	-0.4466	0.5180	0.8456	0.0871	0.0976	-0.0232	-0.0728	0.0228	
-9.6857	-22.5232	-6.1116	-0.7110	-0.8403	-0.4475	0.5148	0.8492	0.0582	0.1075	-0.0253	-0.0701	0.0215	
-9.7558	-22.5940	-6.1618	-0.7108	-0.8389	-0.4481	0.5125	0.8477	0.0327	0.1340	-0.0240	-0.0705	0.0205	
-9.8334	-22.6820	-6.2095	-0.7115	-0.8393	-0.4484	0.5044	0.8483	-0.0107	0.1589	-0.0265	-0.0721	0.0208	
-9.9107	-22.7547	-6.2595	-0.7122	-0.8381	-0.4489	0.5013	0.8433	-0.0432	0.1884	-0.0260	-0.0736	0.0194	
-9.9822	-22.8346	-6.3088	-0.7122	-0.8377	-0.4494	0.4934	0.8382	-0.0670	0.2228	-0.0230	-0.0749	0.0194	
-10.0505	-22.9251	-6.3372	-0.7119	-0.8384	-0.4477	0.4795	0.8359	-0.0934	0.2505	-0.0216	-0.0746	0.0212	
-10.1152	-22.9938	-6.3757	-0.7113	-0.8368	-0.4470	0.4698	0.8347	-0.1190	0.2636	-0.0226	-0.0718	0.0217	
-10.1829	-23.0855	-6.4092	-0.7109	-0.8376	-0.4459	0.4656	0.8251	-0.1566	0.2794	-0.0255	-0.0715	0.0201	
-10.2547	-23.1735	-6.4494	-0.7110	-0.8381	-0.4454	0.4612	0.8107	-0.2071	0.2948	-0.0309	-0.0727	0.0185	
-10.3288	-23.2634	-6.4938	-0.7113	-0.8387	-0.4454	0.4550	0.7874	-0.2437	0.3360	-0.0295	-0.0777	0.0157	
-10.3981	-23.3398	-6.5469	-0.7111	-0.8379	-0.4463	0.4600	0.7727	-0.2704	0.3461	-0.0310	-0.0751	0.0120	
-10.4698	-23.4250	-6.5808	-0.7111	-0.8381	-0.4452	0.4511	0.7546	-0.2977	0.3721	-0.0296	-0.0759	0.0113	
-10.5390	-23.5034	-6.6224	-0.7110	-0.8376	-0.4449	0.4352	0.7468	-0.3222	0.3873	-0.0283	-0.0741	0.0135	
-10.6148	-23.5937	-6.6619	-0.7114	-0.8382	-0.4444	0.4138	0.7317	-0.3677	0.3974	-0.0318	-0.0742	0.0170	
-10.6945	-23.6865	-6.7074	-0.7123	-0.8391	-0.4445	0.4019	0.7066	-0.4034	0.4193	-0.0328	-0.0760	0.0158	
-10.7584	-23.7713	-6.7489	-0.7115	-0.8392	-0.4442	0.3838	0.7001	-0.4277	0.4255	-0.0319	-0.0729	0.0184	
-10.8332	-23.8454	-6.7916	-0.7119	-0.8382	-0.4440	0.3726	0.6787	-0.4599	0.4348	-0.0338	-0.0722	0.0180	
-10.9093	-23.9268	-6.8364	-0.7124	-0.8380	-0.4441	0.3697	0.6690	-0.4676	0.4470	-0.0303	-0.0685	0.0151	
-10.9747	-24.0182	-6.8749	-0.7118	-0.8387	-0.4435	0.3608	0.6425	-0.5012	0.4535	-0.0338	-0.0682	0.0146	
-11.0401	-24.1009	-6.9148	-0.7113	-0.8386	-0.4431	0.3532	0.6220	-0.5201	0.4674	-0.0329	-0.0673	0.0127	
-11.1097	-24.1888	-6.9523	-0.7111	-0.8390	-0.4425	0.3415	0.6016	-0.5473	0.4714	-0.0343	-0.0660	0.0136	
-11.1816	-24.2782	-6.9924	-0.7112	-0.8395	-0.4421	0.3243	0.5693	-0.5749	0.4894	-0.0346	-0.0686	0.0128	
-11.2555	-24.3475	-7.0319	-0.7115	-0.8382	-0.4416	0.2973	0.5404	-0.6068	0.5007	-0.0347	-0.0709	0.0153	
-11.3411	-24.4414	-7.0842	-0.7128	-0.8391	-0.4424	0.2762	0.5208	-0.6375	0.4965	-0.0360	-0.0692	0.0187	
-11.4032	-24.5201	-7.1262	-0.7120	-0.8386	-0.4422	0.2596	0.4922	-0.6614	0.5028	-0.0367	-0.0693	0.0185	
-11.4634	-24.6063	-7.1668	-0.7110	-0.8388	-0.4418	0.2371	0.4594	-0.6788	0.5213	-0.0350	-0.0718	0.0166	
-11.5336	-24.6854	-7.2009	-0.7109	-0.8384	-0.4409	0.2160	0.4289	-0.7102	0.5146	-0.0379	-0.0712	0.0200	
-11.6050	-24.7664	-7.2482	-0.7109	-0.8382	-0.4412	0.1853	0.3941	-0.7395	0.5127	-0.0389	-0.0729	0.0231	
-11.6679	-24.8547	-7.2921	-0.7102	-0.8386	-0.4412	0.1601	0.3793	-0.7576	0.5078	-0.0366	-0.0709	0.0256	
-11.7375	-24.9411	-7.3347	-0.7101	-0.8388	-0.4410	0.1298	0.3525	-0.7746	0.5088	-0.0348	-0.0718	0.0266	
-11.8116	-25.0325	-7.3848	-0.7103	-0.8395	-0.4416	0.1117	0.3161	-0.7930	0.5087	-0.0367	-0.0715	0.0257	
-11.8858	-25.1156	-7.4289	-0.7106	-0.8394	-0.4416	0.1013	0.2907	-0.8053	0.5080	-0.0370	-0.0688	0.0239	
-11.9507	-25.1975	-7.4752	-0.7101	-0.8392	-0.4418	0.0706	0.2605	-0.8147	0.5132	-0.0346	-0.0707	0.0230	
-12.0232	-25.2823	-7.5107	-0.7102	-0.8393	-0.4410	0.0489	0.2301	-0.8251	0.5138	-0.0342	-0.0707	0.0223	
-12.0966	-25.3747	-7.5449	-0.7104	-0.8400	-0.4401	0.0275	0.2113	-0.8310	0.5151	-0.0316	-0.0695	0.0215	
-12.1684	-25.4552	-7.6038	-0.7105	-0.8397	-0.4414	-0.0024	0.1852	-0.8359	0.5168	-0.0336	-0.0683	0.0217	
-12.2452	-25.5390	-7.6441	-0.7110	-0.8397	-0.4411	0.0195	-0.1538	0.8389	-0.5222	-0.0334	-0.0681	0.0189	
-12.3112	-25.6132	-7.6861	-0.7105	-0.8389	-0.4409	0.0549	-0.1257	0.8381	-0.5280	-0.0299	-0.0709	0.0173	
-12.3693	-25.7058	-7.7213	-0.7094	-0.8396	-0.4402	0.0838	-0.0983	0.8351	-0.5349	-0.0278	-0.0722	0.0152	
-12.4487	-25.7888	-7.7607	-0.7101	-0.8395	-0.4398	0.1131	-0.0717	0.8351	-0.5336	-0.0259	-0.0730	0.0152	
-12.5214	-25.8732	-7.8059	-0.7103	-0.8396	-0.4399	0.1406	-0.0317	0.8402	-0.5222	-0.0273	-0.0741	0.0179	
-12.5865	-25.9486	-7.8566	-0.7098	-0.8389	-0.4404	0.1611	-0.0135	0.8425	-0.5151	-0.0254	-0.0716	0.0186	
-12.6579	-26.0292	-7.8993	-0.7098	-0.8386	-0.4403	0.1829	0.0255	0.8437	-0.5037	-0.0272	-0.0719	0.0201	
-12.7274	-26.1198	-7.9518	-0.7097	-0.8391	-0.4410	0.2037	0.0522	0.8364	-0.5068	-0.0267	-0.0713	0.0171	
-12.7966	-26.2041	-7.9974	-0.7095	-0.8392	-0.4412	0.2153	0.0753	0.8343	-0.5031	-0.0268	-0.0684	0.0164	
-12.8647	-26.2843	-8.0287	-0.7093	-0.8389	-0.4401	0.2471	0.1034	0.8250	-0.4974	-0.0249	-0.0705	0.0158	
-12.9275	-26.3641	-8.0724	-0.7087	-0.8385	-0.4401	0.2607	0.1347	0.8212	-0.4899	-0.0264	-0.0688	0.0161	
-13.0059	-26.4449	-8.1148	-0.7093	-0.8383	-0.4400	0.2733	0.1622	0.8139	-0.4870	-0.0273	-0.0671	0.0148	
-13.0712	-26.5355	-8.1498	-0.7088	-0.8388	-0.4392	0.2866	0.2000	0.8056	-0.4782	-0.0296	-0.0668	0.0154	
-13.1437	-26.6151	-8.1895	-0.7090	-0.8385	-0.4389	0.3007	0.2284	0.8003	-0.4662	-0.0296	-0.0656	0.0166	
-13.2111	-26.6944	-8.2278	-0.7087	-0.8381	-0.4385	0.3256	0.2563	0.7883	-0.4547	-0.0282	-0.0671	0.0164	
-13.2832	-26.7750	-8.2690	-0.7088	-0.8379	-0.4382	0.3382	0.2904	0.7744	-0.4490	-0.0303	-0.0666	0.0153	
-13.3534	-26.8590	-8.3133	-0.7087	-0.8379	-0.4383	0.3593	0.3221	0.7652	-0.4258	-0.0291	-0.0679	0.0184	
-13.4204	-26.9490	-8.3588	-0.7084	-0.8384	-0.4384	0.3686	0.3589	0.7483	-0.4189	-0.0322	-0.0672	0.0174	
-13.4873	-27.0313	-8.3981	-0.7081	-0.8383	-0.4381	0.3938	0.3821	0.7231	-0.4201	-0.0315	-0.0686	0.0125	
-13.5517	-27.1194	-8.4487	-0.7076	-0.8386	-0.4386	0.4157	0.4117	0.7026	-0.4044	-0.0309	-0.0703	0.0127	
-13.6176	-27.2073	-8.4964	-0.7072	-0.8389	-0.4389	0.4339	0.4439	0.6812	-0.3875	-0.0312	-0.0716	0.0134	
-13.6844	-27.2919	-8.5366	-0.7069	-0.8390	-0.4386	0.4481	0.4876	0.6520	-0.3680	-0.0344	-0.0738	0.0146	
-13.7527	-27.3787	-8.5841	-0.7068	-0.8392	-0.4389	0.4606	0.5128	0.6330	-0.3531	-0.0338	-0.0730	0.0149	
-13.8266	-27.4655	-8.6228	-0.7070	-0.8394	-0.4385	0.4619	0.5311	0.6187	-0.3520	-0.0344	-0.0683	0.0137	
-13.8895	-27.5468	-8.6638	-0.7064	-0.8392	-0.4383	0.4662	0.5700	0.5917	-0.3272	-0.0368	-0.0692	0.0168	
-13.9670	-27.6270	-8.7029	-0.7069	-0.8389	-0.4379	0.4761	0.5953	0.5708	-0.3051	-0.0357	-0.0695	0.0180	
-14.0327	-27.7141	-8.7496	-0.7066	-0.8392	-0.4381	0.4799	0.6199	0.5485	-0.2914	-0.0363	-0.0680	0.0182	
-14.1013	-27.7984	-8.8003	-0.7064	-0.8392	-0.4386	0.4854	0.6387	0.5279	-0.2801	-0.0360	-0.0663	0.0174	
-14.1792	-27.8818	-8.8478	-0.7069	-0.8392	-0.4389	0.4939	0.6567	0.5008	-0.2731	-0.0365	-0.0655	0.0149	
-14.2567	-27.9698	-8.8923	-0.7074	-0.8395	-0.4389	0.5064	0.6719	0.4709	-0.2661	-0.0365	-0.0655	0.0118	
-14.3301	-28.0571	-8.9375	-0.7076	-0.8397	-0.4390	0.5100	0.6972	0.4488	-0.2289	-0.0341	-0.0675	0.0163	
-14.4027	-28.1375	-8.9884	-0.7078	-0.8394	-0.4396	0.5152	0.7162	0.4211	-0.2107	-0.0342	-0.0676	0.0161	
-14.4799	-28.2187	-9.0338	-0.7082	-0.8392	-0.4397	0.5209	0.7327	0.3947	-0.1903	-0.0334	-0.0677	0.0161	
-14.5441	-28.3054	-9.0752	-0.7078	-0.8394	-0.4395	0.5178	0.7496	0.3769	-0.1692	-0.0321	-0.0658	0.0184	
-14.6167	-28.3962	-9.1184	-0.7079	-0.8399	-0.4394	0.5138	0.7649	0.3637	-0.1392	-0.0288	-0.0650	0.0217	
-14.6906	-28.4867	-9.1611	-0.7081	-0.8404	-0.4393	0.5162	0.7797	0.3329	-0.1214	-0.0298	-0.0650	0.0208	
-14.7646	-28.5725	-9.2041	-0.7083	-0.8405	-0.4393	0.5193	0.7941	0.3010	-0.0929	-0.0294	-0.0670	0.0209	
-14.8337	-28.6591	-9.2512	-0.7082	-0.8407	-0.4395	0.5273	0.8056	0.2602	-0.0690	-0.0307	-0.0695	0.0188	
-14.8985	-28.7464	-9.2949	-0.7078	-0.8409	-0.4395	0.5166	0.8217	0.2378	-0.0420	-0.0298	-0.0683	0.0223	
-14.9698	-28.8215	-9.3302	-0.7078	-0.8403	-0.4389	0.5131	0.8358	0.1924	-0.0080	-0.0316	-0.0717	0.0234	
-15.0399	-28.9028	-9.3821	-0.7078	-0.8401	-0.4394	0.5093	0.8432	0.1733	0.0192	-0.0289	-0.0709	0.0240	
-15.1104	-28.9913	-9.4288	-0.7078	-0.8404	-0.4396	0.5134	0.8452	0.1348	0.0561	-0.0280	-0.0746	0.0222	
-15.1833	-29.0823	-9.4731	-0.7079	-0.8409	-0.4396	0.5134	0.8487	0.0934	0.0833	-0.0293	-0.0762	0.0210	
-15.2519	-29.1636	-9.5157	-0.7077	-0.8407	-0.4395	0.5219	0.8435	0.0669	0.1114	-0.0271	-0.0769	0.0175	
-15.3236	-29.2452	-9.5663	-0.7078	-0.8405	-0.4400	0.5230	0.8389	0.0287	0.1457	-0.0268	-0.0795	0.0161	
-15.3897	-29.3284	-9.6155	-0.7075	-0.8405	-0.4404	0.5195	0.8372	0.0133	0.1744	-0.0230	-0.0781	0.0163	
-15.4541	-29.4131	-9.6556	-0.7071	-0.8405	-0.4401	0.5048	0.8387	-0.0164	0.2036	-0.0225	-0.0778	0.0192	
-15.5240	-29.4924	-9.6997	-0.7070	-0.8402	-0.4401	0.5074	0.8335	-0.0447	0.2170	-0.0238	-0.0755	0.0167	
-15.5931	-29.5771	-9.7398	-0.7069	-0.8403	-0.4398	0.5016	0.8295	-0.0739	0.2351	-0.0244	-0.0740	0.0166	
-15.6609	-29.6596	-9.7880	-0.7067	-0.8402	-0.4401	0.4957	0.8171	-0.1101	0.2714	-0.0239	-0.0773	0.0157	
-15.7301	-29.7515	-9.8280	-0.7066	-0.8407	-0.4398	0.4840	0.8118	-0.1470	0.2915	-0.0255	-0.0768	0.0171	
-15.7946	-29.8293	-9.8677	-0.7062	-0.8403	-0.4396	0.4776	0.8000	-0.1791	0.3157	-0.0258	-0.0771	0.0163	
-15.8600	-29.9107	-9.9086	-0.7058	-0.8401	-0.4394	0.4728	0.7854	-0.2145	0.3369	-0.0273	-0.0775	0.0151	
-15.9301	-30.0039	-9.9516	-0.7058	-0.8407	-0.4393	0.4645	0.7705	-0.2531	0.3554	-0.0294	-0.0776	0.0148	
-15.9945	-30.0871	-10.0000	-0.7054	-0.8407	-0.4396	0.4577	0.7563	-0.2799	0.3750	-0.0289	-0.0769	0.0138	
-16.0643	-30.1741	-10.0458	-0.7054	-0.8408	-0.4397	0.4466	0.7395	-0.3176	0.3907	-0.0309	-0.0769	0.0142	
-16.1350	-30.2607	-10.0931	-0.7054	-0.8410	-0.4399	0.4318	0.7300	-0.3470	0.4013	-0.0310	-0.0748	0.0160	
-16.2007	-30.3505	-10.1362	-0.7051	-0.8414	-0.4399	0.4214	0.7103	-0.3843	0.4124	-0.0336	-0.0745	0.0160	
-16.2710	-30.4405	-10.1781	-0.7050	-0.8418	-0.4397	0.4108	0.6928	-0.4126	0.4259	-0.0336	-0.0736	0.0156	
-16.3433	-30.5284	-10.2293	-0.7052	-0.8420	-0.4402	0.4030	0.6763	-0.4401	0.4327	-0.0345	-0.0714	0.0150	
-16.4092	-30.6127	-10.2708	-0.7049	-0.8420	-0.4400	0.3836	0.6521	-0.4739	0.4500	-0.0348	-0.0732	0.0159	
-16.4797	-30.6969	-10.3154	-0.7049	-0.8420	-0.4401	0.3701	0.6321	-0.5043	0.4576	-0.0357	-0.0721	0.0164	
-16.5538	-30.7807	-10.3564	-0.7051	-0.8420	-0.4399	0.3525	0.6124	-0.5344	0.4640	-0.0362	-0.0714	0.0179	
-16.6179	-30.8607	-10.3990	-0.7047	-0.8417	-0.4398	0.3364	0.5996	-0.5522	0.4729	-0.0336	-0.0695	0.0182	
-16.6844	-30.9391	-10.4356	-0.7044	-0.8414	-0.4393	0.3271	0.5686	-0.5876	0.4736	-0.0381	-0.0690	0.0181	
-16.7497	-31.0163	-10.4831	-0.7041	-0.8409	-0.4396	0.3151	0.5550	-0.6033	0.4799	-0.0359	-0.0666	0.0174	
-16.8195	-31.0997	-10.5245	-0.7041	-0.8409	-0.4394	0.3097	0.5299	-0.6192	0.4907	-0.0355	-0.0654	0.0142	
-16.8893	-31.1828	-10.5673	-0.7040	-0.8408	-0.4393	0.2858	0.5077	-0.6417	0.4988	-0.0340	-0.0663	0.0158	
-16.9606	-31.2654	-10.6127	-0.7041	-0.8407	-0.4394	0.2568	0.4777	-0.6745	0.5002	-0.0354	-0.0681	0.0193	
-17.0434	-31.3565	-10.6547	-0.7049	-0.8412	-0.4393	0.2292	0.4530	-0.7033	0.4973	-0.0357	-0.0684	0.0227	
-17.1142	-31.4358	-10.6971	-0.7049	-0.8409	-0.4392	0.1994	0.4434	-0.7112	0.5094	-0.0293	-0.0684	0.0225	
-17.1810	-31.5258	-10.7450	-0.7047	-0.8412	-0.4394	0.1665	0.4128	-0.7318	0.5154	-0.0287	-0.0708	0.0237	
-17.2517	-31.6049	-10.7880	-0.7047	-0.8409	-0.4394	0.1459	0.3992	-0.7485	0.5101	-0.0277	-0.0680	0.0254	
-17.3217	-31.6917	-10.8333	-0.7046	-0.8411	-0.4395	0.1271	0.3813	-0.7653	0.5036	-0.0278	-0.0655	0.0267	
-17.3885	-31.7703	-10.8732	-0.7044	-0.8407	-0.4392	0.1041	0.3487	-0.7749	0.5168	-0.0272	-0.0675	0.0233	
-17.4601	-31.8495	-10.9140	-0.7045	-0.8405	-0.4390	0.0883	0.3135	-0.7891	0.5208	-0.0293	-0.0675	0.0216	
-17.5356	-31.9421	-10.9596	-0.7048	-0.8410	-0.4391	0.0670	0.2781	-0.8036	0.5216	-0.0307	-0.0681	0.0213	
-17.6060	-32.0226	-11.0031	-0.7048	-0.8408	-0.4391	0.0269	0.2390	-0.8182	0.5212	-0.0301	-0.0722	0.0232	
-17.6773	-32.1035	-11.0470	-0.7048	-0.8406	-0.4391	-0.0007	0.2167	-0.8233	0.5252	-0.0323	-0.0723	0.0240	
-17.7409	-32.1916	-11.0895	-0.7044	-0.8408	-0.4390	0.0119	-0.1845	0.8323	-0.5233	-0.0341	-0.0700	0.0228	
-17.8148	-32.2753	-11.1285	-0.7046	-0.8408	-0.4387	0.0413	-0.1487	0.8319	-0.5330	-0.0324	-0.0728	0.0197	
-17.8823	-32.3578	-11.1739	-0.7045	-0.8407	-0.4388	0.0723	-0.1096	0.8332	-0.5366	-0.0319	-0.0753	0.0183	
-17.9542	-32.4403	-11.2181	-0.7046	-0.8406	-0.4389	0.1064	-0.0712	0.8320	-0.5393	-0.0307	-0.0781	0.0172	
-18.0210	-32.5202	-11.2611	-0.7043	-0.8404	-0.4388	0.1201	-0.0552	0.8318	-0.5412	-0.0288	-0.0742	0.0155	
-18.0907	-32.6031	-11.3023	-0.7043	-0.8403	-0.4386	0.1386	-0.0160	0.8320	-0.5368	-0.0306	-0.0739	0.0155	
-18.1640	-32.6853	-11.3416	-0.7045	-0.8402	-0.4384	0.1657	-0.0027	0.8299	-0.5341	-0.0262	-0.0727	0.0154	
-18.2369	-32.7713	-11.3868	-0.7046	-0.8403	-0.4385	0.1978	0.0229	0.8300	-0.5212	-0.0238	-0.0735	0.0180	
-18.3091	-32.8544	-11.4331	-0.7047	-0.8402	-0.4386	0.2221	0.0675	0.8212	-0.5207	-0.0262	-0.0754	0.0160	
-18.3750	-32.9393	-11.4786	-0.7044	-0.8403	-0.4387	0.2484	0.1076	0.8164	-0.5096	-0.0272	-0.0766	0.0173	
-18.4493	-33.0218	-11.5182	-0.7047	-0.8402	-0.4385	0.2684	0.1355	0.8108	-0.5028	-0.0267	-0.0755	0.0171	
-18.5217	-33.1087	-11.5624	-0.7048	-0.8404	-0.4385	0.2841	0.1588	0.8065	-0.4946	-0.0261	-0.0731	0.0173	
-18.5886	-33.1946	-11.6040	-0.7046	-0.8405	-0.4383	0.2944	0.2056	0.7975	-0.4847	-0.0306	-0.0725	0.0178	
-18.6655	-33.2749	-11.6448	-0.7049	-0.8403	-0.4382	0.3040	0.2342	0.7915	-0.4767	-0.0313	-0.0701	0.0178	
-18.7363	-33.3521	-11.6830	-0.7050	-0.8399	-0.4379	0.3216	0.2633	0.7787	-0.4701	-0.0312	-0.0698	0.0165	
-18.8111	-33.4388	-11.7224	-0.7052	-0.8400	-0.4376	0.3298	0.2943	0.7735	-0.4548	-0.0319	-0.0678	0.0186	
-18.8825	-33.5207	-11.7694	-0.7052	-0.8399	-0.4378	0.3464	0.3113	0.7601	-0.4547	-0.0302	-0.0664	0.0153	
-18.9547	-33.6005	-11.8143	-0.7053	-0.8397	-0.4379	0.3607	0.3527	0.7408	-0.4427	-0.0329	-0.0677	0.0152	
-19.0308	-33.6803	-11.8574	-0.7056	-0.8394	-0.4378	0.3626	0.3740	0.7342	-0.4374	-0.0331	-0.0637	0.0151	
-19.1007	-33.7643	-11.8996	-0.7056	-0.8395	-0.4377	0.3827	0.4046	0.7131	-0.4254	-0.0330	-0.0656	0.0141	
-19.1727	-33.8514	-11.9433	-0.7057	-0.8396	-0.4377	0.4080	0.4251	0.6990	-0.4054	-0.0291	-0.0675	0.0148	
-19.2479	-33.9376	-11.9826	-0.7059	-0.8397	-0.4375	0.4238	0.4620	0.6736	-0.3904	-0.0312	-0.0694	0.0147	
-19.3147	-34.0230	-12.0253	-0.7057	-0.8398	-0.4374	0.4342	0.4914	0.6469	-0.3898	-0.0340	-0.0685	0.0116	
-19.3816	-34.1074	-12.0646	-0.7055	-0.8399	-0.4372	0.4578	0.5184	0.6159	-0.3766	-0.0336	-0.0713	0.0096	
-19.4601	-34.1889	-12.1089	-0.7060	-0.8397	-0.4372	0.4681	0.5490	0.5942	-0.3551	-0.0338	-0.0718	0.0118	
-19.5328	-34.2789	-12.1539	-0.7061	-0.8400	-0.4373	0.4773	0.5826	0.5694	-0.3288	-0.0343	-0.0730	0.0146	
-19.6036	-34.3680	-12.1962	-0.7061	-0.8403	-0.4372	0.4798	0.6105	0.5506	-0.3071	-0.0344	-0.0717	0.0172	
-19.6760	-34.4531	-12.2401	-0.7062	-0.8404	-0.4372	0.4840	0.6403	0.5207	-0.2906	-0.0366	-0.0715	0.0174	
-19.7499	-34.5386	-12.2813	-0.7064	-0.8404	-0.4371	0.4872	0.6724	0.4859	-0.2716	-0.0392	-0.0722	0.0180	
-19.8212	-34.6227	-12.3277	-0.7064	-0.8405	-0.4372	0.4945	0.6948	0.4532	-0.2596	-0.0404	-0.0720	0.0163	
-19.8855	-34.7063	-12.3722	-0.7061	-0.8404	-0.4373	0.5097	0.7142	0.4243	-0.2235	-0.0368	-0.0753	0.0172	
-19.9528	-34.7951	-12.4185	-0.7059	-0.8407	-0.4374	0.5175	0.7284	0.4068	-0.1925	-0.0325	-0.0753	0.0187	
-20.0185	-34.8760	-12.4579	-0.7056	-0.8405	-0.4372	0.5251	0.7448	0.3764	-0.1666	-0.0318	-0.0759	0.0185	
-20.0879	-34.9607	-12.4979	-0.7056	-0.8406	-0.4370	0.5318	0.7518	0.3600	-0.1565	-0.0299	-0.0723	0.0165	
-20.1581	-35.0396	-12.5415	-0.7055	-0.8403	-0.4370	0.5367	0.7648	0.3302	-0.1341	-0.0297	-0.0725	0.0161	
-20.2271	-35.1174	-12.5853	-0.7055	-0.8400	-0.4370	0.5322	0.7807	0.3131	-0.0989	-0.0268	-0.0721	0.0200	
-20.2941	-35.1961	-12.6313	-0.7053	-0.8397	-0.4371	0.5366	0.7886	0.2902	-0.0824	-0.0262	-0.0705	0.0186	
-20.3736	-35.2798	-12.6760	-0.7057	-0.8397	-0.4372	0.5330	0.7992	0.2727	-0.0604	-0.0246	-0.0686	0.0199	
-20.4423	-35.3698	-12.7180	-0.7057	-0.8400	-0.4371	0.5277	0.8128	0.2442	-0.0306	-0.0245	-0.0691	0.0220	
-20.5125	-35.4548	-12.7649	-0.7056	-0.8400	-0.4372	0.5230	0.8244	0.2161	-0.0045	-0.0246	-0.0692	0.0231	
-20.5844	-35.5381	-12.8062	-0.7057	-0.8400	-0.4371	0.5294	0.8281	0.1819	0.0233	-0.0245	-0.0711	0.0207	
-20.6541	-35.6266	-12.8494	-0.7057	-0.8402	-0.4371	0.5300	0.8334	0.1493	0.0466	-0.0251	-0.0714	0.0198	
-20.7279	-35.7090	-12.8971	-0.7058	-0.8401	-0.4373	0.5301	0.8381	0.1077	0.0679	-0.0277	-0.0724	0.0186	
-20.7973	-35.7928	-12.9410	-0.7058	-0.8401	-0.4373	0.5275	0.8408	0.0728	0.0952	-0.0278	-0.0734	0.0185	
-20.8674	-35.8761	-12.9869	-0.7057	-0.8401	-0.4374	0.5267	0.8389	0.0417	0.1296	-0.0260	-0.0755	0.0178	
-20.9352	-35.9633	-13.0280	-0.7056	-0.8403	-0.4373	0.5168	0.8428	0.0038	0.1497	-0.0280	-0.0748	0.0192	
-21.0087	-36.0515	-13.0741	-0.7057	-0.8405	-0.4374	0.5111	0.8425	-0.0231	0.1703	-0.0274	-0.0736	0.0191	
-21.0804	-36.1334	-13.1158	-0.7058	-0.8404	-0.4373	0.5120	0.8369	-0.0529	0.1876	-0.0278	-0.0726	0.0168	
-21.1517	-36.2171	-13.1643	-0.7058	-0.8403	-0.4375	0.5159	0.8290	-0.0646	0.2104	-0.0238	-0.0710	0.0138	
-21.2202	-36.3050	-13.2094	-0.7057	-0.8405	-0.4376	0.5100	0.8235	-0.0932	0.2309	-0.0239	-0.0706	0.0137	
-21.2903	-36.3869	-13.2527	-0.7057	-0.8404	-0.4376	0.5025	0.8183	-0.1228	0.2509	-0.0242	-0.0701	0.0141	
-21.3585	-36.4733	-13.2940	-0.7056	-0.8405	-0.4374	0.5085	0.8045	-0.1582	0.2637	-0.0272	-0.0697	0.0104	
-21.4284	-36.5583	-13.3371	-0.7056	-0.8406	-0.4374	0.4993	0.7981	-0.1840	0.2833	-0.0262	-0.0690	0.0113	
-21.4988	-36.6410	-13.3764	-0.7056	-0.8405	-0.4372	0.4903	0.7837	-0.2175	0.3121	-0.0259	-0.0713	0.0112	
-21.5671	-36.7236	-13.4207	-0.7054	-0.8405	-0.4372	0.4831	0.7723	-0.2496	0.3285	-0.0271	-0.0709	0.0112	
-21.6357	-36.8073	-13.4651	-0.7053	-0.8404	-0.4373	0.4743	0.7528	-0.2860	0.3547	-0.0279	-0.0732	0.0104	
-21.7065	-36.8932	-13.5123	-0.7054	-0.8405	-0.4374	0.4685	0.7400	-0.3185	0.3634	-0.0301	-0.0715	0.0103	
-21.7790	-36.9771	-13.5572	-0.7055	-0.8405	-0.4375	0.4509	0.7336	-0.3431	0.3763	-0.0286	-0.0698	0.0130	
-21.8464	-37.0579	-13.6053	-0.7053	-0.8404	-0.4377	0.4402	0.7207	-0.3654	0.3923	-0.0275	-0.0689	0.0128	
-21.9186	-37.1384	-13.6473	-0.7054	-0.8402	-0.4376	0.4294	0.7032	-0.3955	0.4058	-0.0286	-0.0688	0.0127	
-21.9896	-37.2243	-13.6895	-0.7054	-0.8403	-0.4375	0.4105	0.6828	-0.4302	0.4238	-0.0293	-0.0705	0.0140	
-22.0557	-37.3090	-13.7373	-0.7052	-0.8403	-0.4377	0.4101	0.6658	-0.4541	0.4285	-0.0312	-0.0676	0.0120	
-22.1209	-37.3916	-13.7791	-0.7049	-0.8402	-0.4376	0.3936	0.6384	-0.4933	0.4398	-0.0342	-0.0694	0.0130	
-22.1893	-37.4728	-13.8239	-0.7048	-0.8401	-0.4377	0.3801	0.6142	-0.5170	0.4592	-0.0329	-0.0705	0.0117	
-22.2567	-37.5587	-13.8710	-0.7047	-0.8402	-0.4378	0.3548	0.5908	-0.5557	0.4645	-0.0351	-0.0715	0.0154	
-22.3322	-37.6449	-13.9188	-0.7049	-0.8403	-0.4380	0.3355	0.5790	-0.5801	0.4655	-0.0342	-0.0691	0.0178	
-22.4040	-37.7282	-13.9617	-0.7050	-0.8403	-0.4380	0.3191	0.5490	-0.6062	0.4785	-0.0347	-0.0702	0.0167	
-22.4706	-37.8153	-14.0046	-0.7048	-0.8404	-0.4379	0.3017	0.5341	-0.6252	0.4836	-0.0331	-0.0685	0.0174	
-22.5422	-37.8993	-14.0473	-0.7049	-0.8404	-0.4379	0.2806	0.5163	-0.6500	0.4824	-0.0332	-0.0671	0.0198	
-22.6108	-37.9870	-14.0904	-0.7048	-0.8406	-0.4379	0.2530	0.4968	-0.6689	0.4918	-0.0306	-0.0680	0.0208	
-22.6874	-38.0703	-14.1375	-0.7051	-0.8405	-0.4380	0.2333	0.4710	-0.6970	0.4877	-0.0329	-0.0671	0.0226	
-22.7563	-38.1572	-14.1827	-0.7050	-0.8407	-0.4381	0.2019	0.4421	-0.7214	0.4927	-0.0325	-0.0692	0.0242	
-22.8243	-38.2369	-14.2193	-0.7049	-0.8405	-0.4377	0.1685	0.4055	-0.7431	0.5040	-0.0320	-0.0730	0.0242	
-22.8969	-38.3235	-14.2668	-0.7050	-0.8406	-0.4379	0.1503	0.3762	-0.7635	0.5032	-0.0335	-0.0718	0.0241	
-22.9706	-38.4070	-14.3135	-0.7051	-0.8406	-0.4380	0.1272	0.3422	-0.7802	0.5077	-0.0339	-0.0725	0.0232	
-23.0429	-38.4946	-14.3603	-0.7052	-0.8407	-0.4382	0.0995	0.3219	-0.7867	0.5181	-0.0299	-0.0729	0.0214	
-23.1135	-38.5794	-14.4079	-0.7052	-0.8408	-0.4384	0.0749	0.2959	-0.8005	0.5160	-0.0296	-0.0721	0.0223	
-23.1851	-38.6600	-14.4553	-0.7052	-0.8406	-0.4385	0.0477	0.2696	-0.8106	0.5177	-0.0283	-0.0723	0.0221	
-23.2573	-38.7473	-14.4959	-0.7053	-0.8408	-0.4384	0.0148	0.2366	-0.8254	0.5118	-0.0278	-0.0712	0.0196	
-23.3282	-38.8332	-14.5421	-0.7053	-0.8408	-0.4385	0.0114	-0.2105	0.8340	-0.5100	-0.0271	-0.0710	0.0203	
-23.3981	-38.9145	-14.5871	-0.7053	-0.8407	-0.4385	0.0320	-0.1843	0.8382	-0.5128	-0.0266	-0.0701	0.0188	
-23.4744	-38.9970	-14.6357	-0.7056	-0.8406	-0.4387	0.0620	-0.1526	0.8403	-0.5162	-0.0257	-0.0718	0.0177	
-23.5487	-39.0840	-14.6765	-0.7057	-0.8408	-0.4386	0.0961	-0.1163	0.8402	-0.5203	-0.0251	-0.0747	0.0167	
-23.6170	-39.1692	-14.7153	-0.7056	-0.8408	-0.4384	0.1089	-0.0979	0.8447	-0.5165	-0.0249	-0.0708	0.0168	
-23.6879	-39.2488	-14.7602	-0.7056	-0.8406	-0.4384	0.1326	-0.0635	0.8452	-0.5137	-0.0257	-0.0711	0.0167	
-23.7604	-39.3316	-14.8061	-0.7057	-0.8406	-0.4385	0.1618	-0.0286	0.8386	-0.5191	-0.0255	-0.0733	0.0141	
-23.8298	-39.4146	-14.8530	-0.7057	-0.8405	-0.4387	0.1823	0.0072	0.8344	-0.5200	-0.0269	-0.0732	0.0128	
-23.9004	-39.5012	-14.8964	-0.7057	-0.8406	-0.4386	0.1944	0.0480	0.8318	-0.5178	-0.0302	-0.0720	0.0123	
-23.9734	-39.5837	-14.9408	-0.7058	-0.8406	-0.4387	0.2219	0.0810	0.8259	-0.5117	-0.0295	-0.0732	0.0128	
-24.0391	-39.6698	-14.9866	-0.7056	-0.8406	-0.4387	0.2421	0.1074	0.8103	-0.5236	-0.0290	-0.0729	0.0077	
-24.1083	-39.7550	-15.0267	-0.7055	-0.8407	-0.4386	0.2594	0.1252	0.8071	-0.5167	-0.0269	-0.0704	0.0089	
-24.1787	-39.8395	-15.0718	-0.7055	-0.8407	-0.4386	0.2805	0.1568	0.7955	-0.5135	-0.0272	-0.0708	0.0083	
-24.2460	-39.9213	-15.1166	-0.7054	-0.8406	-0.4387	0.3083	0.1812	0.7840	-0.5074	-0.0251	-0.0716	0.0081	
-24.3155	-40.0039	-15.1613	-0.7053	-0.8406	-0.4387	0.3227	0.2177	0.7747	-0.4984	-0.0272	-0.0710	0.0094	
-24.3887	-40.0877	-15.2020	-0.7054	-0.8405	-0.4386	0.3445	0.2610	0.7562	-0.4905	-0.0295	-0.0732	0.0092	
-24.4594	-40.1745	-15.2394	-0.7054	-0.8407	-0.4383	0.3653	0.2859	0.7489	-0.4737	-0.0274	-0.0727	0.0118	
-24.5260	-40.2613	-15.2813	-0.7053	-0.8408	-0.4382	0.3787	0.3157	0.7325	-0.4698	-0.0287	-0.0716	0.0106	
-24.5929	-40.3435	-15.3232	-0.7051	-0.8407	-0.4381	0.4027	0.3503	0.7107	-0.4576	-0.0290	-0.0737	0.0103	
-24.6616	-40.4268	-15.3647	-0.7050	-0.8407	-0.4380	0.4157	0.3904	0.6875	-0.4491	-0.0321	-0.0741	0.0100	
-24.7313	-40.5103	-15.4091	-0.7050	-0.8406	-0.4381	0.4254	0.4220	0.6709	-0.4371	-0.0331	-0.0729	0.0110	
-24.8035	-40.5990	-15.4528	-0.7051	-0.8408	-0.4380	0.4326	0.4525	0.6524	-0.4275	-0.0344	-0.0714	0.0113	
-24.8704	-40.6824	-15.4939	-0.7049	-0.8408	-0.4379	0.4462	0.4772	0.6334	-0.4152	-0.0335	-0.0709	0.0113	
-24.9411	-40.7653	-15.5405	-0.7049	-0.8408	-0.4380	0.4411	0.5071	0.6209	-0.4048	-0.0357	-0.0670	0.0134	
-25.0109	-40.8453	-15.5837	-0.7049	-0.8406	-0.4380	0.4466	0.5390	0.6055	-0.3787	-0.0352	-0.0671	0.0171	
-25.0852	-40.9296	-15.6289	-0.7051	-0.8406	-0.4381	0.4610	0.5680	0.5764	-0.3636	-0.0356	-0.0689	0.0158	
-25.1587	-41.0143	-15.6722	-0.7052	-0.8406	-0.4381	0.4736	0.5880	0.5578	-0.3453	-0.0334	-0.0689	0.0158	
-25.2293	-41.0968	-15.7132	-0.7052	-0.8406	-0.4379	0.4879	0.6249	0.5249	-0.3080	-0.0333	-0.0736	0.0186	
-25.3029	-41.1816	-15.7617	-0.7053	-0.8406	-0.4381	0.4853	0.6487	0.5129	-0.2859	-0.0325	-0.0709	0.0216	
-25.3725	-41.2631	-15.8056	-0.7053	-0.8405	-0.4381	0.4889	0.6681	0.5016	-0.2525	-0.0290	-0.0703	0.0248	
-25.4416	-41.3478	-15.8513	-0.7052	-0.8405	-0.4382	0.4967	0.6914	0.4735	-0.2251	-0.0289	-0.0718	0.0249	
-25.5143	-41.4277	-15.8956	-0.7053	-0.8403	-0.4382	0.5113	0.7021	0.4509	-0.2079	-0.0270	-0.0716	0.0218	
-25.5862	-41.5100	-15.9440	-0.7054	-0.8403	-0.4384	0.5156	0.7175	0.4332	-0.1791	-0.0247	-0.0713	0.0230	
-25.6592	-41.5914	-15.9861	-0.7055	-0.8402	-0.4384	0.5268	0.7402	0.3891	-0.1487	-0.0269	-0.0752	0.0218	
-25.7360	-41.6800	-16.0332	-0.7057	-0.8403	-0.4385	0.5273	0.7564	0.3685	-0.1199	-0.0254	-0.0745	0.0235	
-25.8056	-41.7627	-16.0767	-0.7057	-0.8403	-0.4385	0.5352	0.7659	0.3457	-0.0869	-0.0226	-0.0755	0.0232	
-25.8729	-41.8491	-16.1201	-0.7056	-0.8404	-0.4385	0.5399	0.7745	0.3233	-0.0759	-0.0232	-0.0725	0.0210	
-25.9442	-41.9353	-16.1676	-0.7056	-0.8405	-0.4386	0.5376	0.7842	0.3065	-0.0574	-0.0222	-0.0697	0.0216	
-26.0148	-42.0206	-16.2120	-0.7056	-0.8405	-0.4386	0.5378	0.7936	0.2835	-0.0212	-0.0198	-0.0710	0.0229	
-26.0863	-42.1044	-16.2549	-0.7056	-0.8405	-0.4386	0.5417	0.8026	0.2483	0.0111	-0.0202	-0.0733	0.0224	
-26.1567	-42.1889	-16.3017	-0.7056	-0.8405	-0.4387	0.5385	0.8137	0.2156	0.0364	-0.0216	-0.0733	0.0231	
-26.2251	-42.2742	-16.3438	-0.7055	-0.8406	-0.4386	0.5356	0.8210	0.1883	0.0614	-0.0216	-0.0727	0.0234	
-26.2981	-42.3578	-16.3877	-0.7056	-0.8406	-0.4386	0.5376	0.8258	0.1473	0.0844	-0.0240	-0.0739	0.0218	
-26.3697	-42.4409	-16.4324	-0.7057	-0.8405	-0.4387	0.5318	0.8338	0.1146	0.0976	-0.0264	-0.0717	0.0221	
-26.4373	-42.5247	-16.4775	-0.7056	-0.8405	-0.4387	0.5355	0.8325	0.0926	0.1136	-0.0254	-0.0699	0.0196	
-26.5062	-42.6107	-16.5184	-0.7055	-0.8406	-0.4386	0.5306	0.8351	0.0549	0.1334	-0.0273	-0.0701	0.0197	
-26.5740	-42.6941	-16.5567	-0.7054	-0.8406	-0.4384	0.5401	0.8285	0.0265	0.1488	-0.0274	-0.0695	0.0154	
-26.6486	-42.7781	-16.6027	-0.7055	-0.8406	-0.4385	0.5399	0.8240	-0.0044	0.1720	-0.0270	-0.0701	0.0143	
-26.7232	-42.8597	-16.6508	-0.7057	-0.8405	-0.4386	0.5321	0.8233	-0.0314	0.1955	-0.0258	-0.0697	0.0154	
-26.7886	-42.9382	-16.6973	-0.7055	-0.8403	-0.4387	0.5371	0.8151	-0.0631	0.2090	-0.0274	-0.0691	0.0124	
-26.8554	-43.0233	-16.7426	-0.7054	-0.8403	-0.4388	0.5427	0.8053	-0.0835	0.2260	-0.0259	-0.0678	0.0094	
-26.9273	-43.1044	-16.7869	-0.7054	-0.8402	-0.4388	0.5333	0.7958	-0.1185	0.2599	-0.0248	-0.0709	0.0104	
-26.9972	-43.1902	-16.8299	-0.7054	-0.8403	-0.4388	0.5302	0.7889	-0.1480	0.2739	-0.0257	-0.0696	0.0101	
-27.0702	-43.2826	-16.8744	-0.7055	-0.8406	-0.4388	0.5199	0.7825	-0.1875	0.2867	-0.0283	-0.0693	0.0117	
-27.1407	-43.3659	-16.9234	-0.7055	-0.8405	-0.4390	0.5175	0.7657	-0.2272	0.3061	-0.0304	-0.0708	0.0100	
-27.2159	-43.4537	-16.9630	-0.7057	-0.8407	-0.4388	0.5058	0.7495	-0.2706	0.3291	-0.0319	-0.0732	0.0107	
-27.2853	-43.5353	-17.0111	-0.7056	-0.8406	-0.4390	0.4931	0.7327	-0.2979	0.3622	-0.0288	-0.0755	0.0106	
-27.3594	-43.6215	-17.0530	-0.7057	-0.8407	-0.4389	0.4749	0.7228	-0.3340	0.3750	-0.0298	-0.0748	0.0135	
-27.4254	-43.7042	-17.0965	-0.7056	-0.8406	-0.4389	0.4603	0.7056	-0.3669	0.3942	-0.0299	-0.0756	0.0140	
-27.4924	-43.7904	-17.1416	-0.7054	-0.8407	-0.4390	0.4450	0.6898	-0.3998	0.4078	-0.0306	-0.0752	0.0150	
-27.5664	-43.8724	-17.1882	-0.7056	-0.8406	-0.4391	0.4362	0.6751	-0.4167	0.4260	-0.0279	-0.0737	0.0133	
-27.6372	-43.9543	-17.2335	-0.7056	-0.8405	-0.4391	0.4139	0.6502	-0.4594	0.4404	-0.0305	-0.0759	0.0154	
-27.7043	-44.0383	-17.2744	-0.7054	-0.8405	-0.4390	0.3954	0.6328	-0.4894	0.4516	-0.0307	-0.0754	0.0167	
-27.7743	-44.1244	-17.3141	-0.7054	-0.8406	-0.4388	0.3867	0.6131	-0.5138	0.4597	-0.0314	-0.0735	0.0155	
-27.8430	-44.2082	-17.3601	-0.7054	-0.8406	-0.4389	0.3559	0.5960	-0.5496	0.4646	-0.0319	-0.0739	0.0201	
-27.9158	-44.2934	-17.4058	-0.7054	-0.8407	-0.4390	0.3376	0.5782	-0.5790	0.4658	-0.0330	-0.0723	0.0216	
-27.9866	-44.3782	-17.4508	-0.7054	-0.8407	-0.4390	0.3055	0.5594	-0.6123	0.4677	-0.0332	-0.0727	0.0256	
-28.0564	-44.4625	-17.4949	-0.7054	-0.8407	-0.4390	0.2777	0.5371	-0.6406	0.4730	-0.0329	-0.0732	0.0272	
-28.1285	-44.5459	-17.5410	-0.7055	-0.8407	-0.4391	0.2617	0.5098	-0.6683	0.4746	-0.0350	-0.0722	0.0265	
-28.2011	-44.6309	-17.5823	-0.7056	-0.8407	-0.4390	0.2492	0.4848	-0.6841	0.4857	-0.0341	-0.0712	0.0232	
-28.2688	-44.7183	-17.6242	-0.7054	-0.8408	-0.4389	0.2232	0.4639	-0.7059	0.4867	-0.0333	-0.0708	0.0248	
-28.3383	-44.8012	-17.6681	-0.7054	-0.8408	-0.4389	0.1865	0.4351	-0.7261	0.4982	-0.0309	-0.0739	0.0255	
-28.4127	-44.8894	-17.7137	-0.7056	-0.8409	-0.4390	0.1588	0.3999	-0.7439	0.5109	-0.0305	-0.0761	0.0238	
-28.4851	-44.9732	-17.7550	-0.7056	-0.8409	-0.4389	0.1437	0.3827	-0.7546	0.5150	-0.0290	-0.0731	0.0222	
-28.5539	-45.0561	-17.7948	-0.7056	-0.8409	-0.4388	0.1292	0.3564	-0.7628	0.5247	-0.0285	-0.0719	0.0191	
-28.6230	-45.1415	-17.8379	-0.7055	-0.8409	-0.4387	0.0950	0.3367	-0.7706	0.5331	-0.0246	-0.0731	0.0193	
-28.6911	-45.2262	-17.8791	-0.7054	-0.8410	-0.4386	0.0776	0.3230	-0.7793	0.5328	-0.0231	-0.0700	0.0194	
-28.7640	-45.3086	-17.9243	-0.7055	-0.8409	-0.4387	0.0504	0.2871	-0.7937	0.5334	-0.0246	-0.0713	0.0201	
-28.8339	-45.3934	-17.9641	-0.7055	-0.8409	-0.4385	0.0289	0.2641	-0.8034	0.5334	-0.0241	-0.0701	0.0202	
-28.9051	-45.4774	-18.0060	-0.7055	-0.8409	-0.4385	0.0039	0.2402	-0.8120	0.5322	-0.0246	-0.0707	0.0196	
-28.9707	-45.5625	-18.0528	-0.7053	-0.8410	-0.4386	0.0144	-0.2083	0.8154	-0.5402	-0.0253	-0.0705	0.0168	
-29.0407	-45.6489	-18.0952	-0.7053	-0.8410	-0.4385	0.0348	-0.1863	0.8194	-0.5417	-0.0242	-0.0692	0.0162	
-29.1143	-45.7358	-18.1428	-0.7054	-0.8411	-0.4387	0.0646	-0.1409	0.8192	-0.5514	-0.0254	-0.0729	0.0137	
-29.1870	-45.8212	-18.1847	-0.7055	-0.8412	-0.4386	0.0953	-0.1153	0.8203	-0.5521	-0.0233	-0.0737	0.0139	
-29.2566	-45.9017	-18.2285	-0.7055	-0.8411	-0.4386	0.1237	-0.0914	0.8186	-0.5537	-0.0214	-0.0738	0.0134	
-29.3269	-45.9860	-18.2748	-0.7054	-0.8411	-0.4387	0.1411	-0.0404	0.8139	-0.5619	-0.0259	-0.0753	0.0102	
-29.3943	-46.0709	-18.3147	-0.7053	-0.8411	-0.4385	0.1611	-0.0041	0.8098	-0.5641	-0.0271	-0.0753	0.0091	
-29.4656	-46.1543	-18.3540	-0.7054	-0.8411	-0.4384	0.1765	0.0221	0.8088	-0.5614	-0.0270	-0.0730	0.0095	
-29.5338	-46.2385	-18.3982	-0.7053	-0.8411	-0.4384	0.2115	0.0536	0.8084	-0.5465	-0.0248	-0.0749	0.0132	
-29.6026	-46.3231	-18.4443	-0.7052	-0.8411	-0.4385	0.2325	0.0864	0.8016	-0.5441	-0.0254	-0.0747	0.0124	
-29.6704	-46.4070	-18.4850	-0.7051	-0.8411	-0.4383	0.2486	0.1288	0.7943	-0.5389	-0.0282	-0.0747	0.0124	
-29.7433	-46.4870	-18.5294	-0.7052	-0.8409	-0.4384	0.2702	0.1480	0.7902	-0.5308	-0.0256	-0.0731	0.0130	
-29.8145	-46.5714	-18.5715	-0.7052	-0.8409	-0.4383	0.2908	0.1791	0.7849	-0.5170	-0.0253	-0.0728	0.0149	
-29.8864	-46.6547	-18.6131	-0.7053	-0.8409	-0.4382	0.2975	0.2180	0.7757	-0.5125	-0.0290	-0.0711	0.0143	
-29.9574	-46.7385	-18.6594	-0.7053	-0.8409	-0.4383	0.3218	0.2517	0.7676	-0.4935	-0.0279	-0.0724	0.0167	
-30.0225	-46.8250	-18.7034	-0.7051	-0.8410	-0.4383	0.3442	0.2931	0.7483	-0.4846	-0.0297	-0.0745	0.0154	
-30.0952	-46.9060	-18.7488	-0.7052	-0.8409	-0.4384	0.3582	0.3322	0.7309	-0.4764	-0.0320	-0.0746	0.0146	
-30.1621	-46.9902	-18.7920	-0.7051	-0.8409	-0.4383	0.3725	0.3737	0.7115	-0.4635	-0.0343	-0.0753	0.0148	
-30.2331	-47.0735	-18.8363	-0.7051	-0.8409	-0.4384	0.3906	0.4150	0.6867	-0.4506	-0.0361	-0.0771	0.0141	
-30.3047	-47.1559	-18.8802	-0.7051	-0.8408	-0.4384	0.4023	0.4427	0.6716	-0.4379	-0.0355	-0.0756	0.0144	
-30.3718	-47.2397	-18.9242	-0.7050	-0.8408	-0.4384	0.4058	0.4742	0.6614	-0.4169	-0.0358	-0.0733	0.0176	
-30.4455	-47.3266	-18.9682	-0.7051	-0.8409	-0.4384	0.4133	0.5028	0.6493	-0.3940	-0.0348	-0.0722	0.0202	
-30.5145	-47.4113	-19.0130	-0.7050	-0.8409	-0.4384	0.4203	0.5259	0.6323	-0.3846	-0.0348	-0.0700	0.0189	
-30.5846	-47.4966	-19.0544	-0.7050	-0.8410	-0.4383	0.4345	0.5528	0.6048	-0.3739	-0.0354	-0.0706	0.0165	
-30.6570	-47.5833	-19.0999	-0.7051	-0.8410	-0.4384	0.4351	0.5807	0.5923	-0.3512	-0.0350	-0.0688	0.0196	
-30.7250	-47.6682	-19.1424	-0.7050	-0.8411	-0.4383	0.4503	0.6004	0.5714	-0.3326	-0.0330	-0.0694	0.0186	
-30.7929	-47.7524	-19.1836	-0.7049	-0.8411	-0.4382	0.4590	0.6194	0.5525	-0.3180	-0.0320	-0.0682	0.0178	
-30.8687	-47.8355	-19.2291	-0.7051	-0.8410	-0.4383	0.4645	0.6363	0.5407	-0.2965	-0.0296	-0.0667	0.0191	
-30.9374	-47.9227	-19.2750	-0.7050	-0.8411	-0.4384	0.4795	0.6528	0.5157	-0.2796	-0.0286	-0.0675	0.0169	
-31.0077	-48.0058	-19.3173	-0.7050	-0.8411	-0.4383	0.4879	0.6816	0.4809	-0.2558	-0.0308	-0.0697	0.0171	
-31.0769	-48.0893	-19.3625	-0.7050	-0.8411	-0.4384	0.4980	0.7010	0.4584	-0.2243	-0.0286	-0.0712	0.0184	
-31.1446	-48.1719	-19.4085	-0.7049	-0.8410	-0.4384	0.5101	0.7171	0.4367	-0.1864	-0.0251	-0.0736	0.0199	
-31.2155	-48.2548	-19.4525	-0.7049	-0.8410	-0.4384	0.5057	0.7361	0.4192	-0.1659	-0.0255	-0.0708	0.0219	
-31.2864	-48.3378	-19.4976	-0.7049	-0.8410	-0.4385	0.5113	0.7426	0.4125	-0.1354	-0.0204	-0.0696	0.0229	
-31.3599	-48.4191	-19.5408	-0.7050	-0.8409	-0.4385	0.5214	0.7547	0.3793	-0.1237	-0.0229	-0.0692	0.0193	
-31.4278	-48.5008	-19.5836	-0.7049	-0.8408	-0.4384	0.5289	0.7602	0.3648	-0.1011	-0.0201	-0.0680	0.0185	
-31.4949	-48.5836	-19.6255	-0.7048	-0.8407	-0.4384	0.5378	0.7706	0.3330	-0.0757	-0.0206	-0.0695	0.0173	
-31.5679	-48.6672	-19.6697	-0.7049	-0.8407	-0.4384	0.5415	0.7813	0.3055	-0.0577	-0.0217	-0.0687	0.0166	
-31.6403	-48.7508	-19.7129	-0.7050	-0.8407	-0.4384	0.5513	0.7889	0.2692	-0.0248	-0.0216	-0.0720	0.0156	
-31.7129	-48.8333	-19.7542	-0.7050	-0.8407	-0.4383	0.5445	0.8058	0.2310	0.0079	-0.0235	-0.0734	0.0188	
-31.7824	-48.9171	-19.7997	-0.7050	-0.8406	-0.4383	0.5488	0.8109	0.2001	0.0335	-0.0234	-0.0740	0.0179	
-31.8556	-49.0004	-19.8403	-0.7051	-0.8406	-0.4382	0.5515	0.8148	0.1702	0.0558	-0.0235	-0.0736	0.0170	
-31.9253	-49.0841	-19.8802	-0.7051	-0.8406	-0.4381	0.5488	0.8207	0.1446	0.0715	-0.0240	-0.0712	0.0172	
-31.9956	-49.1711	-19.9268	-0.7051	-0.8407	-0.4382	0.5540	0.8191	0.1186	0.0929	-0.0231	-0.0710	0.0152	
-32.0670	-49.2505	-19.9708	-0.7051	-0.8406	-0.4382	0.5531	0.8202	0.0932	0.1143	-0.0225	-0.0701	0.0150	
-32.1407	-49.3364	-20.0151	-0.7052	-0.8406	-0.4382	0.5586	0.8183	0.0493	0.1267	-0.0266	-0.0705	0.0123	
-32.2112	-49.4192	-20.0591	-0.7052	-0.8406	-0.4382	0.5611	0.8135	0.0086	0.1508	-0.0280	-0.0723	0.0109	
-32.2812	-49.5030	-20.1010	-0.7052	-0.8406	-0.4382	0.5535	0.8102	-0.0281	0.1891	-0.0264	-0.0754	0.0126	
-32.3490	-49.5909	-20.1466	-0.7051	-0.8407	-0.4382	0.5500	0.8039	-0.0693	0.2143	-0.0277	-0.0769	0.0123	
-32.4209	-49.6724	-20.1905	-0.7051	-0.8406	-0.4382	0.5437	0.7982	-0.1218	0.2280	-0.0328	-0.0775	0.0127	
-32.4918	-49.7587	-20.2324	-0.7052	-0.8407	-0.4381	0.5299	0.8009	-0.1518	0.2368	-0.0333	-0.0740	0.0156	
-32.5635	-49.8423	-20.2735	-0.7052	-0.8407	-0.4381	0.5245	0.7842	-0.1904	0.2704	-0.0322	-0.0774	0.0139	
-32.6333	-49.9251	-20.3174	-0.7052	-0.8406	-0.4381	0.5048	0.7778	-0.2307	0.2942	-0.0324	-0.0784	0.0170	
-32.7049	-50.0049	-20.3622	-0.7052	-0.8405	-0.4381	0.4958	0.7726	-0.2617	0.3003	-0.0336	-0.0752	0.0174	
-32.7750	-50.0906	-20.4073	-0.7052	-0.8405	-0.4381	0.4835	0.7616	-0.2916	0.3185	-0.0327	-0.0748	0.0175	
-32.8462	-50.1731	-20.4501	-0.7052	-0.8405	-0.4381	0.4758	0.7468	-0.3216	0.3358	-0.0325	-0.0743	0.0161	
-32.9152	-50.2576	-20.4970	-0.7052	-0.8405	-0.4382	0.4655	0.7338	-0.3483	0.3522	-0.0316	-0.0735	0.0154	
-32.9840	-50.3442	-20.5411	-0.7051	-0.8406	-0.4382	0.4592	0.7120	-0.3824	0.3686	-0.0331	-0.0739	0.0133	
-33.0524	-50.4266	-20.5869	-0.7050	-0.8405	-0.4383	0.4441	0.7019	-0.4035	0.3850	-0.0305	-0.0727	0.0140	
-33.1218	-50.5110	-20.6296	-0.7050	-0.8405	-0.4382	0.4353	0.6826	-0.4412	0.3876	-0.0345	-0.0712	0.0141	
-33.1929	-50.5941	-20.6747	-0.7050	-0.8405	-0.4383	0.4306	0.6636	-0.4653	0.3982	-0.0346	-0.0697	0.0120	
-33.2650	-50.6822	-20.7206	-0.7051	-0.8406	-0.4383	0.4229	0.6462	-0.4930	0.4014	-0.0360	-0.0675	0.0117	
-33.3374	-50.7656	-20.7650	-0.7051	-0.8406	-0.4384	0.3999	0.6264	-0.5214	0.4190	-0.0343	-0.0693	0.0131	
-33.4070	-50.8487	-20.8091	-0.7051	-0.8406	-0.4384	0.3835	0.6191	-0.5351	0.4300	-0.0305	-0.0671	0.0138	
-33.4795	-50.9289	-20.8546	-0.7052	-0.8405	-0.4384	0.3619	0.6080	-0.5563	0.4365	-0.0288	-0.0660	0.0159	
-33.5498	-51.0139	-20.8995	-0.7052	-0.8405	-0.4385	0.3360	0.5818	-0.5923	0.4439	-0.0310	-0.0679	0.0182	
-33.6240	-51.0949	-20.9431	-0.7053	-0.8404	-0.4385	0.3167	0.5672	-0.6098	0.4547	-0.0287	-0.0672	0.0182	
-33.6935	-51.1768	-20.9857	-0.7052	-0.8403	-0.4384	0.2887	0.5440	-0.6370	0.4630	-0.0288	-0.0686	0.0201	
-33.7648	-51.2586	-21.0280	-0.7053	-0.8403	-0.4384	0.2507	0.5270	-0.6578	0.4760	-0.0253	-0.0709	0.0227	
-33.8358	-51.3402	-21.0710	-0.7053	-0.8402	-0.4383	0.2219	0.5132	-0.6724	0.4855	-0.0224	-0.0707	0.0235	
-33.9083	-51.4246	-21.1146	-0.7053	-0.8402	-0.4383	0.1909	0.4901	-0.6903	0.4964	-0.0212	-0.0721	0.0239	
-33.9771	-51.5065	-21.1556	-0.7053	-0.8401	-0.4382	0.1704	0.4597	-0.7069	0.5098	-0.0220	-0.0728	0.0216	
-34.0461	-51.5885	-21.2016	-0.7052	-0.8401	-0.4383	0.1364	0.4273	-0.7196	0.5295	-0.0203	-0.0763	0.0199	
-34.1183	-51.6718	-21.2446	-0.7053	-0.8400	-0.4383	0.1208	0.4046	-0.7319	0.5357	-0.0210	-0.0741	0.0186	
-34.1862	-51.7553	-21.2892	-0.7052	-0.8400	-0.4383	0.1037	0.3703	-0.7489	0.5398	-0.0239	-0.0734	0.0179	
-34.2571	-51.8406	-21.3338	-0.7052	-0.8401	-0.4383	0.0806	0.3460	-0.7565	0.5494	-0.0226	-0.0732	0.0166	
-34.3255	-51.9255	-21.3805	-0.7052	-0.8401	-0.4384	0.0556	0.3180	-0.7694	0.5512	-0.0229	-0.0729	0.0175	
-34.3920	-52.0105	-21.4189	-0.7050	-0.8401	-0.4383	0.0275	0.2953	-0.7834	0.5465	-0.0224	-0.0721	0.0204	
-34.4645	-52.0948	-21.4642	-0.7051	-0.8401	-0.4383	0.0062	0.2605	-0.7963	0.5459	-0.0200	-0.0724	0.0199	
-34.5300	-52.1807	-21.5047	-0.7049	-0.8402	-0.4382	0.0189	-0.2297	0.8029	-0.5496	-0.0205	-0.0728	0.0191	
-34.5997	-52.2646	-21.5484	-0.7049	-0.8402	-0.4382	0.0425	-0.2119	0.8043	-0.5543	-0.0184	-0.0716	0.0178	
-34.6737	-52.3500	-21.5919	-0.7050	-0.8402	-0.4382	0.0678	-0.1728	0.7988	-0.5722	-0.0189	-0.0743	0.0126	
-34.7452	-52.4279	-21.6352	-0.7051	-0.8400	-0.4382	0.0963	-0.1341	0.7984	-0.5786	-0.0197	-0.0763	0.0112	
-34.8140	-52.5119	-21.6803	-0.7050	-0.8400	-0.4382	0.1249	-0.1013	0.7932	-0.5872	-0.0192	-0.0777	0.0091	
-34.8852	-52.5961	-21.7268	-0.7050	-0.8401	-0.4383	0.1512	-0.0613	0.7988	-0.5788	-0.0211	-0.0781	0.0121	
-34.9555	-52.6775	-21.7734	-0.7050	-0.8400	-0.4384	0.1831	-0.0213	0.7992	-0.5715	-0.0217	-0.0798	0.0140	
-35.0269	-52.7635	-21.8146	-0.7051	-0.8400	-0.4383	0.2018	0.0175	0.8000	-0.5648	-0.0239	-0.0789	0.0151	
-35.0979	-52.8466	-21.8581	-0.7051	-0.8400	-0.4383	0.2129	0.0426	0.8045	-0.5544	-0.0246	-0.0749	0.0171	
-35.1693	-52.9297	-21.8994	-0.7051	-0.8400	-0.4382	0.2350	0.0805	0.8040	-0.5400	-0.0256	-0.0751	0.0195	
-35.2427	-53.0132	-21.9413	-0.7052	-0.8400	-0.4381	0.2493	0.1081	0.7996	-0.5363	-0.0259	-0.0731	0.0183	
