-0.0694	-9.5683	0.1077	0.0000	0.0000	0.0000	0.6021	-0.5597	-0.4469	-0.3529	0.0000	0.0000	0.0000	
-0.1618	-10.2863	0.0309	-0.0091	-0.0711	-0.0076	0.5913	-0.5226	-0.5203	-0.3372	0.0253	-0.0213	-0.0066	
-0.1891	-10.5505	0.0164	-0.0174	-0.1391	-0.0109	0.6307	-0.5062	-0.4990	-0.3184	0.0517	0.0518	0.0461	
-0.2261	-10.7075	0.0459	-0.0361	-0.2069	0.0027	0.6061	-0.5209	-0.5324	-0.3001	0.0378	0.0027	-0.0317	
-0.1871	-10.8243	0.0262	-0.0111	-0.2711	-0.0089	0.5809	-0.5219	-0.5636	-0.2691	0.0473	-0.0125	-0.0514	
-0.1627	-10.8700	-0.0003	0.0079	-0.2870	-0.0295	0.5737	-0.5005	-0.5849	-0.2877	0.0384	-0.0303	-0.0258	
-0.2828	-10.9382	0.0059	-0.1028	-0.3278	-0.0213	0.5293	-0.4757	-0.6499	-0.2675	0.0507	-0.0537	-0.0408	
-0.3273	-11.0839	0.0572	-0.1402	-0.4496	0.0304	0.4840	-0.4650	-0.6902	-0.2701	0.0444	-0.0658	-0.0457	
-0.3631	-11.1557	0.0911	-0.1632	-0.4792	0.0612	0.4598	-0.4711	-0.7131	-0.2447	0.0415	-0.0575	-0.0520	
-0.3885	-11.2112	0.0525	-0.1744	-0.4899	0.0206	0.4070	-0.4710	-0.7426	-0.2473	0.0335	-0.0660	-0.0544	
-0.4432	-11.2428	0.0537	-0.2118	-0.4716	0.0179	0.3960	-0.4739	-0.7562	-0.2236	0.0327	-0.0557	-0.0538	
-0.4675	-11.3072	-0.0257	-0.2153	-0.4917	-0.0590	0.3715	-0.4687	-0.7710	-0.2218	0.0294	-0.0551	-0.0495	
-0.5663	-11.2909	-0.0775	-0.2900	-0.4269	-0.1021	0.3345	-0.4717	-0.7896	-0.2053	0.0267	-0.0549	-0.0524	
-0.6486	-11.2822	-0.1101	-0.3395	-0.3769	-0.1225	0.2889	-0.4628	-0.8160	-0.1885	0.0269	-0.0579	-0.0554	
-0.7005	-11.3802	-0.0812	-0.3544	-0.4333	-0.0861	0.2590	-0.4492	-0.8353	-0.1840	0.0267	-0.0586	-0.0528	
-0.7379	-11.4707	-0.1854	-0.3561	-0.4740	-0.1649	0.2292	-0.4448	-0.8494	-0.1692	0.0261	-0.0570	-0.0523	
-0.8119	-11.5196	-0.1749	-0.3864	-0.4765	-0.1428	0.1913	-0.4270	-0.8679	-0.1664	0.0259	-0.0597	-0.0505	
-0.9054	-11.5459	-0.2317	-0.4268	-0.4617	-0.1763	0.1820	-0.4218	-0.8751	-0.1616	0.0246	-0.0551	-0.0459	
-0.9378	-11.5678	-0.2585	-0.4194	-0.4427	-0.1836	0.1491	-0.4094	-0.8880	-0.1466	0.0251	-0.0549	-0.0468	
-0.9879	-11.6447	-0.3151	-0.4251	-0.4657	-0.2108	0.1258	-0.4025	-0.8980	-0.1283	0.0252	-0.0521	-0.0471	
-1.1177	-11.6516	-0.2902	-0.4842	-0.4393	-0.1806	0.0909	-0.3917	-0.9072	-0.1237	0.0232	-0.0540	-0.0462	
-1.1592	-11.6865	-0.2866	-0.4805	-0.4333	-0.1677	0.0588	-0.3954	-0.9102	-0.1118	0.0197	-0.0531	-0.0472	
-1.2786	-11.7618	-0.3569	-0.5246	-0.4522	-0.2012	0.0215	-0.3999	-0.9092	-0.1189	0.0239	-0.0512	-0.0495	
-1.3120	-11.7652	-0.4082	-0.5128	-0.4266	-0.2206	0.0002	0.3879	0.9160	0.1060	0.0241	-0.0489	-0.0485	
-1.4138	-11.8220	-0.4356	-0.5417	-0.4354	-0.2230	0.0340	0.3706	0.9224	0.1038	0.0237	-0.0512	-0.0462	
-1.4633	-11.8061	-0.4823	-0.5391	-0.4017	-0.2375	0.0723	0.3564	0.9262	0.0982	0.0228	-0.0535	-0.0456	
-1.5774	-11.8610	-0.4991	-0.5711	-0.4103	-0.2326	0.1028	0.3361	0.9308	0.1027	0.0231	-0.0554	-0.0417	
-1.5746	-11.8697	-0.5478	-0.5398	-0.3930	-0.2457	0.1378	0.3111	0.9354	0.0943	0.0251	-0.0563	-0.0418	
-1.5890	-11.9004	-0.5623	-0.5199	-0.3886	-0.2406	0.1831	0.2938	0.9335	0.0897	0.0243	-0.0597	-0.0421	
-1.6576	-11.8788	-0.5824	-0.5278	-0.3590	-0.2385	0.2176	0.2684	0.9339	0.0920	0.0254	-0.0615	-0.0397	
-1.7198	-11.9219	-0.5622	-0.5321	-0.3629	-0.2162	0.2522	0.2480	0.9295	0.1079	0.0257	-0.0644	-0.0344	
-1.7689	-11.9264	-0.5577	-0.5301	-0.3485	-0.2038	0.2878	0.2263	0.9234	0.1156	0.0259	-0.0664	-0.0319	
-1.8672	-11.9584	-0.5518	-0.5505	-0.3474	-0.1912	0.3299	0.1923	0.9154	0.1248	0.0281	-0.0705	-0.0296	
-1.9027	-11.9679	-0.5551	-0.5420	-0.3366	-0.1840	0.3661	0.1653	0.9059	0.1335	0.0293	-0.0722	-0.0275	
-1.9263	-11.9956	-0.5886	-0.5289	-0.3340	-0.1902	0.3898	0.1396	0.9002	0.1377	0.0310	-0.0703	-0.0258	
-1.9867	-12.0030	-0.6086	-0.5320	-0.3234	-0.1905	0.4328	0.1037	0.8824	0.1498	0.0333	-0.0749	-0.0237	
-2.0569	-12.0601	-0.5829	-0.5389	-0.3336	-0.1720	0.4590	0.0895	0.8683	0.1695	0.0325	-0.0747	-0.0187	
-2.1048	-12.0661	-0.6364	-0.5363	-0.3229	-0.1868	0.4918	0.0613	0.8486	0.1843	0.0340	-0.0767	-0.0159	
-2.1724	-12.0912	-0.6459	-0.5416	-0.3202	-0.1832	0.5144	0.0445	0.8340	0.1972	0.0332	-0.0753	-0.0133	
-2.2225	-12.1309	-0.6774	-0.5400	-0.3230	-0.1881	0.5375	0.0171	0.8154	0.2147	0.0355	-0.0751	-0.0103	
-2.2624	-12.1317	-0.6888	-0.5348	-0.3116	-0.1855	0.5561	-0.0050	0.7968	0.2379	0.0371	-0.0740	-0.0064	
-2.2712	-12.1493	-0.6939	-0.5191	-0.3068	-0.1807	0.5727	-0.0289	0.7809	0.2492	0.0381	-0.0717	-0.0060	
-2.3879	-12.1858	-0.7009	-0.5416	-0.3088	-0.1762	0.5814	-0.0581	0.7681	0.2639	0.0402	-0.0685	-0.0047	
-2.4589	-12.2212	-0.7317	-0.5474	-0.3102	-0.1803	0.5896	-0.0979	0.7525	0.2772	0.0447	-0.0662	-0.0046	
-2.5325	-12.2128	-0.7603	-0.5536	-0.2972	-0.1836	0.6077	-0.1527	0.7254	0.2834	0.0500	-0.0679	-0.0071	
-2.5840	-12.2381	-0.7806	-0.5523	-0.2957	-0.1843	0.6232	-0.1772	0.7044	0.2909	0.0490	-0.0671	-0.0067	
-2.6340	-12.2650	-0.8015	-0.5508	-0.2947	-0.1847	0.6306	-0.2303	0.6785	0.2974	0.0547	-0.0666	-0.0095	
-2.6412	-12.2883	-0.8032	-0.5361	-0.2927	-0.1794	0.6302	-0.2727	0.6591	0.3075	0.0588	-0.0635	-0.0113	
-2.7076	-12.3033	-0.8069	-0.5401	-0.2884	-0.1750	0.6389	-0.2971	0.6353	0.3171	0.0575	-0.0626	-0.0100	
-2.7514	-12.3438	-0.8205	-0.5372	-0.2917	-0.1737	0.6321	-0.3406	0.6146	0.3273	0.0618	-0.0594	-0.0119	
-2.7939	-12.3873	-0.8291	-0.5341	-0.2958	-0.1711	0.6230	-0.3690	0.6007	0.3413	0.0630	-0.0546	-0.0118	
-2.8732	-12.3769	-0.8549	-0.5416	-0.2843	-0.1735	0.6223	-0.4165	0.5684	0.3397	0.0652	-0.0559	-0.0150	
-2.9126	-12.4216	-0.8668	-0.5375	-0.2888	-0.1718	0.6199	-0.4582	0.5379	0.3404	0.0670	-0.0560	-0.0171	
-2.9640	-12.4564	-0.8940	-0.5370	-0.2903	-0.1746	0.6066	-0.4997	0.5137	0.3443	0.0695	-0.0537	-0.0195	
-3.0124	-12.4743	-0.9238	-0.5356	-0.2871	-0.1780	0.5875	-0.5409	0.4881	0.3524	0.0730	-0.0508	-0.0214	
-3.0801	-12.5166	-0.9436	-0.5395	-0.2907	-0.1785	0.5710	-0.5755	0.4675	0.3534	0.0730	-0.0483	-0.0235	
-3.1120	-12.5474	-0.9632	-0.5339	-0.2910	-0.1791	0.5416	-0.6142	0.4568	0.3495	0.0735	-0.0436	-0.0290	
-3.1749	-12.5752	-0.9817	-0.5365	-0.2907	-0.1794	0.5130	-0.6508	0.4476	0.3382	0.0720	-0.0404	-0.0347	
-3.2413	-12.5996	-0.9956	-0.5401	-0.2894	-0.1784	0.4809	-0.6970	0.4273	0.3167	0.0721	-0.0403	-0.0425	
-3.3196	-12.6325	-1.0358	-0.5462	-0.2904	-0.1840	0.4609	-0.7324	0.4067	0.2934	0.0692	-0.0415	-0.0460	
-3.3856	-12.6431	-1.0486	-0.5491	-0.2859	-0.1827	0.4308	-0.7672	0.3880	0.2746	0.0683	-0.0409	-0.0505	
-3.4441	-12.6712	-1.0655	-0.5500	-0.2858	-0.1825	0.4065	-0.7962	0.3709	0.2524	0.0655	-0.0410	-0.0532	
-3.5199	-12.7142	-1.0867	-0.5549	-0.2893	-0.1832	0.3843	-0.8187	0.3559	0.2378	0.0627	-0.0399	-0.0534	
-3.5669	-12.7158	-1.1082	-0.5529	-0.2829	-0.1841	0.3637	-0.8402	0.3355	0.2233	0.0612	-0.0393	-0.0532	
-3.6295	-12.7494	-1.1322	-0.5545	-0.2841	-0.1854	0.3360	-0.8611	0.3236	0.2044	0.0584	-0.0380	-0.0550	
-3.6712	-12.7783	-1.1473	-0.5514	-0.2843	-0.1848	0.3116	-0.8807	0.3093	0.1793	0.0554	-0.0384	-0.0568	
-3.7379	-12.7997	-1.1380	-0.5540	-0.2828	-0.1786	0.2791	-0.8971	0.3042	0.1614	0.0524	-0.0361	-0.0593	
-3.7804	-12.8410	-1.1364	-0.5512	-0.2856	-0.1743	0.2419	-0.9168	0.2857	0.1379	0.0519	-0.0356	-0.0627	
-3.8185	-12.8832	-1.1839	-0.5474	-0.2885	-0.1810	0.2076	-0.9297	0.2840	0.1142	0.0478	-0.0334	-0.0651	
-3.8814	-12.9100	-1.2330	-0.5490	-0.2881	-0.1877	0.1928	-0.9400	0.2708	0.0834	0.0440	-0.0362	-0.0631	
-3.9235	-12.9636	-1.2548	-0.5462	-0.2933	-0.1884	0.1562	-0.9480	0.2731	0.0586	0.0396	-0.0338	-0.0660	
-3.9873	-12.9923	-1.2730	-0.5482	-0.2932	-0.1883	0.1287	-0.9615	0.2399	0.0260	0.0414	-0.0375	-0.0666	
-4.0372	-13.0238	-1.2880	-0.5472	-0.2937	-0.1875	0.1144	-0.9671	0.2294	-0.0115	0.0375	-0.0411	-0.0647	
-4.1140	-13.0419	-1.2963	-0.5516	-0.2914	-0.1854	0.0954	-0.9716	0.2172	-0.0298	0.0360	-0.0400	-0.0625	
-4.1538	-13.0542	-1.3181	-0.5485	-0.2881	-0.1861	0.0700	-0.9752	0.2009	-0.0606	0.0345	-0.0411	-0.0633	
-4.2187	-13.1143	-1.3137	-0.5504	-0.2943	-0.1815	0.0486	-0.9743	0.1997	-0.0971	0.0300	-0.0432	-0.0628	
-4.2864	-13.1292	-1.3250	-0.5529	-0.2915	-0.1801	0.0207	-0.9715	0.1925	-0.1363	0.0327	-0.0415	-0.0610	
-4.3455	-13.1703	-1.3288	-0.5536	-0.2937	-0.1773	-0.0102	0.9709	-0.1749	0.1653	0.0320	-0.0432	-0.0579	
-4.3906	-13.2054	-1.3602	-0.5516	-0.2948	-0.1800	-0.0012	0.9682	-0.1495	0.2009	0.0327	-0.0467	-0.0553	
-4.4451	-13.2401	-1.3747	-0.5514	-0.2958	-0.1793	0.0173	0.9611	-0.1420	0.2369	0.0293	-0.0486	-0.0554	
-4.5030	-13.2891	-1.3956	-0.5518	-0.2994	-0.1799	0.0257	0.9540	-0.1377	0.2673	0.0262	-0.0495	-0.0525	
-4.5585	-13.3290	-1.4078	-0.5518	-0.3012	-0.1788	0.0315	0.9451	-0.1301	0.2995	0.0241	-0.0511	-0.0495	
-4.6244	-13.3612	-1.4067	-0.5538	-0.3015	-0.1753	0.0463	0.9343	-0.0992	0.3381	0.0268	-0.0544	-0.0498	
-4.6915	-13.3775	-1.4246	-0.5559	-0.2991	-0.1754	0.0655	0.9263	-0.0891	0.3612	0.0246	-0.0529	-0.0502	
-4.7467	-13.4194	-1.4322	-0.5558	-0.3011	-0.1736	0.0802	0.9171	-0.0928	0.3816	0.0198	-0.0507	-0.0487	
-4.8194	-13.4429	-1.4476	-0.5587	-0.3000	-0.1732	0.0770	0.9006	-0.0891	0.4195	0.0185	-0.0544	-0.0445	
-4.8807	-13.4584	-1.4499	-0.5596	-0.2975	-0.1706	0.0779	0.8844	-0.0854	0.4528	0.0168	-0.0564	-0.0413	
-4.9385	-13.4921	-1.4693	-0.5599	-0.2981	-0.1709	0.0798	0.8754	-0.0745	0.4721	0.0170	-0.0545	-0.0384	
-4.9862	-13.5071	-1.4730	-0.5585	-0.2957	-0.1687	0.0975	0.8598	-0.0484	0.4985	0.0186	-0.0547	-0.0405	
-5.0438	-13.5386	-1.4850	-0.5588	-0.2960	-0.1679	0.0992	0.8392	-0.0354	0.5334	0.0191	-0.0575	-0.0386	
-5.0947	-13.5513	-1.4864	-0.5580	-0.2932	-0.1653	0.0925	0.8198	-0.0232	0.5649	0.0201	-0.0593	-0.0349	
-5.1471	-13.5738	-1.4865	-0.5574	-0.2921	-0.1626	0.0956	0.7984	-0.0048	0.5943	0.0212	-0.0604	-0.0341	
-5.2076	-13.5871	-1.5116	-0.5582	-0.2896	-0.1640	0.0886	0.7885	0.0246	0.6092	0.0259	-0.0574	-0.0319	
-5.2773	-13.6359	-1.5233	-0.5604	-0.2927	-0.1632	0.0871	0.7670	0.0497	0.6336	0.0288	-0.0579	-0.0313	
-5.3245	-13.6857	-1.5111	-0.5590	-0.2959	-0.1587	0.0819	0.7455	0.0761	0.6570	0.0320	-0.0579	-0.0299	
-5.3860	-13.7195	-1.5195	-0.5599	-0.2965	-0.1575	0.0887	0.7294	0.0965	0.6718	0.0317	-0.0557	-0.0304	
-5.4271	-13.7286	-1.5258	-0.5576	-0.2934	-0.1560	0.0890	0.7005	0.1309	0.6954	0.0351	-0.0572	-0.0315	
-5.4958	-13.7691	-1.5415	-0.5595	-0.2951	-0.1560	0.0841	0.6847	0.1554	0.7075	0.0371	-0.0544	-0.0305	
-5.5449	-13.7910	-1.5507	-0.5585	-0.2940	-0.1551	0.0876	0.6612	0.1917	0.7198	0.0398	-0.0531	-0.0325	
-5.6047	-13.8196	-1.5618	-0.5591	-0.2938	-0.1544	0.0700	0.6401	0.2121	0.7356	0.0423	-0.0521	-0.0290	
-5.6680	-13.8563	-1.5809	-0.5602	-0.2949	-0.1549	0.0598	0.6098	0.2483	0.7500	0.0469	-0.0524	-0.0297	
-5.7178	-13.8941	-1.5989	-0.5592	-0.2961	-0.1553	0.0595	0.5710	0.2849	0.7670	0.0497	-0.0550	-0.0320	
-5.7732	-13.9206	-1.6113	-0.5592	-0.2957	-0.1549	0.0661	0.5570	0.3188	0.7650	0.0493	-0.0498	-0.0347	
-5.8254	-13.9380	-1.6344	-0.5586	-0.2940	-0.1560	0.0595	0.5310	0.3512	0.7689	0.0513	-0.0482	-0.0351	
-5.8874	-13.9784	-1.6599	-0.5595	-0.2955	-0.1574	0.0383	0.4975	0.3783	0.7796	0.0552	-0.0488	-0.0330	
-5.9453	-14.0107	-1.6808	-0.5597	-0.2959	-0.1582	0.0360	0.4661	0.4081	0.7840	0.0558	-0.0487	-0.0341	
-5.9978	-14.0338	-1.6967	-0.5593	-0.2950	-0.1582	0.0344	0.4412	0.4471	0.7775	0.0571	-0.0454	-0.0374	
-6.0695	-14.0696	-1.7106	-0.5614	-0.2959	-0.1579	0.0159	0.4109	0.4842	0.7722	0.0614	-0.0429	-0.0383	
-6.1112	-14.1000	-1.7117	-0.5594	-0.2960	-0.1558	0.0022	0.3879	0.5120	0.7668	0.0622	-0.0399	-0.0378	
-6.1840	-14.1293	-1.7040	-0.5617	-0.2959	-0.1526	0.0032	-0.3659	-0.5425	-0.7565	0.0618	-0.0427	-0.0367	
-6.2568	-14.1692	-1.6935	-0.5639	-0.2972	-0.1492	0.0123	-0.3447	-0.5744	-0.7428	0.0600	-0.0451	-0.0376	
-6.3223	-14.1983	-1.6925	-0.5652	-0.2971	-0.1470	0.0105	-0.3122	-0.6058	-0.7317	0.0589	-0.0458	-0.0388	
-6.3770	-14.2329	-1.7048	-0.5649	-0.2977	-0.1467	0.0117	-0.2790	-0.6351	-0.7201	0.0582	-0.0458	-0.0416	
-6.4518	-14.2705	-1.7167	-0.5673	-0.2987	-0.1463	0.0094	-0.2497	-0.6678	-0.7012	0.0565	-0.0451	-0.0474	
-6.5094	-14.3102	-1.7337	-0.5674	-0.2999	-0.1466	0.0016	-0.2186	-0.6997	-0.6800	0.0546	-0.0453	-0.0528	
-6.5846	-14.3471	-1.7268	-0.5698	-0.3008	-0.1438	0.0050	0.1944	0.7339	0.6510	0.0564	-0.0475	-0.0465	
-6.6531	-14.3801	-1.7320	-0.5713	-0.3011	-0.1426	0.0149	0.1614	0.7595	0.6299	0.0561	-0.0482	-0.0457	
-6.7195	-14.4013	-1.7353	-0.5725	-0.3000	-0.1412	0.0212	0.1330	0.7823	0.6085	0.0537	-0.0481	-0.0481	
-6.7940	-14.4216	-1.7500	-0.5748	-0.2987	-0.1412	0.0283	0.1095	0.8081	0.5787	0.0488	-0.0463	-0.0550	
-6.8598	-14.4362	-1.7613	-0.5759	-0.2968	-0.1408	0.0482	0.0861	0.8305	0.5485	0.0422	-0.0474	-0.0608	
-6.9312	-14.4573	-1.7845	-0.5776	-0.2958	-0.1419	0.0661	0.0686	0.8544	0.5111	0.0359	-0.0461	-0.0677	
-6.9900	-14.4963	-1.7917	-0.5777	-0.2969	-0.1410	0.0953	0.0475	0.8801	0.4620	0.0299	-0.0481	-0.0775	
-7.0496	-14.5162	-1.8171	-0.5780	-0.2957	-0.1423	0.1364	0.0339	0.9030	0.4055	0.0211	-0.0514	-0.0868	
-7.1154	-14.5421	-1.8315	-0.5790	-0.2953	-0.1423	0.1528	0.0132	0.9206	0.3587	0.0203	-0.0494	-0.0898	
-7.1687	-14.5720	-1.8553	-0.5785	-0.2953	-0.1435	0.1833	0.0049	0.9303	0.3187	0.0145	-0.0500	-0.0896	
-7.2324	-14.5950	-1.8744	-0.5792	-0.2946	-0.1441	0.1900	-0.0022	0.9454	0.2665	0.0127	-0.0445	-0.0926	
-7.2841	-14.6228	-1.9016	-0.5785	-0.2944	-0.1456	0.2051	-0.0078	0.9510	0.2356	0.0102	-0.0423	-0.0890	
-7.3272	-14.6507	-1.9386	-0.5767	-0.2943	-0.1483	0.2356	-0.0103	0.9542	0.1830	0.0049	-0.0434	-0.0912	
-7.3794	-14.6840	-1.9488	-0.5761	-0.2947	-0.1477	0.2602	-0.0228	0.9538	0.1526	0.0037	-0.0444	-0.0877	
-7.4382	-14.7138	-1.9579	-0.5762	-0.2947	-0.1471	0.2808	-0.0320	0.9525	0.1175	0.0022	-0.0443	-0.0858	
-7.4961	-14.7401	-1.9769	-0.5763	-0.2944	-0.1476	0.3029	-0.0319	0.9497	0.0782	-0.0013	-0.0440	-0.0848	
-7.5486	-14.7645	-1.9995	-0.5757	-0.2939	-0.1485	0.3316	-0.0373	0.9420	0.0383	-0.0039	-0.0458	-0.0839	
-7.6244	-14.7918	-2.0228	-0.5778	-0.2936	-0.1495	0.3598	-0.0545	0.9316	0.0049	-0.0035	-0.0484	-0.0818	
-7.6771	-14.8167	-2.0361	-0.5772	-0.2931	-0.1493	0.3781	-0.0698	0.9232	-0.0259	-0.0024	-0.0481	-0.0797	
-7.7174	-14.8512	-2.0575	-0.5753	-0.2937	-0.1500	0.4081	-0.0789	0.9086	-0.0511	-0.0027	-0.0506	-0.0758	
-7.7778	-14.8819	-2.0774	-0.5756	-0.2939	-0.1506	0.4326	-0.0920	0.8937	-0.0792	-0.0022	-0.0519	-0.0735	
-7.8307	-14.9017	-2.1001	-0.5751	-0.2929	-0.1514	0.4575	-0.0964	0.8791	-0.1000	-0.0028	-0.0529	-0.0695	
-7.8873	-14.9304	-2.1235	-0.5750	-0.2928	-0.1523	0.4833	-0.1080	0.8604	-0.1227	-0.0020	-0.0545	-0.0666	
-7.9454	-14.9594	-2.1349	-0.5751	-0.2928	-0.1519	0.4999	-0.1112	0.8489	-0.1382	-0.0021	-0.0529	-0.0624	
-7.9972	-14.9855	-2.1557	-0.5745	-0.2925	-0.1525	0.5166	-0.1209	0.8307	-0.1690	-0.0026	-0.0526	-0.0626	
-8.0427	-15.0032	-2.1640	-0.5732	-0.2913	-0.1518	0.5460	-0.1228	0.8059	-0.1935	-0.0038	-0.0556	-0.0608	
-8.0988	-15.0297	-2.1786	-0.5731	-0.2910	-0.1517	0.5831	-0.1208	0.7728	-0.2193	-0.0057	-0.0614	-0.0590	
-8.1489	-15.0575	-2.1917	-0.5723	-0.2909	-0.1515	0.6145	-0.1300	0.7447	-0.2280	-0.0028	-0.0639	-0.0548	
-8.1990	-15.0848	-2.2074	-0.5716	-0.2907	-0.1515	0.6339	-0.1307	0.7295	-0.2275	-0.0010	-0.0618	-0.0487	
-8.2408	-15.1089	-2.2266	-0.5700	-0.2902	-0.1520	0.6677	-0.1297	0.6982	-0.2262	0.0009	-0.0652	-0.0432	
-8.2970	-15.1296	-2.2358	-0.5699	-0.2894	-0.1513	0.6901	-0.1470	0.6670	-0.2390	0.0039	-0.0658	-0.0432	
-8.3558	-15.1527	-2.2510	-0.5701	-0.2888	-0.1513	0.7012	-0.1695	0.6452	-0.2535	0.0067	-0.0626	-0.0441	
-8.4122	-15.1764	-2.2647	-0.5701	-0.2883	-0.1512	0.7275	-0.1721	0.6197	-0.2429	0.0099	-0.0633	-0.0382	
-8.4654	-15.1974	-2.2851	-0.5697	-0.2875	-0.1517	0.7416	-0.1875	0.5927	-0.2528	0.0113	-0.0621	-0.0384	
-8.5221	-15.2253	-2.3036	-0.5697	-0.2874	-0.1520	0.7645	-0.2081	0.5558	-0.2516	0.0163	-0.0636	-0.0376	
-8.5817	-15.2484	-2.3121	-0.5700	-0.2869	-0.1514	0.7868	-0.2407	0.5064	-0.2565	0.0222	-0.0665	-0.0402	
-8.6366	-15.2802	-2.3391	-0.5697	-0.2872	-0.1526	0.7969	-0.2640	0.4793	-0.2576	0.0250	-0.0637	-0.0402	
-8.6890	-15.3076	-2.3541	-0.5693	-0.2871	-0.1525	0.8081	-0.2818	0.4521	-0.2531	0.0275	-0.0613	-0.0390	
-8.7492	-15.3380	-2.3761	-0.5696	-0.2872	-0.1532	0.8232	-0.2893	0.4145	-0.2584	0.0270	-0.0632	-0.0377	
-8.8061	-15.3594	-2.3974	-0.5696	-0.2865	-0.1538	0.8301	-0.3102	0.3848	-0.2590	0.0285	-0.0609	-0.0384	
-8.8566	-15.3966	-2.4011	-0.5690	-0.2873	-0.1526	0.8391	-0.3226	0.3538	-0.2589	0.0291	-0.0598	-0.0376	
-8.9081	-15.4247	-2.4247	-0.5685	-0.2873	-0.1534	0.8421	-0.3380	0.3306	-0.2614	0.0287	-0.0567	-0.0376	
-8.9711	-15.4551	-2.4409	-0.5690	-0.2874	-0.1535	0.8476	-0.3518	0.2958	-0.2649	0.0288	-0.0569	-0.0378	
-9.0380	-15.4823	-2.4561	-0.5700	-0.2873	-0.1535	0.8485	-0.3740	0.2774	-0.2546	0.0310	-0.0517	-0.0380	
-9.0948	-15.5148	-2.4783	-0.5700	-0.2876	-0.1542	0.8519	-0.3911	0.2554	-0.2392	0.0339	-0.0484	-0.0367	
-9.1484	-15.5343	-2.4915	-0.5697	-0.2868	-0.1539	0.8556	-0.4110	0.2097	-0.2332	0.0368	-0.0505	-0.0380	
-9.2080	-15.5640	-2.5016	-0.5699	-0.2869	-0.1535	0.8494	-0.4414	0.1607	-0.2388	0.0380	-0.0519	-0.0432	
-9.2562	-15.5959	-2.5203	-0.5691	-0.2872	-0.1538	0.8439	-0.4613	0.1182	-0.2459	0.0373	-0.0531	-0.0454	
-9.3167	-15.6183	-2.5351	-0.5694	-0.2866	-0.1537	0.8441	-0.4738	0.0834	-0.2375	0.0385	-0.0527	-0.0442	
-9.3739	-15.6521	-2.5636	-0.5695	-0.2871	-0.1549	0.8393	-0.4880	0.0661	-0.2340	0.0367	-0.0489	-0.0432	
-9.4268	-15.6664	-2.5792	-0.5691	-0.2858	-0.1549	0.8282	-0.5140	0.0297	-0.2211	0.0393	-0.0472	-0.0462	
-9.4852	-15.6883	-2.6001	-0.5693	-0.2852	-0.1554	0.8142	-0.5383	-0.0040	-0.2172	0.0393	-0.0460	-0.0490	
-9.5434	-15.7122	-2.6151	-0.5694	-0.2848	-0.1554	0.7962	-0.5616	-0.0308	-0.2241	0.0359	-0.0445	-0.0519	
-9.5989	-15.7319	-2.6350	-0.5693	-0.2840	-0.1558	0.7746	-0.5879	-0.0661	-0.2228	0.0355	-0.0439	-0.0557	
-9.6639	-15.7522	-2.6496	-0.5700	-0.2833	-0.1557	0.7572	-0.6069	-0.0986	-0.2200	0.0350	-0.0435	-0.0569	
-9.7153	-15.7755	-2.6662	-0.5695	-0.2829	-0.1558	0.7373	-0.6265	-0.1238	-0.2211	0.0329	-0.0421	-0.0581	
-9.7749	-15.8110	-2.6727	-0.5697	-0.2835	-0.1550	0.7079	-0.6534	-0.1458	-0.2259	0.0293	-0.0401	-0.0621	
-9.8347	-15.8338	-2.6867	-0.5700	-0.2830	-0.1548	0.6708	-0.6847	-0.1762	-0.2225	0.0284	-0.0388	-0.0680	
-9.8908	-15.8627	-2.7038	-0.5699	-0.2831	-0.1550	0.6372	-0.7063	-0.2010	-0.2340	0.0242	-0.0393	-0.0703	
-9.9428	-15.8936	-2.7226	-0.5695	-0.2833	-0.1553	0.6131	-0.7245	-0.2138	-0.2338	0.0217	-0.0367	-0.0698	
-10.0006	-15.9148	-2.7332	-0.5696	-0.2827	-0.1548	0.5818	-0.7472	-0.2247	-0.2311	0.0189	-0.0337	-0.0714	
-10.0611	-15.9379	-2.7523	-0.5699	-0.2823	-0.1552	0.5531	-0.7609	-0.2324	-0.2502	0.0122	-0.0343	-0.0700	
-10.1303	-15.9661	-2.7744	-0.5709	-0.2823	-0.1557	0.5177	-0.7743	-0.2480	-0.2666	0.0078	-0.0359	-0.0703	
-10.1821	-15.9929	-2.7931	-0.5705	-0.2822	-0.1560	0.4705	-0.7925	-0.2708	-0.2761	0.0054	-0.0372	-0.0741	
-10.2382	-16.0206	-2.8110	-0.5704	-0.2821	-0.1562	0.4277	-0.8132	-0.2745	-0.2842	0.0005	-0.0356	-0.0763	
-10.2903	-16.0484	-2.8266	-0.5700	-0.2821	-0.1562	0.3847	-0.8195	-0.3015	-0.2982	-0.0001	-0.0389	-0.0768	
-10.3456	-16.0796	-2.8537	-0.5698	-0.2823	-0.1571	0.3449	-0.8309	-0.3113	-0.3063	-0.0026	-0.0387	-0.0769	
-10.4048	-16.0973	-2.8703	-0.5700	-0.2815	-0.1572	0.2937	-0.8372	-0.3299	-0.3211	-0.0051	-0.0416	-0.0788	
-10.4597	-16.1296	-2.8781	-0.5698	-0.2818	-0.1566	0.2556	-0.8409	-0.3360	-0.3397	-0.0086	-0.0430	-0.0767	
-10.5175	-16.1544	-2.8966	-0.5699	-0.2816	-0.1568	0.2073	-0.8417	-0.3490	-0.3553	-0.0108	-0.0455	-0.0771	
-10.5721	-16.1853	-2.9133	-0.5697	-0.2818	-0.1569	0.1594	-0.8327	-0.3698	-0.3795	-0.0115	-0.0508	-0.0761	
-10.6301	-16.2067	-2.9311	-0.5698	-0.2812	-0.1571	0.1170	-0.8269	-0.3852	-0.3926	-0.0116	-0.0524	-0.0752	
-10.6867	-16.2264	-2.9443	-0.5698	-0.2806	-0.1569	0.0866	-0.8222	-0.3850	-0.4124	-0.0140	-0.0531	-0.0708	
-10.7465	-16.2522	-2.9717	-0.5700	-0.2804	-0.1578	0.0468	-0.8129	-0.3956	-0.4251	-0.0140	-0.0543	-0.0696	
-10.8040	-16.2907	-2.9909	-0.5700	-0.2812	-0.1581	0.0137	-0.7990	-0.4052	-0.4449	-0.0150	-0.0519	-0.0729	
-10.8656	-16.3157	-3.0115	-0.5704	-0.2810	-0.1584	0.0255	0.7818	0.4176	0.4625	-0.0143	-0.0551	-0.0707	
-10.9179	-16.3358	-3.0249	-0.5700	-0.2804	-0.1582	0.0599	0.7653	0.4194	0.4857	-0.0156	-0.0582	-0.0668	
-10.9657	-16.3633	-3.0445	-0.5693	-0.2803	-0.1585	0.0917	0.7454	0.4245	0.5065	-0.0151	-0.0607	-0.0633	
-11.0218	-16.3991	-3.0527	-0.5692	-0.2809	-0.1579	0.1280	0.7180	0.4256	0.5360	-0.0155	-0.0660	-0.0597	
-11.0726	-16.4270	-3.0688	-0.5687	-0.2809	-0.1580	0.1649	0.6929	0.4279	0.5566	-0.0157	-0.0687	-0.0577	
-11.1281	-16.4572	-3.0909	-0.5686	-0.2811	-0.1585	0.1994	0.6636	0.4290	0.5797	-0.0152	-0.0721	-0.0551	
-11.1842	-16.4879	-3.1100	-0.5685	-0.2813	-0.1587	0.2328	0.6284	0.4367	0.6002	-0.0128	-0.0752	-0.0536	
-11.2409	-16.5178	-3.1299	-0.5685	-0.2814	-0.1590	0.2603	0.6069	0.4284	0.6177	-0.0142	-0.0753	-0.0502	
-11.3025	-16.5495	-3.1414	-0.5689	-0.2817	-0.1587	0.2767	0.5717	0.4231	0.6474	-0.0118	-0.0783	-0.0447	
-11.3650	-16.5747	-3.1637	-0.5693	-0.2815	-0.1592	0.2858	0.5472	0.4242	0.6643	-0.0088	-0.0761	-0.0406	
-11.4181	-16.5960	-3.1797	-0.5690	-0.2810	-0.1592	0.3112	0.5089	0.4166	0.6859	-0.0084	-0.0794	-0.0381	
-11.4797	-16.6252	-3.1919	-0.5694	-0.2810	-0.1589	0.3103	0.4734	0.4206	0.7107	-0.0024	-0.0789	-0.0335	
-11.5356	-16.6585	-3.2071	-0.5693	-0.2814	-0.1588	0.3126	0.4372	0.4168	0.7341	0.0014	-0.0794	-0.0292	
-11.5885	-16.6919	-3.2249	-0.5690	-0.2818	-0.1590	0.3338	0.4025	0.4107	0.7469	0.0009	-0.0800	-0.0283	
-11.6397	-16.7156	-3.2413	-0.5686	-0.2815	-0.1590	0.3468	0.3645	0.4048	0.7636	0.0023	-0.0810	-0.0262	
-11.6948	-16.7463	-3.2599	-0.5684	-0.2816	-0.1592	0.3435	0.3235	0.4092	0.7818	0.0080	-0.0803	-0.0244	
-11.7552	-16.7763	-3.2796	-0.5687	-0.2818	-0.1595	0.3337	0.2841	0.4147	0.7985	0.0139	-0.0785	-0.0226	
-11.8061	-16.8093	-3.2997	-0.5683	-0.2821	-0.1598	0.3440	0.2352	0.4276	0.8021	0.0174	-0.0785	-0.0261	
-11.8653	-16.8405	-3.3225	-0.5684	-0.2823	-0.1603	0.3469	0.2060	0.4236	0.8118	0.0176	-0.0763	-0.0238	
-11.9296	-16.8713	-3.3468	-0.5690	-0.2825	-0.1609	0.3418	0.1706	0.4251	0.8212	0.0204	-0.0743	-0.0225	
-11.9828	-16.9094	-3.3589	-0.5687	-0.2832	-0.1606	0.3428	0.1349	0.4330	0.8231	0.0221	-0.0720	-0.0241	
-12.0494	-16.9360	-3.3780	-0.5694	-0.2831	-0.1608	0.3441	0.0910	0.4347	0.8271	0.0240	-0.0722	-0.0245	
-12.1093	-16.9662	-3.3929	-0.5696	-0.2832	-0.1607	0.3391	0.0565	0.4309	0.8347	0.0256	-0.0710	-0.0223	
-12.1620	-16.9911	-3.4072	-0.5693	-0.2830	-0.1606	0.3409	0.0103	0.4362	0.8325	0.0272	-0.0713	-0.0245	
-12.2143	-17.0235	-3.4154	-0.5690	-0.2833	-0.1600	0.3461	-0.0125	0.4388	0.8302	0.0250	-0.0676	-0.0246	
-12.2658	-17.0548	-3.4363	-0.5686	-0.2835	-0.1604	0.3562	-0.0577	0.4499	0.8169	0.0245	-0.0680	-0.0295	
-12.3257	-17.0828	-3.4561	-0.5688	-0.2834	-0.1606	0.3516	-0.1081	0.4574	0.8093	0.0275	-0.0688	-0.0322	
-12.3780	-17.1149	-3.4769	-0.5685	-0.2837	-0.1610	0.3327	-0.1540	0.4661	0.8055	0.0324	-0.0677	-0.0338	
-12.4350	-17.1419	-3.4932	-0.5685	-0.2836	-0.1610	0.3291	-0.1865	0.4674	0.7995	0.0322	-0.0658	-0.0331	
-12.4890	-17.1656	-3.5112	-0.5683	-0.2833	-0.1611	0.3140	-0.2204	0.4667	0.7974	0.0347	-0.0637	-0.0316	
-12.5477	-17.1904	-3.5277	-0.5684	-0.2830	-0.1611	0.3066	-0.2532	0.4751	0.7853	0.0345	-0.0615	-0.0335	
-12.6011	-17.2198	-3.5462	-0.5682	-0.2831	-0.1613	0.3002	-0.2913	0.4824	0.7696	0.0345	-0.0610	-0.0358	
-12.6578	-17.2540	-3.5680	-0.5682	-0.2835	-0.1617	0.3030	-0.3280	0.4854	0.7516	0.0325	-0.0614	-0.0371	
-12.7197	-17.2775	-3.5794	-0.5685	-0.2832	-0.1614	0.3048	-0.3543	0.5004	0.7295	0.0287	-0.0590	-0.0403	
-12.7776	-17.3091	-3.5991	-0.5686	-0.2834	-0.1616	0.2880	-0.3886	0.5083	0.7127	0.0307	-0.0573	-0.0421	
-12.8352	-17.3395	-3.6215	-0.5687	-0.2835	-0.1620	0.2968	-0.4195	0.5116	0.6888	0.0270	-0.0581	-0.0427	
-12.8898	-17.3709	-3.6343	-0.5685	-0.2837	-0.1618	0.2718	-0.4414	0.5317	0.6710	0.0283	-0.0529	-0.0461	
-12.9426	-17.4008	-3.6531	-0.5682	-0.2838	-0.1620	0.2764	-0.4694	0.5379	0.6435	0.0249	-0.0537	-0.0471	
-12.9998	-17.4258	-3.6625	-0.5683	-0.2836	-0.1615	0.2754	-0.4944	0.5428	0.6208	0.0231	-0.0532	-0.0472	
-13.0622	-17.4535	-3.6775	-0.5686	-0.2836	-0.1615	0.2566	-0.5279	0.5499	0.5939	0.0255	-0.0525	-0.0499	
-13.1271	-17.4805	-3.6939	-0.5692	-0.2835	-0.1615	0.2618	-0.5583	0.5517	0.5615	0.0227	-0.0548	-0.0504	
-13.1850	-17.5057	-3.7133	-0.5692	-0.2833	-0.1617	0.2534	-0.5749	0.5614	0.5396	0.0211	-0.0517	-0.0505	
-13.2378	-17.5304	-3.7293	-0.5690	-0.2831	-0.1617	0.2560	-0.6020	0.5659	0.5014	0.0185	-0.0540	-0.0521	
-13.2942	-17.5535	-3.7491	-0.5689	-0.2827	-0.1619	0.2510	-0.6219	0.5793	0.4632	0.0156	-0.0538	-0.0549	
-13.3510	-17.5810	-3.7654	-0.5689	-0.2827	-0.1619	0.2499	-0.6406	0.5815	0.4354	0.0142	-0.0532	-0.0538	
-13.4092	-17.6038	-3.7823	-0.5690	-0.2823	-0.1619	0.2550	-0.6619	0.5842	0.3939	0.0113	-0.0557	-0.0544	
-13.4610	-17.6348	-3.7916	-0.5687	-0.2825	-0.1615	0.2497	-0.6723	0.6007	0.3537	0.0074	-0.0546	-0.0570	
-13.5233	-17.6594	-3.8097	-0.5690	-0.2823	-0.1616	0.2570	-0.6893	0.5975	0.3197	0.0059	-0.0561	-0.0548	
-13.5756	-17.6853	-3.8251	-0.5687	-0.2821	-0.1616	0.2593	-0.7063	0.5940	0.2848	0.0053	-0.0569	-0.0537	
-13.6306	-17.7112	-3.8429	-0.5686	-0.2820	-0.1617	0.2626	-0.7147	0.5999	0.2462	0.0021	-0.0572	-0.0535	
-13.6903	-17.7424	-3.8569	-0.5688	-0.2822	-0.1616	0.2772	-0.7270	0.5899	0.2184	0.0012	-0.0586	-0.0486	
-13.7473	-17.7650	-3.8781	-0.5688	-0.2818	-0.1619	0.2789	-0.7316	0.5977	0.1714	-0.0027	-0.0595	-0.0504	
-13.8102	-17.7916	-3.8926	-0.5692	-0.2817	-0.1618	0.2952	-0.7394	0.5916	0.1263	-0.0052	-0.0635	-0.0483	
-13.8662	-17.8142	-3.9121	-0.5691	-0.2814	-0.1620	0.3019	-0.7437	0.5901	0.0882	-0.0070	-0.0637	-0.0472	
-13.9289	-17.8432	-3.9281	-0.5695	-0.2815	-0.1620	0.3170	-0.7463	0.5834	0.0480	-0.0088	-0.0660	-0.0445	
-13.9906	-17.8731	-3.9420	-0.5698	-0.2816	-0.1618	0.3421	-0.7467	0.5707	0.0072	-0.0105	-0.0701	-0.0399	
-14.0461	-17.9051	-3.9667	-0.5697	-0.2818	-0.1623	0.3680	-0.7443	0.5548	-0.0466	-0.0128	-0.0763	-0.0372	
-14.1015	-17.9317	-3.9768	-0.5696	-0.2817	-0.1620	0.3923	-0.7491	0.5262	-0.0896	-0.0108	-0.0809	-0.0336	
-14.1594	-17.9622	-4.0032	-0.5696	-0.2818	-0.1626	0.4174	-0.7466	0.5007	-0.1320	-0.0102	-0.0846	-0.0297	
-14.2142	-17.9908	-4.0089	-0.5695	-0.2819	-0.1620	0.4255	-0.7476	0.4787	-0.1749	-0.0091	-0.0854	-0.0302	
-14.2736	-18.0231	-4.0237	-0.5697	-0.2821	-0.1619	0.4477	-0.7379	0.4597	-0.2102	-0.0093	-0.0866	-0.0261	
-14.3297	-18.0526	-4.0351	-0.5696	-0.2822	-0.1616	0.4655	-0.7261	0.4471	-0.2393	-0.0100	-0.0854	-0.0226	
-14.3942	-18.0799	-4.0459	-0.5701	-0.2821	-0.1613	0.4836	-0.7204	0.4200	-0.2672	-0.0073	-0.0855	-0.0197	
-14.4543	-18.1085	-4.0606	-0.5703	-0.2821	-0.1612	0.4954	-0.7175	0.3877	-0.2994	-0.0043	-0.0861	-0.0191	
-14.5133	-18.1407	-4.0729	-0.5704	-0.2824	-0.1609	0.5117	-0.7073	0.3682	-0.3217	-0.0032	-0.0843	-0.0161	
-14.5650	-18.1682	-4.0905	-0.5701	-0.2823	-0.1610	0.5210	-0.6986	0.3297	-0.3619	-0.0013	-0.0872	-0.0170	
-14.6217	-18.1900	-4.1083	-0.5700	-0.2820	-0.1611	0.5423	-0.6944	0.2973	-0.3708	0.0043	-0.0846	-0.0129	
-14.6794	-18.2115	-4.1250	-0.5701	-0.2816	-0.1612	0.5648	-0.6812	0.2533	-0.3909	0.0091	-0.0867	-0.0098	
-14.7330	-18.2429	-4.1389	-0.5699	-0.2818	-0.1610	0.5773	-0.6753	0.2134	-0.4070	0.0133	-0.0856	-0.0091	
-14.7858	-18.2743	-4.1581	-0.5696	-0.2819	-0.1612	0.5982	-0.6620	0.1768	-0.4164	0.0175	-0.0847	-0.0058	
-14.8394	-18.3037	-4.1677	-0.5694	-0.2820	-0.1608	0.6177	-0.6508	0.1285	-0.4227	0.0237	-0.0845	-0.0037	
-14.8970	-18.3325	-4.1741	-0.5695	-0.2820	-0.1603	0.6233	-0.6396	0.0838	-0.4416	0.0258	-0.0848	-0.0052	
-14.9520	-18.3611	-4.1904	-0.5694	-0.2821	-0.1603	0.6371	-0.6264	0.0459	-0.4474	0.0288	-0.0831	-0.0038	
-15.0003	-18.3887	-4.2065	-0.5689	-0.2820	-0.1603	0.6542	-0.6101	-0.0082	-0.4469	0.0356	-0.0833	-0.0024	
-15.0530	-18.4113	-4.2208	-0.5686	-0.2817	-0.1602	0.6726	-0.5920	-0.0482	-0.4422	0.0396	-0.0813	0.0000	
-15.1152	-18.4386	-4.2371	-0.5689	-0.2817	-0.1602	0.6798	-0.5806	-0.0707	-0.4448	0.0382	-0.0770	0.0003	
-15.1738	-18.4728	-4.2569	-0.5690	-0.2820	-0.1604	0.6937	-0.5598	-0.1122	-0.4392	0.0422	-0.0761	0.0019	
-15.2355	-18.5011	-4.2734	-0.5693	-0.2820	-0.1605	0.6944	-0.5467	-0.1619	-0.4388	0.0451	-0.0759	-0.0007	
-15.2960	-18.5318	-4.2863	-0.5695	-0.2821	-0.1603	0.6913	-0.5345	-0.2118	-0.4376	0.0475	-0.0755	-0.0040	
-15.3528	-18.5564	-4.3080	-0.5695	-0.2820	-0.1606	0.6893	-0.5257	-0.2591	-0.4264	0.0508	-0.0734	-0.0071	
-15.4107	-18.5783	-4.3242	-0.5695	-0.2816	-0.1606	0.6760	-0.5176	-0.2982	-0.4326	0.0482	-0.0726	-0.0109	
-15.4714	-18.6016	-4.3404	-0.5698	-0.2814	-0.1606	0.6694	-0.5175	-0.3341	-0.4174	0.0493	-0.0680	-0.0147	
-15.5310	-18.6302	-4.3610	-0.5699	-0.2814	-0.1609	0.6559	-0.5145	-0.3739	-0.4074	0.0495	-0.0658	-0.0189	
-15.5899	-18.6640	-4.3748	-0.5700	-0.2817	-0.1607	0.6355	-0.5088	-0.4162	-0.4053	0.0482	-0.0657	-0.0232	
-15.6485	-18.6830	-4.3874	-0.5701	-0.2812	-0.1605	0.6318	-0.4968	-0.4446	-0.3966	0.0478	-0.0631	-0.0223	
-15.7059	-18.7139	-4.4026	-0.5701	-0.2813	-0.1605	0.6206	-0.4954	-0.4741	-0.3820	0.0474	-0.0596	-0.0249	
-15.7657	-18.7398	-4.4197	-0.5703	-0.2812	-0.1605	0.6101	-0.4951	-0.4974	-0.3700	0.0455	-0.0560	-0.0264	
-15.8247	-18.7709	-4.4360	-0.5704	-0.2814	-0.1606	0.6014	-0.4892	-0.5246	-0.3529	0.0460	-0.0531	-0.0275	
-15.8826	-18.7991	-4.4506	-0.5704	-0.2814	-0.1605	0.5898	-0.4747	-0.5587	-0.3384	0.0477	-0.0528	-0.0279	
-15.9416	-18.8221	-4.4678	-0.5705	-0.2811	-0.1605	0.5678	-0.4706	-0.5952	-0.3190	0.0481	-0.0523	-0.0321	
-15.9979	-18.8472	-4.4814	-0.5705	-0.2810	-0.1604	0.5349	-0.4686	-0.6336	-0.3043	0.0467	-0.0534	-0.0374	
-16.0519	-18.8753	-4.5009	-0.5703	-0.2810	-0.1606	0.5087	-0.4698	-0.6641	-0.2825	0.0460	-0.0521	-0.0416	
-16.1060	-18.9035	-4.5200	-0.5702	-0.2810	-0.1608	0.4793	-0.4661	-0.6932	-0.2692	0.0440	-0.0525	-0.0439	
-16.1615	-18.9283	-4.5384	-0.5701	-0.2808	-0.1609	0.4490	-0.4649	-0.7179	-0.2594	0.0408	-0.0528	-0.0456	
-16.2173	-18.9501	-4.5571	-0.5700	-0.2805	-0.1610	0.4272	-0.4541	-0.7435	-0.2419	0.0414	-0.0519	-0.0457	
-16.2707	-18.9787	-4.5746	-0.5698	-0.2805	-0.1611	0.4107	-0.4496	-0.7621	-0.2220	0.0411	-0.0490	-0.0457	
-16.3303	-19.0113	-4.5943	-0.5700	-0.2807	-0.1613	0.3829	-0.4517	-0.7794	-0.2063	0.0380	-0.0480	-0.0474	
-16.3922	-19.0332	-4.6091	-0.5702	-0.2804	-0.1612	0.3536	-0.4478	-0.7995	-0.1874	0.0368	-0.0477	-0.0492	
-16.4528	-19.0601	-4.6241	-0.5704	-0.2804	-0.1611	0.3278	-0.4449	-0.8162	-0.1699	0.0354	-0.0466	-0.0500	
-16.5067	-19.0869	-4.6396	-0.5703	-0.2803	-0.1611	0.2868	-0.4391	-0.8335	-0.1757	0.0305	-0.0511	-0.0483	
-16.5643	-19.1121	-4.6554	-0.5703	-0.2802	-0.1611	0.2455	-0.4181	-0.8576	-0.1698	0.0310	-0.0551	-0.0478	
-16.6210	-19.1440	-4.6716	-0.5703	-0.2804	-0.1611	0.2219	-0.4160	-0.8671	-0.1650	0.0281	-0.0537	-0.0458	
-16.6767	-19.1683	-4.6862	-0.5702	-0.2802	-0.1610	0.1782	-0.4164	-0.8781	-0.1536	0.0246	-0.0555	-0.0482	
-16.7339	-19.1944	-4.7059	-0.5702	-0.2801	-0.1612	0.1464	-0.4140	-0.8874	-0.1414	0.0227	-0.0548	-0.0486	
-16.7898	-19.2269	-4.7168	-0.5702	-0.2803	-0.1609	0.1030	-0.4056	-0.8980	-0.1346	0.0210	-0.0574	-0.0489	
-16.8487	-19.2540	-4.7401	-0.5703	-0.2802	-0.1613	0.0649	-0.3988	-0.9053	-0.1314	0.0190	-0.0590	-0.0476	
-16.9141	-19.2757	-4.7608	-0.5707	-0.2799	-0.1615	0.0273	-0.4005	-0.9076	-0.1251	0.0217	-0.0588	-0.0475	
-16.9690	-19.3045	-4.7768	-0.5706	-0.2800	-0.1615	0.0134	0.3833	0.9136	0.1364	0.0207	-0.0626	-0.0431	
-17.0313	-19.3306	-4.7984	-0.5708	-0.2799	-0.1618	0.0399	0.3708	0.9182	0.1374	0.0202	-0.0617	-0.0401	
-17.0893	-19.3565	-4.8184	-0.5709	-0.2798	-0.1620	0.0771	0.3645	0.9184	0.1343	0.0179	-0.0625	-0.0398	
-17.1487	-19.3840	-4.8414	-0.5710	-0.2798	-0.1623	0.1102	0.3485	0.9210	0.1352	0.0181	-0.0631	-0.0378	
-17.2078	-19.4129	-4.8607	-0.5711	-0.2798	-0.1625	0.1482	0.3396	0.9191	0.1343	0.0163	-0.0642	-0.0371	
-17.2648	-19.4378	-4.8786	-0.5711	-0.2797	-0.1626	0.1743	0.3135	0.9226	0.1449	0.0191	-0.0644	-0.0324	
-17.3201	-19.4619	-4.8925	-0.5710	-0.2795	-0.1624	0.2086	0.2963	0.9191	0.1554	0.0190	-0.0662	-0.0293	
-17.3764	-19.4874	-4.9135	-0.5710	-0.2794	-0.1627	0.2526	0.2811	0.9121	0.1572	0.0177	-0.0691	-0.0292	
-17.4312	-19.5147	-4.9324	-0.5708	-0.2793	-0.1628	0.2828	0.2573	0.9106	0.1572	0.0195	-0.0684	-0.0286	
-17.4852	-19.5428	-4.9478	-0.5707	-0.2793	-0.1628	0.3250	0.2267	0.9033	0.1617	0.0216	-0.0715	-0.0278	
-17.5427	-19.5715	-4.9609	-0.5707	-0.2794	-0.1626	0.3588	0.1975	0.8955	0.1743	0.0240	-0.0732	-0.0247	
-17.5974	-19.5961	-4.9777	-0.5706	-0.2792	-0.1626	0.3948	0.1655	0.8855	0.1792	0.0262	-0.0747	-0.0240	
-17.6560	-19.6251	-5.0004	-0.5707	-0.2793	-0.1629	0.4261	0.1421	0.8741	0.1850	0.0266	-0.0749	-0.0227	
-17.7086	-19.6486	-5.0129	-0.5705	-0.2791	-0.1628	0.4487	0.1178	0.8655	0.1908	0.0278	-0.0730	-0.0213	
-17.7657	-19.6781	-5.0290	-0.5705	-0.2791	-0.1628	0.4687	0.1004	0.8538	0.2059	0.0282	-0.0714	-0.0175	
-17.8197	-19.7080	-5.0492	-0.5703	-0.2792	-0.1629	0.4813	0.0809	0.8426	0.2314	0.0306	-0.0692	-0.0117	
-17.8735	-19.7374	-5.0637	-0.5702	-0.2793	-0.1629	0.4983	0.0488	0.8299	0.2465	0.0340	-0.0680	-0.0097	
-17.9346	-19.7630	-5.0790	-0.5703	-0.2792	-0.1628	0.5235	0.0310	0.8094	0.2648	0.0335	-0.0693	-0.0064	
-17.9922	-19.7918	-5.0976	-0.5704	-0.2792	-0.1629	0.5458	-0.0088	0.7915	0.2739	0.0371	-0.0698	-0.0069	
-18.0485	-19.8157	-5.1159	-0.5703	-0.2790	-0.1630	0.5611	-0.0538	0.7737	0.2889	0.0426	-0.0694	-0.0065	
-18.1057	-19.8459	-5.1355	-0.5703	-0.2791	-0.1632	0.5712	-0.0871	0.7586	0.3020	0.0452	-0.0672	-0.0058	
-18.1592	-19.8789	-5.1516	-0.5702	-0.2794	-0.1632	0.5865	-0.1375	0.7366	0.3065	0.0497	-0.0676	-0.0083	
-18.2177	-19.9081	-5.1696	-0.5702	-0.2794	-0.1632	0.6029	-0.1843	0.7109	0.3104	0.0528	-0.0686	-0.0101	
-18.2733	-19.9355	-5.1834	-0.5702	-0.2794	-0.1631	0.6105	-0.2239	0.6851	0.3282	0.0565	-0.0679	-0.0086	
-18.3310	-19.9596	-5.1985	-0.5702	-0.2792	-0.1631	0.6015	-0.2583	0.6711	0.3505	0.0605	-0.0625	-0.0070	
-18.3881	-19.9826	-5.2177	-0.5702	-0.2790	-0.1632	0.6025	-0.3076	0.6439	0.3566	0.0644	-0.0621	-0.0092	
-18.4433	-20.0132	-5.2381	-0.5701	-0.2791	-0.1634	0.5930	-0.3471	0.6219	0.3763	0.0686	-0.0587	-0.0083	
-18.4997	-20.0393	-5.2549	-0.5701	-0.2791	-0.1634	0.5897	-0.3940	0.5981	0.3732	0.0699	-0.0578	-0.0125	
-18.5611	-20.0660	-5.2702	-0.5703	-0.2790	-0.1634	0.5876	-0.4398	0.5712	0.3672	0.0705	-0.0580	-0.0163	
-18.6155	-20.0911	-5.2790	-0.5702	-0.2789	-0.1630	0.5792	-0.4764	0.5491	0.3695	0.0709	-0.0558	-0.0180	
-18.6741	-20.1213	-5.2933	-0.5703	-0.2790	-0.1629	0.5641	-0.5190	0.5228	0.3730	0.0736	-0.0539	-0.0201	
-18.7316	-20.1503	-5.3085	-0.5703	-0.2790	-0.1629	0.5405	-0.5566	0.5026	0.3824	0.0763	-0.0496	-0.0216	
-18.7899	-20.1756	-5.3228	-0.5703	-0.2789	-0.1628	0.5214	-0.5949	0.4780	0.3820	0.0774	-0.0478	-0.0240	
-18.8439	-20.1999	-5.3366	-0.5702	-0.2787	-0.1627	0.4967	-0.6316	0.4605	0.3784	0.0775	-0.0448	-0.0276	
-18.9018	-20.2322	-5.3546	-0.5702	-0.2789	-0.1627	0.4703	-0.6656	0.4532	0.3639	0.0747	-0.0418	-0.0331	
-18.9602	-20.2620	-5.3702	-0.5703	-0.2790	-0.1627	0.4497	-0.7013	0.4323	0.3454	0.0729	-0.0422	-0.0371	
-19.0143	-20.2894	-5.3856	-0.5702	-0.2790	-0.1627	0.4223	-0.7389	0.4105	0.3270	0.0726	-0.0420	-0.0418	
-19.0738	-20.3206	-5.4048	-0.5703	-0.2791	-0.1628	0.4025	-0.7754	0.3795	0.3036	0.0719	-0.0446	-0.0447	
-19.1329	-20.3518	-5.4246	-0.5704	-0.2793	-0.1630	0.3828	-0.8021	0.3569	0.2885	0.0700	-0.0442	-0.0453	
-19.1875	-20.3781	-5.4376	-0.5703	-0.2792	-0.1628	0.3633	-0.8249	0.3456	0.2638	0.0652	-0.0442	-0.0475	
-19.2427	-20.4070	-5.4520	-0.5702	-0.2793	-0.1627	0.3281	-0.8459	0.3465	0.2432	0.0612	-0.0406	-0.0522	
-19.3028	-20.4338	-5.4652	-0.5703	-0.2792	-0.1626	0.2989	-0.8660	0.3299	0.2290	0.0603	-0.0386	-0.0534	
-19.3598	-20.4581	-5.4781	-0.5703	-0.2791	-0.1625	0.2710	-0.8869	0.3073	0.2135	0.0602	-0.0377	-0.0542	
-19.4162	-20.4848	-5.4883	-0.5703	-0.2790	-0.1622	0.2505	-0.9004	0.2986	0.1976	0.0565	-0.0363	-0.0535	
-19.4722	-20.5130	-5.5041	-0.5703	-0.2790	-0.1622	0.2300	-0.9138	0.2861	0.1767	0.0534	-0.0362	-0.0534	
-19.5278	-20.5409	-5.5242	-0.5702	-0.2790	-0.1623	0.1979	-0.9272	0.2866	0.1419	0.0481	-0.0368	-0.0578	
-19.5888	-20.5736	-5.5357	-0.5704	-0.2792	-0.1621	0.1756	-0.9376	0.2829	0.1045	0.0430	-0.0392	-0.0594	
-19.6449	-20.5990	-5.5476	-0.5703	-0.2791	-0.1619	0.1513	-0.9464	0.2790	0.0648	0.0385	-0.0416	-0.0615	
-19.7024	-20.6283	-5.5640	-0.5703	-0.2792	-0.1620	0.1353	-0.9537	0.2677	0.0357	0.0360	-0.0427	-0.0599	
-19.7561	-20.6583	-5.5831	-0.5702	-0.2793	-0.1621	0.1135	-0.9608	0.2539	0.0170	0.0351	-0.0408	-0.0589	
-19.8155	-20.6864	-5.5959	-0.5703	-0.2793	-0.1619	0.0835	-0.9665	0.2409	-0.0217	0.0334	-0.0431	-0.0618	
-19.8763	-20.7096	-5.6084	-0.5705	-0.2791	-0.1618	0.0585	-0.9688	0.2379	-0.0472	0.0302	-0.0419	-0.0622	
-19.9350	-20.7361	-5.6220	-0.5705	-0.2790	-0.1617	0.0401	-0.9684	0.2383	-0.0717	0.0264	-0.0410	-0.0608	
-19.9923	-20.7679	-5.6383	-0.5706	-0.2792	-0.1617	0.0174	-0.9698	0.2259	-0.0925	0.0265	-0.0427	-0.0612	
-20.0513	-20.8008	-5.6553	-0.5706	-0.2794	-0.1617	-0.0038	0.9675	-0.2135	0.1353	0.0250	-0.0470	-0.0598	
-20.1091	-20.8266	-5.6739	-0.5707	-0.2793	-0.1618	0.0216	0.9644	-0.1943	0.1760	0.0251	-0.0498	-0.0614	
-20.1659	-20.8508	-5.6831	-0.5707	-0.2791	-0.1615	0.0270	0.9623	-0.1710	0.2112	0.0266	-0.0525	-0.0574	
-20.2250	-20.8793	-5.6955	-0.5707	-0.2792	-0.1614	0.0350	0.9560	-0.1580	0.2459	0.0256	-0.0543	-0.0546	
-20.2830	-20.9064	-5.7057	-0.5708	-0.2791	-0.1611	0.0424	0.9484	-0.1475	0.2788	0.0242	-0.0554	-0.0519	
-20.3353	-20.9352	-5.7231	-0.5706	-0.2792	-0.1612	0.0441	0.9394	-0.1396	0.3116	0.0226	-0.0566	-0.0481	
-20.3903	-20.9655	-5.7387	-0.5705	-0.2793	-0.1611	0.0456	0.9290	-0.1195	0.3476	0.0239	-0.0589	-0.0451	
-20.4492	-20.9944	-5.7546	-0.5706	-0.2793	-0.1611	0.0467	0.9213	-0.1078	0.3722	0.0235	-0.0579	-0.0417	
-20.5087	-21.0212	-5.7698	-0.5707	-0.2793	-0.1611	0.0531	0.9071	-0.0991	0.4058	0.0218	-0.0592	-0.0404	
-20.5637	-21.0492	-5.7898	-0.5706	-0.2793	-0.1613	0.0513	0.8914	-0.0846	0.4422	0.0222	-0.0616	-0.0378	
-20.6206	-21.0778	-5.8055	-0.5706	-0.2793	-0.1612	0.0695	0.8721	-0.0470	0.4812	0.0259	-0.0643	-0.0411	
-20.6772	-21.1074	-5.8190	-0.5706	-0.2794	-0.1611	0.0795	0.8558	-0.0295	0.5103	0.0255	-0.0642	-0.0409	
-20.7344	-21.1328	-5.8337	-0.5706	-0.2792	-0.1611	0.0765	0.8498	-0.0223	0.5236	0.0244	-0.0598	-0.0365	
-20.7917	-21.1600	-5.8474	-0.5706	-0.2792	-0.1610	0.0726	0.8298	-0.0021	0.5534	0.0263	-0.0611	-0.0341	
-20.8493	-21.1894	-5.8683	-0.5706	-0.2793	-0.1612	0.0615	0.8101	0.0090	0.5834	0.0268	-0.0624	-0.0301	
-20.9059	-21.2146	-5.8871	-0.5706	-0.2792	-0.1613	0.0520	0.7919	0.0271	0.6082	0.0286	-0.0623	-0.0272	
-20.9631	-21.2443	-5.9019	-0.5706	-0.2792	-0.1612	0.0553	0.7684	0.0453	0.6358	0.0286	-0.0633	-0.0274	
-21.0187	-21.2694	-5.9185	-0.5705	-0.2791	-0.1612	0.0357	0.7524	0.0726	0.6545	0.0337	-0.0614	-0.0236	
-21.0743	-21.2987	-5.9392	-0.5705	-0.2792	-0.1614	0.0352	0.7325	0.1053	0.6717	0.0367	-0.0601	-0.0247	
-21.1331	-21.3269	-5.9534	-0.5705	-0.2792	-0.1614	0.0315	0.7063	0.1370	0.6935	0.0397	-0.0606	-0.0252	
-21.1936	-21.3552	-5.9674	-0.5707	-0.2792	-0.1613	0.0354	0.6815	0.1615	0.7129	0.0396	-0.0605	-0.0263	
-21.2526	-21.3859	-5.9796	-0.5708	-0.2793	-0.1611	0.0307	0.6663	0.1981	0.7189	0.0433	-0.0562	-0.0272	
-21.3112	-21.4157	-6.0000	-0.5708	-0.2794	-0.1613	0.0375	0.6425	0.2274	0.7309	0.0434	-0.0553	-0.0293	
-21.3672	-21.4436	-6.0100	-0.5708	-0.2794	-0.1610	0.0274	0.6231	0.2596	0.7376	0.0466	-0.0522	-0.0289	
-21.4247	-21.4738	-6.0281	-0.5708	-0.2795	-0.1611	0.0070	0.6026	0.2984	0.7405	0.0524	-0.0488	-0.0282	
-21.4817	-21.4988	-6.0425	-0.5708	-0.2794	-0.1610	-0.0126	0.5743	0.3201	0.7535	0.0502	-0.0487	-0.0309	
-21.5397	-21.5327	-6.0586	-0.5708	-0.2796	-0.1610	0.0192	-0.5455	-0.3533	-0.7595	0.0525	-0.0484	-0.0316	
-21.5954	-21.5632	-6.0737	-0.5708	-0.2797	-0.1610	0.0347	-0.5191	-0.3827	-0.7635	0.0551	-0.0471	-0.0304	
-21.6483	-21.5909	-6.0869	-0.5706	-0.2797	-0.1609	0.0512	-0.4871	-0.4191	-0.7642	0.0593	-0.0464	-0.0306	
-21.7085	-21.6176	-6.1050	-0.5707	-0.2796	-0.1610	0.0474	-0.4560	-0.4582	-0.7613	0.0600	-0.0460	-0.0342	
-21.7675	-21.6471	-6.1203	-0.5708	-0.2797	-0.1609	0.0585	-0.4256	-0.4913	-0.7576	0.0621	-0.0449	-0.0347	
-21.8242	-21.6694	-6.1350	-0.5708	-0.2795	-0.1609	0.0595	-0.4089	-0.5340	-0.7383	0.0627	-0.0396	-0.0395	
-21.8838	-21.6981	-6.1499	-0.5709	-0.2795	-0.1608	0.0453	-0.3820	-0.5633	-0.7317	0.0593	-0.0400	-0.0421	
-21.9421	-21.7242	-6.1682	-0.5709	-0.2794	-0.1609	0.0263	-0.3595	-0.5964	-0.7178	0.0557	-0.0391	-0.0465	
-22.0009	-21.7486	-6.1842	-0.5710	-0.2793	-0.1609	0.0253	-0.3310	-0.6342	-0.6980	0.0570	-0.0373	-0.0500	
-22.0567	-21.7742	-6.1964	-0.5709	-0.2792	-0.1608	0.0087	-0.3056	-0.6677	-0.6789	0.0544	-0.0368	-0.0540	
-22.1143	-21.8020	-6.2114	-0.5710	-0.2792	-0.1607	0.0086	-0.2637	-0.7017	-0.6610	0.0573	-0.0380	-0.0558	
-22.1712	-21.8278	-6.2245	-0.5710	-0.2791	-0.1606	-0.0036	-0.2426	-0.7339	-0.6348	0.0547	-0.0360	-0.0597	
-22.2344	-21.8588	-6.2392	-0.5712	-0.2792	-0.1606	0.0042	0.2231	0.7611	0.6096	0.0545	-0.0395	-0.0588	
-22.2902	-21.8862	-6.2526	-0.5711	-0.2792	-0.1605	0.0105	0.1930	0.7846	0.5892	0.0541	-0.0404	-0.0586	
-22.3485	-21.9161	-6.2639	-0.5712	-0.2793	-0.1603	0.0189	0.1678	0.8094	0.5626	0.0520	-0.0421	-0.0599	
-22.4117	-21.9496	-6.2784	-0.5714	-0.2795	-0.1602	0.0338	0.1397	0.8367	0.5282	0.0489	-0.0440	-0.0644	
-22.4676	-21.9799	-6.2956	-0.5714	-0.2796	-0.1603	0.0463	0.1130	0.8571	0.5006	0.0465	-0.0444	-0.0661	
-22.5286	-22.0091	-6.3094	-0.5715	-0.2796	-0.1602	0.0604	0.0931	0.8785	0.4652	0.0422	-0.0442	-0.0702	
-22.5900	-22.0387	-6.3261	-0.5717	-0.2797	-0.1602	0.0845	0.0907	0.9009	0.4177	0.0321	-0.0443	-0.0774	
-22.6519	-22.0628	-6.3428	-0.5719	-0.2796	-0.1602	0.1046	0.0771	0.9194	0.3713	0.0279	-0.0436	-0.0823	
-22.7106	-22.0886	-6.3591	-0.5719	-0.2795	-0.1602	0.1218	0.0688	0.9350	0.3266	0.0235	-0.0414	-0.0851	
-22.7685	-22.1174	-6.3758	-0.5719	-0.2795	-0.1603	0.1515	0.0532	0.9455	0.2826	0.0201	-0.0435	-0.0871	
-22.8253	-22.1470	-6.3914	-0.5719	-0.2796	-0.1603	0.1721	0.0333	0.9518	0.2537	0.0195	-0.0437	-0.0842	
-22.8825	-22.1761	-6.4060	-0.5719	-0.2796	-0.1602	0.1866	0.0300	0.9583	0.2178	0.0157	-0.0409	-0.0832	
-22.9378	-22.2031	-6.4215	-0.5719	-0.2796	-0.1602	0.2153	0.0236	0.9607	0.1731	0.0115	-0.0421	-0.0847	
-22.9971	-22.2278	-6.4367	-0.5719	-0.2795	-0.1601	0.2360	0.0239	0.9628	0.1323	0.0072	-0.0409	-0.0847	
-23.0520	-22.2598	-6.4525	-0.5719	-0.2796	-0.1601	0.2686	0.0191	0.9588	0.0901	0.0034	-0.0433	-0.0851	
-23.1058	-22.2902	-6.4701	-0.5717	-0.2797	-0.1602	0.2977	0.0055	0.9531	0.0602	0.0027	-0.0453	-0.0824	
-23.1638	-22.3182	-6.4907	-0.5718	-0.2797	-0.1604	0.3274	-0.0125	0.9444	0.0251	0.0028	-0.0477	-0.0814	
-23.2226	-22.3477	-6.5032	-0.5718	-0.2797	-0.1602	0.3542	-0.0123	0.9357	-0.0040	-0.0004	-0.0485	-0.0786	
-23.2797	-22.3797	-6.5214	-0.5718	-0.2799	-0.1603	0.3805	-0.0222	0.9250	-0.0245	-0.0004	-0.0496	-0.0743	
-23.3373	-22.4035	-6.5381	-0.5718	-0.2797	-0.1603	0.3951	-0.0294	0.9168	-0.0572	-0.0012	-0.0476	-0.0736	
-23.3946	-22.4316	-6.5593	-0.5718	-0.2798	-0.1605	0.4176	-0.0504	0.9053	-0.0715	0.0021	-0.0484	-0.0689	
-23.4496	-22.4621	-6.5794	-0.5718	-0.2798	-0.1607	0.4487	-0.0493	0.8883	-0.0906	-0.0002	-0.0511	-0.0650	
-23.5057	-22.4870	-6.5978	-0.5717	-0.2797	-0.1608	0.4721	-0.0598	0.8737	-0.1061	0.0008	-0.0517	-0.0614	
-23.5603	-22.5181	-6.6139	-0.5716	-0.2798	-0.1608	0.5044	-0.0749	0.8517	-0.1219	0.0024	-0.0550	-0.0586	
-23.6160	-22.5466	-6.6304	-0.5716	-0.2799	-0.1608	0.5231	-0.1004	0.8341	-0.1443	0.0056	-0.0544	-0.0584	
-23.6716	-22.5744	-6.6452	-0.5715	-0.2799	-0.1607	0.5387	-0.1166	0.8192	-0.1609	0.0071	-0.0529	-0.0566	
-23.7293	-22.6000	-6.6613	-0.5715	-0.2798	-0.1607	0.5675	-0.1122	0.7972	-0.1756	0.0045	-0.0555	-0.0531	
-23.7879	-22.6294	-6.6763	-0.5716	-0.2798	-0.1607	0.5975	-0.1296	0.7652	-0.2000	0.0055	-0.0593	-0.0537	
-23.8427	-22.6592	-6.6952	-0.5715	-0.2799	-0.1608	0.6193	-0.1282	0.7474	-0.2077	0.0047	-0.0589	-0.0493	
-23.9001	-22.6854	-6.7099	-0.5715	-0.2798	-0.1608	0.6451	-0.1368	0.7237	-0.2065	0.0074	-0.0599	-0.0446	
-23.9582	-22.7125	-6.7239	-0.5715	-0.2798	-0.1607	0.6704	-0.1516	0.6952	-0.2108	0.0103	-0.0613	-0.0424	
-24.0205	-22.7418	-6.7401	-0.5717	-0.2798	-0.1607	0.6829	-0.1631	0.6753	-0.2272	0.0099	-0.0592	-0.0424	
-24.0758	-22.7720	-6.7579	-0.5717	-0.2799	-0.1607	0.7037	-0.1746	0.6453	-0.2400	0.0106	-0.0604	-0.0419	
-24.1320	-22.7991	-6.7714	-0.5716	-0.2799	-0.1607	0.7239	-0.1833	0.6181	-0.2461	0.0116	-0.0608	-0.0401	
-24.1874	-22.8258	-6.7850	-0.5716	-0.2798	-0.1606	0.7412	-0.2043	0.5890	-0.2494	0.0153	-0.0602	-0.0396	
-24.2456	-22.8542	-6.8009	-0.5716	-0.2799	-0.1606	0.7647	-0.2237	0.5502	-0.2493	0.0194	-0.0625	-0.0387	
-24.3032	-22.8809	-6.8143	-0.5716	-0.2798	-0.1605	0.7822	-0.2309	0.5204	-0.2537	0.0195	-0.0628	-0.0371	
-24.3624	-22.9114	-6.8320	-0.5717	-0.2799	-0.1605	0.7941	-0.2448	0.4901	-0.2635	0.0196	-0.0621	-0.0375	
-24.4224	-22.9372	-6.8484	-0.5718	-0.2798	-0.1605	0.8103	-0.2541	0.4600	-0.2601	0.0214	-0.0619	-0.0353	
-24.4803	-22.9648	-6.8647	-0.5718	-0.2798	-0.1605	0.8284	-0.2658	0.4233	-0.2530	0.0246	-0.0629	-0.0334	
-24.5338	-22.9913	-6.8831	-0.5717	-0.2798	-0.1606	0.8435	-0.2798	0.3873	-0.2454	0.0276	-0.0631	-0.0323	
-24.5902	-23.0170	-6.8956	-0.5717	-0.2797	-0.1605	0.8500	-0.3132	0.3518	-0.2367	0.0330	-0.0604	-0.0351	
-24.6459	-23.0404	-6.9110	-0.5716	-0.2795	-0.1605	0.8508	-0.3423	0.3174	-0.2416	0.0341	-0.0583	-0.0387	
-24.7057	-23.0682	-6.9255	-0.5717	-0.2795	-0.1604	0.8519	-0.3642	0.2900	-0.2411	0.0346	-0.0554	-0.0398	
-24.7655	-23.1000	-6.9422	-0.5718	-0.2796	-0.1604	0.8466	-0.3963	0.2598	-0.2431	0.0357	-0.0521	-0.0437	
-24.8209	-23.1275	-6.9610	-0.5717	-0.2796	-0.1605	0.8476	-0.4198	0.2139	-0.2426	0.0377	-0.0538	-0.0455	
-24.8783	-23.1560	-6.9781	-0.5717	-0.2797	-0.1606	0.8462	-0.4398	0.1810	-0.2406	0.0380	-0.0526	-0.0460	
-24.9406	-23.1821	-6.9959	-0.5719	-0.2796	-0.1606	0.8377	-0.4650	0.1467	-0.2458	0.0371	-0.0513	-0.0487	
-24.9981	-23.2071	-7.0073	-0.5719	-0.2795	-0.1605	0.8288	-0.4911	0.1208	-0.2407	0.0374	-0.0477	-0.0505	
-25.0532	-23.2363	-7.0236	-0.5719	-0.2795	-0.1605	0.8216	-0.5125	0.0844	-0.2345	0.0389	-0.0472	-0.0513	
-25.1111	-23.2637	-7.0376	-0.5719	-0.2795	-0.1604	0.8145	-0.5352	0.0654	-0.2174	0.0404	-0.0424	-0.0511	
-25.1653	-23.2884	-7.0512	-0.5718	-0.2794	-0.1603	0.7939	-0.5682	0.0476	-0.2136	0.0387	-0.0375	-0.0552	
-25.2233	-23.3117	-7.0674	-0.5718	-0.2792	-0.1603	0.7831	-0.5875	0.0166	-0.2034	0.0399	-0.0368	-0.0550	
-25.2813	-23.3408	-7.0836	-0.5718	-0.2793	-0.1603	0.7680	-0.6093	-0.0119	-0.1970	0.0399	-0.0357	-0.0561	
-25.3367	-23.3696	-7.1024	-0.5718	-0.2793	-0.1604	0.7429	-0.6357	-0.0410	-0.2056	0.0366	-0.0356	-0.0597	
-25.3950	-23.3998	-7.1208	-0.5718	-0.2794	-0.1605	0.7172	-0.6635	-0.0652	-0.2027	0.0352	-0.0336	-0.0629	
-25.4534	-23.4270	-7.1361	-0.5719	-0.2794	-0.1605	0.6857	-0.6911	-0.0918	-0.2088	0.0322	-0.0332	-0.0669	
-25.5120	-23.4515	-7.1526	-0.5719	-0.2793	-0.1605	0.6629	-0.7051	-0.1274	-0.2169	0.0308	-0.0359	-0.0667	
-25.5714	-23.4810	-7.1704	-0.5720	-0.2793	-0.1606	0.6412	-0.7187	-0.1509	-0.2238	0.0281	-0.0362	-0.0658	
-25.6279	-23.5099	-7.1824	-0.5720	-0.2793	-0.1604	0.6136	-0.7335	-0.1704	-0.2387	0.0233	-0.0369	-0.0661	
-25.6850	-23.5377	-7.2000	-0.5720	-0.2793	-0.1605	0.5829	-0.7544	-0.1833	-0.2410	0.0201	-0.0346	-0.0678	
-25.7409	-23.5653	-7.2153	-0.5719	-0.2793	-0.1605	0.5474	-0.7668	-0.2126	-0.2585	0.0170	-0.0377	-0.0692	
-25.7987	-23.5949	-7.2290	-0.5719	-0.2794	-0.1604	0.5167	-0.7819	-0.2313	-0.2615	0.0155	-0.0367	-0.0698	
-25.8550	-23.6216	-7.2474	-0.5719	-0.2793	-0.1605	0.4743	-0.8002	-0.2482	-0.2699	0.0119	-0.0366	-0.0728	
-25.9114	-23.6507	-7.2583	-0.5719	-0.2794	-0.1603	0.4340	-0.8124	-0.2594	-0.2909	0.0061	-0.0383	-0.0735	
-25.9701	-23.6770	-7.2765	-0.5719	-0.2793	-0.1604	0.3819	-0.8307	-0.2678	-0.3033	0.0007	-0.0382	-0.0775	
-26.0280	-23.7049	-7.2924	-0.5719	-0.2793	-0.1604	0.3502	-0.8377	-0.2815	-0.3116	-0.0003	-0.0381	-0.0758	
-26.0836	-23.7334	-7.3097	-0.5719	-0.2793	-0.1604	0.3048	-0.8421	-0.2933	-0.3343	-0.0046	-0.0412	-0.0759	
-26.1399	-23.7626	-7.3256	-0.5719	-0.2794	-0.1604	0.2527	-0.8473	-0.3127	-0.3456	-0.0061	-0.0430	-0.0784	
-26.1951	-23.7894	-7.3405	-0.5718	-0.2793	-0.1604	0.2070	-0.8532	-0.3163	-0.3594	-0.0101	-0.0433	-0.0786	
-26.2542	-23.8161	-7.3581	-0.5719	-0.2793	-0.1604	0.1579	-0.8473	-0.3360	-0.3791	-0.0110	-0.0474	-0.0786	
-26.3061	-23.8467	-7.3752	-0.5717	-0.2794	-0.1604	0.1175	-0.8435	-0.3494	-0.3911	-0.0111	-0.0483	-0.0774	
-26.3668	-23.8769	-7.3910	-0.5718	-0.2795	-0.1604	0.0798	-0.8373	-0.3491	-0.4143	-0.0145	-0.0506	-0.0741	
-26.4292	-23.9051	-7.4107	-0.5720	-0.2795	-0.1606	0.0364	-0.8253	-0.3543	-0.4384	-0.0131	-0.0469	-0.0761	
-26.4846	-23.9332	-7.4240	-0.5719	-0.2795	-0.1605	-0.0030	0.8162	0.3682	0.4461	-0.0118	-0.0468	-0.0740	
-26.5404	-23.9631	-7.4392	-0.5719	-0.2795	-0.1604	0.0333	0.8073	0.3672	0.4618	-0.0144	-0.0481	-0.0714	
-26.5980	-23.9886	-7.4561	-0.5719	-0.2795	-0.1605	0.0686	0.7882	0.3697	0.4880	-0.0156	-0.0528	-0.0677	
-26.6517	-24.0184	-7.4730	-0.5718	-0.2795	-0.1605	0.0954	0.7722	0.3734	0.5065	-0.0151	-0.0542	-0.0638	
-26.7037	-24.0470	-7.4874	-0.5716	-0.2795	-0.1604	0.1231	0.7474	0.3739	0.5363	-0.0151	-0.0590	-0.0591	
-26.7596	-24.0740	-7.5022	-0.5716	-0.2795	-0.1604	0.1479	0.7241	0.3682	0.5652	-0.0159	-0.0625	-0.0542	
-26.8148	-24.1053	-7.5176	-0.5715	-0.2796	-0.1604	0.1772	0.6927	0.3708	0.5929	-0.0148	-0.0669	-0.0514	
-26.8692	-24.1366	-7.5339	-0.5714	-0.2797	-0.1604	0.2076	0.6576	0.3884	0.6112	-0.0105	-0.0695	-0.0513	
-26.9251	-24.1677	-7.5498	-0.5714	-0.2798	-0.1604	0.2315	0.6208	0.3920	0.6385	-0.0084	-0.0734	-0.0482	
-26.9845	-24.1965	-7.5660	-0.5714	-0.2798	-0.1604	0.2564	0.5784	0.4009	0.6625	-0.0052	-0.0771	-0.0467	
-27.0439	-24.2262	-7.5825	-0.5715	-0.2799	-0.1604	0.2787	0.5368	0.4008	0.6882	-0.0036	-0.0807	-0.0439	
-27.1031	-24.2543	-7.6021	-0.5716	-0.2799	-0.1605	0.3008	0.5031	0.3933	0.7087	-0.0043	-0.0822	-0.0409	
-27.1586	-24.2837	-7.6179	-0.5715	-0.2799	-0.1605	0.3196	0.4727	0.3858	0.7256	-0.0049	-0.0820	-0.0380	
-27.2177	-24.3126	-7.6343	-0.5716	-0.2800	-0.1605	0.3390	0.4297	0.3847	0.7432	-0.0030	-0.0839	-0.0366	
-27.2706	-24.3417	-7.6482	-0.5715	-0.2800	-0.1605	0.3448	0.3959	0.3950	0.7551	0.0015	-0.0810	-0.0358	
-27.3288	-24.3666	-7.6662	-0.5715	-0.2799	-0.1605	0.3495	0.3536	0.4023	0.7693	0.0060	-0.0806	-0.0347	
-27.3875	-24.3956	-7.6854	-0.5715	-0.2799	-0.1606	0.3597	0.3183	0.3991	0.7815	0.0069	-0.0801	-0.0325	
-27.4469	-24.4220	-7.7029	-0.5716	-0.2799	-0.1607	0.3655	0.2704	0.3959	0.7978	0.0099	-0.0822	-0.0304	
-27.5045	-24.4497	-7.7198	-0.5716	-0.2799	-0.1607	0.3652	0.2439	0.3987	0.8064	0.0116	-0.0780	-0.0286	
-27.5604	-24.4813	-7.7386	-0.5716	-0.2800	-0.1608	0.3670	0.2137	0.3973	0.8143	0.0128	-0.0756	-0.0268	
-27.6146	-24.5086	-7.7517	-0.5715	-0.2800	-0.1607	0.3568	0.1763	0.3983	0.8271	0.0171	-0.0742	-0.0246	
-27.6716	-24.5384	-7.7689	-0.5715	-0.2800	-0.1607	0.3482	0.1371	0.4008	0.8367	0.0210	-0.0730	-0.0237	
-27.7292	-24.5689	-7.7855	-0.5715	-0.2801	-0.1607	0.3440	0.0922	0.3999	0.8445	0.0239	-0.0737	-0.0230	
-27.7838	-24.5960	-7.8022	-0.5714	-0.2801	-0.1607	0.3520	0.0633	0.4147	0.8376	0.0227	-0.0694	-0.0268	
-27.8389	-24.6241	-7.8182	-0.5714	-0.2801	-0.1607	0.3464	0.0302	0.4270	0.8353	0.0246	-0.0662	-0.0287	
-27.8970	-24.6533	-7.8346	-0.5714	-0.2801	-0.1608	0.3338	-0.0210	0.4333	0.8367	0.0294	-0.0673	-0.0298	
-27.9552	-24.6789	-7.8504	-0.5714	-0.2800	-0.1607	0.3432	-0.0692	0.4427	0.8252	0.0287	-0.0685	-0.0336	
-28.0145	-24.7073	-7.8657	-0.5715	-0.2801	-0.1607	0.3361	-0.0944	0.4577	0.8188	0.0287	-0.0634	-0.0352	
-28.0714	-24.7350	-7.8828	-0.5715	-0.2800	-0.1608	0.3480	-0.1293	0.4671	0.8027	0.0256	-0.0628	-0.0379	
-28.1270	-24.7618	-7.8953	-0.5714	-0.2800	-0.1606	0.3317	-0.1737	0.4768	0.7953	0.0298	-0.0622	-0.0394	
-28.1816	-24.7906	-7.9136	-0.5714	-0.2800	-0.1607	0.3182	-0.2095	0.4904	0.7841	0.0317	-0.0599	-0.0415	
-28.2379	-24.8223	-7.9307	-0.5713	-0.2801	-0.1607	0.3135	-0.2364	0.4989	0.7732	0.0307	-0.0572	-0.0416	
-28.2946	-24.8529	-7.9432	-0.5713	-0.2802	-0.1606	0.3128	-0.2667	0.5006	0.7621	0.0296	-0.0565	-0.0406	
-28.3514	-24.8781	-7.9584	-0.5713	-0.2801	-0.1606	0.3125	-0.3066	0.5063	0.7426	0.0292	-0.0576	-0.0424	
-28.4062	-24.9100	-7.9738	-0.5712	-0.2803	-0.1606	0.3028	-0.3324	0.5141	0.7310	0.0292	-0.0548	-0.0424	
-28.4627	-24.9381	-7.9904	-0.5712	-0.2803	-0.1606	0.2988	-0.3633	0.5257	0.7088	0.0278	-0.0539	-0.0448	
-28.5173	-24.9660	-8.0074	-0.5711	-0.2803	-0.1606	0.3046	-0.3834	0.5280	0.6948	0.0245	-0.0524	-0.0429	
-28.5739	-24.9966	-8.0220	-0.5711	-0.2803	-0.1606	0.2869	-0.4118	0.5392	0.6765	0.0262	-0.0501	-0.0450	
