0.8196	-9.6173	-0.5177	0.0000	0.0000	0.0000	0.5998	-0.4360	0.6183	0.2603	0.0000	0.0000	0.0000	
0.5955	-10.2002	-0.3374	-0.0222	-0.0577	0.0178	0.5912	-0.4334	0.6340	0.2475	-0.0056	0.0039	-0.0057	
0.5713	-10.5290	-0.2360	-0.0272	-0.1439	0.0446	0.5575	-0.3839	0.6944	0.2570	-0.0765	0.1143	0.0126	
0.4840	-10.6088	-0.1898	-0.0645	-0.1748	0.0651	0.5540	-0.3888	0.7043	0.2444	-0.0447	0.0478	-0.0132	
0.4733	-10.6735	-0.0941	-0.0667	-0.2108	0.1211	0.5277	-0.3600	0.7202	0.2739	-0.0275	0.0655	0.0076	
0.4809	-10.7566	-0.0305	-0.0527	-0.2655	0.1648	0.4594	-0.3658	0.7644	0.2708	-0.0166	0.0897	-0.0240	
0.4319	-10.7968	0.0716	-0.0913	-0.2826	0.2440	0.4722	-0.3763	0.7633	0.2512	-0.0158	0.0529	-0.0275	
0.3804	-10.8787	0.1696	-0.1365	-0.3443	0.3171	0.4374	-0.3093	0.7997	0.2770	-0.0300	0.0729	-0.0086	
0.3812	-10.9304	0.2202	-0.1199	-0.3629	0.3376	0.4183	-0.3213	0.8072	0.2717	-0.0207	0.0636	-0.0144	
0.4061	-11.0238	0.3053	-0.0834	-0.4267	0.3923	0.3934	-0.3031	0.8205	0.2835	-0.0186	0.0649	-0.0101	
0.4288	-11.0786	0.4080	-0.0516	-0.4426	0.4562	0.3630	-0.2756	0.8434	0.2834	-0.0219	0.0679	-0.0103	
0.4862	-11.0471	0.4643	0.0077	-0.3665	0.4645	0.3487	-0.2532	0.8532	0.2955	-0.0213	0.0658	-0.0053	
0.5357	-11.0819	0.5482	0.0553	-0.3660	0.4995	0.3240	-0.2387	0.8673	0.2934	-0.0209	0.0649	-0.0068	
0.6310	-11.1122	0.5924	0.1398	-0.3606	0.4931	0.2938	-0.2222	0.8867	0.2793	-0.0224	0.0652	-0.0112	
0.6586	-11.1963	0.6331	0.1544	-0.4026	0.4874	0.2855	-0.2395	0.8891	0.2736	-0.0167	0.0576	-0.0132	
0.7422	-11.2004	0.7031	0.2132	-0.3726	0.5031	0.2557	-0.2315	0.8998	0.2673	-0.0152	0.0581	-0.0154	
0.8140	-11.1876	0.7685	0.2520	-0.3327	0.5118	0.2146	-0.2196	0.9079	0.2855	-0.0111	0.0625	-0.0122	
0.8624	-11.1711	0.8581	0.2701	-0.2944	0.5410	0.1920	-0.2033	0.9180	0.2817	-0.0123	0.0614	-0.0128	
0.9203	-11.2181	0.8232	0.2925	-0.3064	0.4749	0.1646	-0.2031	0.9216	0.2882	-0.0089	0.0611	-0.0112	
1.0022	-11.1983	0.9079	0.3284	-0.2715	0.4999	0.1281	-0.1761	0.9304	0.2940	-0.0101	0.0642	-0.0099	
1.0865	-11.2222	0.9086	0.3641	-0.2690	0.4654	0.1013	-0.1800	0.9334	0.2950	-0.0065	0.0629	-0.0102	
1.1803	-11.2373	0.9663	0.4020	-0.2619	0.4712	0.0653	-0.1756	0.9364	0.2967	-0.0038	0.0642	-0.0107	
1.3351	-11.2061	0.9727	0.4726	-0.2264	0.4452	0.0417	-0.1510	0.9429	0.2946	-0.0064	0.0638	-0.0102	
1.4853	-11.2298	0.9619	0.5351	-0.2277	0.4114	0.0048	-0.1417	0.9408	0.3079	-0.0078	0.0624	-0.0127	
1.5868	-11.2898	0.9511	0.5620	-0.2494	0.3815	0.0277	0.1229	-0.9393	-0.3191	-0.0079	0.0644	-0.0088	
1.6121	-11.3333	0.9825	0.5442	-0.2592	0.3784	0.0555	0.1155	-0.9342	-0.3337	-0.0063	0.0644	-0.0050	
1.7196	-11.3240	1.0102	0.5722	-0.2399	0.3737	0.0761	0.0911	-0.9304	-0.3475	-0.0084	0.0639	-0.0010	
1.7788	-11.2964	1.0708	0.5735	-0.2128	0.3856	0.0987	0.0838	-0.9296	-0.3462	-0.0071	0.0619	-0.0023	
1.8778	-11.2753	1.1105	0.5947	-0.1911	0.3868	0.1110	0.0639	-0.9282	-0.3508	-0.0092	0.0591	-0.0012	
1.9796	-11.3328	1.1340	0.6150	-0.2101	0.3794	0.1439	0.0450	-0.9186	-0.3649	-0.0092	0.0617	0.0025	
2.0825	-11.3110	1.1904	0.6347	-0.1895	0.3885	0.1602	0.0339	-0.9115	-0.3783	-0.0087	0.0597	0.0052	
2.1455	-11.3102	1.2757	0.6342	-0.1801	0.4103	0.1882	0.0188	-0.9000	-0.3926	-0.0083	0.0606	0.0078	
2.2227	-11.3236	1.3096	0.6397	-0.1781	0.4070	0.2292	-0.0090	-0.8867	-0.4004	-0.0094	0.0650	0.0090	
2.2941	-11.3717	1.3465	0.6429	-0.1913	0.4053	0.2584	-0.0262	-0.8724	-0.4137	-0.0098	0.0660	0.0115	
2.3634	-11.3277	1.4244	0.6445	-0.1642	0.4216	0.2849	-0.0490	-0.8558	-0.4288	-0.0110	0.0666	0.0140	
2.4613	-11.3316	1.5023	0.6579	-0.1587	0.4372	0.3051	-0.0886	-0.8335	-0.4521	-0.0168	0.0676	0.0185	
2.5670	-11.3450	1.5188	0.6740	-0.1580	0.4260	0.3268	-0.1027	-0.8168	-0.4646	-0.0160	0.0667	0.0202	
2.6543	-11.3443	1.5445	0.6818	-0.1516	0.4192	0.3477	-0.1162	-0.7979	-0.4789	-0.0154	0.0659	0.0224	
2.7399	-11.3824	1.5629	0.6887	-0.1604	0.4101	0.3585	-0.1310	-0.7787	-0.4987	-0.0170	0.0634	0.0254	
2.8399	-11.4142	1.6220	0.7004	-0.1663	0.4170	0.3774	-0.1585	-0.7574	-0.5084	-0.0193	0.0636	0.0253	
2.8913	-11.3850	1.6976	0.6936	-0.1490	0.4301	0.3779	-0.1851	-0.7372	-0.5295	-0.0243	0.0604	0.0270	
2.9708	-11.4201	1.7640	0.6972	-0.1562	0.4388	0.3914	-0.2265	-0.7149	-0.5332	-0.0291	0.0616	0.0245	
3.0077	-11.4407	1.8271	0.6858	-0.1575	0.4456	0.4037	-0.2496	-0.6846	-0.5530	-0.0316	0.0615	0.0275	
3.0449	-11.4543	1.8877	0.6753	-0.1563	0.4513	0.4037	-0.2791	-0.6618	-0.5671	-0.0358	0.0596	0.0272	
3.1555	-11.4978	1.9199	0.6895	-0.1659	0.4472	0.4188	-0.3255	-0.6282	-0.5685	-0.0399	0.0629	0.0256	
3.2560	-11.5089	1.9612	0.6996	-0.1642	0.4462	0.4302	-0.3605	-0.5970	-0.5727	-0.0419	0.0639	0.0250	
3.3017	-11.4845	1.9805	0.6918	-0.1511	0.4384	0.4372	-0.3882	-0.5695	-0.5779	-0.0433	0.0634	0.0249	
3.3868	-11.4603	2.0035	0.6966	-0.1389	0.4323	0.4350	-0.4265	-0.5429	-0.5782	-0.0468	0.0627	0.0223	
3.4690	-11.4384	2.0684	0.7005	-0.1278	0.4393	0.4374	-0.4602	-0.5210	-0.5710	-0.0472	0.0624	0.0183	
3.5786	-11.4294	2.1280	0.7123	-0.1212	0.4442	0.4380	-0.4889	-0.4887	-0.5747	-0.0489	0.0616	0.0185	
3.6663	-11.4227	2.1565	0.7170	-0.1158	0.4396	0.4352	-0.5161	-0.4569	-0.5793	-0.0509	0.0602	0.0189	
3.7298	-11.4433	2.2196	0.7148	-0.1183	0.4450	0.4350	-0.5351	-0.4323	-0.5817	-0.0501	0.0583	0.0183	
3.8226	-11.4631	2.2552	0.7210	-0.1207	0.4424	0.4336	-0.5652	-0.4124	-0.5686	-0.0489	0.0583	0.0139	
3.9248	-11.4553	2.3033	0.7293	-0.1152	0.4437	0.4384	-0.5943	-0.3799	-0.5568	-0.0486	0.0601	0.0125	
3.9974	-11.4656	2.3570	0.7294	-0.1148	0.4462	0.4213	-0.6257	-0.3666	-0.5460	-0.0496	0.0583	0.0065	
4.0797	-11.4544	2.4033	0.7320	-0.1087	0.4468	0.4153	-0.6525	-0.3396	-0.5352	-0.0502	0.0583	0.0048	
4.1910	-11.4461	2.4430	0.7420	-0.1037	0.4456	0.4055	-0.6808	-0.3209	-0.5193	-0.0495	0.0578	0.0010	
4.2769	-11.4390	2.4944	0.7451	-0.0992	0.4475	0.4046	-0.7077	-0.3019	-0.4947	-0.0467	0.0597	-0.0023	
4.3492	-11.4321	2.5203	0.7445	-0.0950	0.4428	0.3984	-0.7312	-0.2734	-0.4813	-0.0474	0.0596	-0.0028	
4.4244	-11.4496	2.5632	0.7447	-0.0970	0.4423	0.3848	-0.7546	-0.2597	-0.4647	-0.0463	0.0584	-0.0063	
4.4988	-11.4714	2.5950	0.7448	-0.1000	0.4390	0.3600	-0.7857	-0.2435	-0.4407	-0.0473	0.0586	-0.0124	
4.5909	-11.4754	2.6486	0.7491	-0.0986	0.4413	0.3492	-0.8028	-0.2336	-0.4246	-0.0446	0.0567	-0.0141	
4.6496	-11.4998	2.7059	0.7454	-0.1020	0.4443	0.3394	-0.8266	-0.2165	-0.3932	-0.0423	0.0593	-0.0170	
4.7217	-11.5164	2.7557	0.7448	-0.1034	0.4454	0.3288	-0.8475	-0.2012	-0.3650	-0.0402	0.0604	-0.0192	
4.7969	-11.5140	2.8206	0.7451	-0.1003	0.4502	0.3082	-0.8705	-0.1775	-0.3398	-0.0420	0.0613	-0.0220	
4.8843	-11.5293	2.8588	0.7480	-0.1016	0.4486	0.3004	-0.8848	-0.1613	-0.3185	-0.0399	0.0604	-0.0216	
4.9350	-11.5372	2.9153	0.7426	-0.1010	0.4511	0.2953	-0.8989	-0.1488	-0.2883	-0.0365	0.0615	-0.0218	
5.0220	-11.5495	2.9613	0.7454	-0.1016	0.4512	0.2834	-0.9116	-0.1475	-0.2611	-0.0323	0.0604	-0.0237	
5.1066	-11.5631	3.0055	0.7476	-0.1023	0.4510	0.2836	-0.9222	-0.1232	-0.2321	-0.0312	0.0620	-0.0213	
5.1962	-11.5660	3.0623	0.7509	-0.1007	0.4535	0.2822	-0.9323	-0.1090	-0.1990	-0.0284	0.0637	-0.0203	
5.2684	-11.5603	3.1174	0.7502	-0.0973	0.4556	0.2681	-0.9432	-0.1035	-0.1684	-0.0261	0.0635	-0.0227	
5.3519	-11.5642	3.1651	0.7520	-0.0961	0.4561	0.2597	-0.9518	-0.0857	-0.1389	-0.0256	0.0639	-0.0226	
5.4385	-11.5756	3.2113	0.7543	-0.0964	0.4562	0.2459	-0.9593	-0.0878	-0.1141	-0.0221	0.0617	-0.0243	
5.5297	-11.5722	3.2484	0.7575	-0.0939	0.4545	0.2468	-0.9621	-0.0849	-0.0843	-0.0183	0.0615	-0.0222	
5.5988	-11.5629	3.2877	0.7560	-0.0902	0.4534	0.2563	-0.9618	-0.0876	-0.0579	-0.0136	0.0602	-0.0183	
5.6771	-11.5620	3.3344	0.7567	-0.0882	0.4536	0.2521	-0.9647	-0.0692	-0.0196	-0.0136	0.0630	-0.0179	
5.7510	-11.5582	3.3628	0.7564	-0.0859	0.4504	0.2536	-0.9657	-0.0512	0.0148	-0.0135	0.0644	-0.0160	
5.8518	-11.5749	3.3892	0.7613	-0.0875	0.4468	0.2556	-0.9648	-0.0220	0.0540	-0.0151	0.0678	-0.0136	
5.9264	-11.5630	3.4281	0.7609	-0.0837	0.4458	0.2567	-0.9642	-0.0298	0.0756	-0.0109	0.0642	-0.0125	
6.0032	-11.5817	3.5036	0.7610	-0.0854	0.4515	0.2569	-0.9618	-0.0232	0.0964	-0.0100	0.0621	-0.0110	
6.0797	-11.5788	3.5378	0.7611	-0.0834	0.4496	0.2655	-0.9551	-0.0005	0.1309	-0.0112	0.0643	-0.0076	
6.1357	-11.6038	3.5812	0.7574	-0.0865	0.4492	0.2769	-0.9467	0.0043	0.1655	-0.0087	0.0650	-0.0036	
6.2008	-11.6089	3.6243	0.7554	-0.0859	0.4489	0.2859	-0.9395	0.0188	0.1891	-0.0093	0.0637	-0.0009	
6.2669	-11.6273	3.6738	0.7537	-0.0876	0.4497	0.2952	-0.9294	0.0350	0.2188	-0.0099	0.0643	0.0019	
6.3343	-11.6335	3.7049	0.7523	-0.0872	0.4472	0.3002	-0.9201	0.0436	0.2480	-0.0088	0.0641	0.0030	
6.4146	-11.6580	3.7384	0.7531	-0.0900	0.4452	0.3067	-0.9079	0.0595	0.2790	-0.0093	0.0651	0.0048	
6.4904	-11.6755	3.7736	0.7532	-0.0915	0.4435	0.3075	-0.8961	0.0777	0.3101	-0.0100	0.0661	0.0048	
6.5528	-11.6757	3.8299	0.7510	-0.0900	0.4456	0.3246	-0.8788	0.0948	0.3367	-0.0117	0.0660	0.0089	
6.6405	-11.6857	3.8857	0.7532	-0.0901	0.4475	0.3309	-0.8640	0.1198	0.3601	-0.0144	0.0660	0.0096	
6.7200	-11.6891	3.9242	0.7539	-0.0892	0.4464	0.3399	-0.8396	0.1474	0.3962	-0.0168	0.0696	0.0115	
6.8041	-11.6970	3.9671	0.7553	-0.0890	0.4461	0.3475	-0.8263	0.1609	0.4140	-0.0173	0.0672	0.0122	
6.8627	-11.7051	3.9972	0.7525	-0.0890	0.4438	0.3600	-0.8072	0.1769	0.4334	-0.0186	0.0655	0.0144	
6.9561	-11.7138	4.0482	0.7555	-0.0889	0.4449	0.3667	-0.7920	0.1974	0.4471	-0.0206	0.0635	0.0142	
7.0418	-11.7413	4.1055	0.7571	-0.0918	0.4468	0.3802	-0.7684	0.2060	0.4719	-0.0201	0.0638	0.0173	
7.1247	-11.7676	4.1658	0.7582	-0.0944	0.4492	0.3762	-0.7443	0.2408	0.4962	-0.0231	0.0658	0.0149	
7.2013	-11.7855	4.2036	0.7583	-0.0957	0.4481	0.3933	-0.7251	0.2613	0.5023	-0.0267	0.0622	0.0168	
7.2813	-11.7836	4.2523	0.7589	-0.0940	0.4487	0.4089	-0.6929	0.2892	0.5183	-0.0307	0.0630	0.0189	
7.3820	-11.7768	4.3058	0.7628	-0.0915	0.4501	0.4147	-0.6687	0.3268	0.5238	-0.0356	0.0620	0.0167	
7.4610	-11.7823	4.3588	0.7632	-0.0909	0.4513	0.4211	-0.6483	0.3407	0.5358	-0.0346	0.0601	0.0167	
7.5392	-11.7802	4.4126	0.7635	-0.0893	0.4527	0.4320	-0.6211	0.3650	0.5426	-0.0373	0.0588	0.0170	
7.6236	-11.7897	4.4534	0.7647	-0.0894	0.4520	0.4390	-0.5959	0.3932	0.5457	-0.0402	0.0575	0.0159	
7.7083	-11.8003	4.5026	0.7659	-0.0896	0.4526	0.4439	-0.5625	0.4262	0.5518	-0.0438	0.0583	0.0150	
7.7881	-11.8083	4.5465	0.7663	-0.0895	0.4524	0.4442	-0.5424	0.4605	0.5452	-0.0468	0.0557	0.0108	
7.8596	-11.8137	4.5928	0.7656	-0.0890	0.4526	0.4589	-0.5198	0.4803	0.5381	-0.0491	0.0518	0.0111	
7.9349	-11.8212	4.6283	0.7654	-0.0888	0.4512	0.4597	-0.4906	0.5109	0.5356	-0.0513	0.0518	0.0091	
7.9964	-11.8004	4.6754	0.7633	-0.0847	0.4516	0.4675	-0.4618	0.5388	0.5271	-0.0541	0.0500	0.0079	
8.0700	-11.8169	4.7193	0.7629	-0.0858	0.4514	0.4622	-0.4307	0.5745	0.5202	-0.0565	0.0507	0.0044	
8.1371	-11.8159	4.7596	0.7616	-0.0845	0.4507	0.4586	-0.4081	0.5997	0.5137	-0.0560	0.0496	0.0019	
8.2075	-11.8330	4.7984	0.7608	-0.0857	0.4498	0.4476	-0.3733	0.6271	0.5164	-0.0555	0.0522	0.0009	
8.2922	-11.8413	4.8494	0.7620	-0.0857	0.4507	0.4400	-0.3413	0.6588	0.5055	-0.0572	0.0527	-0.0021	
8.3661	-11.8438	4.8955	0.7617	-0.0849	0.4508	0.4210	-0.3167	0.6917	0.4943	-0.0564	0.0538	-0.0073	
8.4410	-11.8505	4.9354	0.7615	-0.0846	0.4501	0.4130	-0.2972	0.7080	0.4908	-0.0535	0.0525	-0.0077	
8.5302	-11.8594	4.9857	0.7633	-0.0847	0.4509	0.4065	-0.2779	0.7327	0.4705	-0.0539	0.0503	-0.0115	
8.6141	-11.8798	5.0309	0.7643	-0.0862	0.4509	0.3862	-0.2575	0.7570	0.4604	-0.0516	0.0513	-0.0147	
8.6827	-11.8877	5.0832	0.7633	-0.0861	0.4518	0.3757	-0.2409	0.7687	0.4597	-0.0478	0.0502	-0.0138	
8.7581	-11.8865	5.1259	0.7631	-0.0849	0.4515	0.3457	-0.2167	0.8000	0.4399	-0.0473	0.0529	-0.0197	
8.8281	-11.8862	5.1815	0.7623	-0.0838	0.4529	0.3350	-0.1950	0.8163	0.4288	-0.0465	0.0517	-0.0200	
8.9203	-11.8847	5.2303	0.7644	-0.0825	0.4534	0.3145	-0.1771	0.8388	0.4077	-0.0453	0.0518	-0.0240	
9.0138	-11.8904	5.2848	0.7666	-0.0822	0.4545	0.2860	-0.1620	0.8579	0.3954	-0.0416	0.0534	-0.0264	
9.0864	-11.8934	5.3298	0.7661	-0.0816	0.4545	0.2596	-0.1490	0.8761	0.3785	-0.0389	0.0539	-0.0291	
9.1535	-11.9009	5.3704	0.7649	-0.0815	0.4539	0.2223	-0.1202	0.8951	0.3664	-0.0378	0.0581	-0.0302	
9.2414	-11.9017	5.4090	0.7663	-0.0806	0.4531	0.2016	-0.1054	0.9113	0.3436	-0.0368	0.0571	-0.0327	
9.3236	-11.9091	5.4547	0.7670	-0.0805	0.4531	0.1730	-0.1012	0.9257	0.3222	-0.0328	0.0568	-0.0359	
9.3945	-11.9218	5.4907	0.7663	-0.0811	0.4520	0.1503	-0.0912	0.9293	0.3280	-0.0286	0.0566	-0.0306	
9.4802	-11.9173	5.5362	0.7674	-0.0796	0.4520	0.1261	-0.0842	0.9384	0.3115	-0.0258	0.0558	-0.0320	
9.5544	-11.9264	5.5888	0.7671	-0.0797	0.4529	0.0890	-0.0499	0.9477	0.3013	-0.0271	0.0598	-0.0309	
9.6476	-11.9433	5.6272	0.7690	-0.0808	0.4521	0.0560	-0.0318	0.9546	0.2907	-0.0253	0.0616	-0.0303	
9.7232	-11.9561	5.6711	0.7689	-0.0813	0.4519	0.0183	-0.0183	0.9582	0.2851	-0.0223	0.0638	-0.0287	
9.7940	-11.9697	5.7025	0.7682	-0.0820	0.4503	0.0030	0.0017	-0.9605	-0.2798	-0.0227	0.0651	-0.0303	
9.8934	-11.9688	5.7414	0.7708	-0.0810	0.4496	0.0328	-0.0039	-0.9621	-0.2722	-0.0246	0.0662	-0.0296	
9.9882	-11.9685	5.7722	0.7728	-0.0800	0.4480	0.0703	-0.0196	-0.9614	-0.2655	-0.0253	0.0672	-0.0276	
10.0685	-11.9689	5.8170	0.7731	-0.0792	0.4480	0.1018	-0.0371	-0.9608	-0.2556	-0.0249	0.0681	-0.0264	
10.1486	-11.9756	5.8492	0.7734	-0.0791	0.4466	0.1355	-0.0568	-0.9588	-0.2430	-0.0239	0.0695	-0.0261	
10.2242	-11.9834	5.8909	0.7732	-0.0790	0.4463	0.1617	-0.0749	-0.9553	-0.2370	-0.0239	0.0683	-0.0237	
10.3039	-11.9894	5.9308	0.7735	-0.0788	0.4457	0.1912	-0.0937	-0.9492	-0.2321	-0.0238	0.0684	-0.0211	
10.3767	-11.9977	5.9797	0.7730	-0.0789	0.4462	0.2217	-0.1177	-0.9419	-0.2229	-0.0246	0.0692	-0.0205	
10.4482	-11.9943	6.0328	0.7723	-0.0777	0.4472	0.2475	-0.1245	-0.9362	-0.2192	-0.0212	0.0674	-0.0180	
10.5289	-12.0101	6.0783	0.7727	-0.0785	0.4473	0.2692	-0.1422	-0.9255	-0.2278	-0.0224	0.0654	-0.0127	
10.5987	-12.0174	6.1128	0.7719	-0.0785	0.4461	0.3045	-0.1552	-0.9104	-0.2334	-0.0212	0.0675	-0.0083	
10.6767	-12.0279	6.1568	0.7720	-0.0788	0.4461	0.3465	-0.1687	-0.8965	-0.2176	-0.0184	0.0712	-0.0101	
10.7585	-12.0253	6.1982	0.7725	-0.0777	0.4457	0.3760	-0.1856	-0.8805	-0.2215	-0.0189	0.0713	-0.0071	
10.8288	-12.0302	6.2524	0.7717	-0.0774	0.4468	0.3991	-0.1838	-0.8688	-0.2325	-0.0160	0.0686	-0.0026	
10.9006	-12.0400	6.3049	0.7712	-0.0776	0.4476	0.4210	-0.1914	-0.8513	-0.2502	-0.0165	0.0667	0.0028	
10.9732	-12.0530	6.3412	0.7707	-0.0781	0.4467	0.4422	-0.2149	-0.8353	-0.2463	-0.0187	0.0659	0.0017	
11.0586	-12.0686	6.3877	0.7715	-0.0789	0.4469	0.4531	-0.2165	-0.8315	-0.2422	-0.0159	0.0614	0.0007	
11.1291	-12.0733	6.4294	0.7708	-0.0786	0.4466	0.4673	-0.2233	-0.8192	-0.2483	-0.0158	0.0587	0.0025	
11.1977	-12.0787	6.4745	0.7700	-0.0783	0.4466	0.4900	-0.2329	-0.7998	-0.2571	-0.0164	0.0587	0.0052	
11.2842	-12.0869	6.5128	0.7709	-0.0784	0.4459	0.5140	-0.2531	-0.7785	-0.2557	-0.0178	0.0598	0.0051	
11.3660	-12.0859	6.5536	0.7714	-0.0775	0.4456	0.5375	-0.2775	-0.7533	-0.2574	-0.0206	0.0611	0.0054	
11.4415	-12.0893	6.5956	0.7712	-0.0771	0.4453	0.5550	-0.2940	-0.7286	-0.2736	-0.0237	0.0604	0.0088	
11.5259	-12.0936	6.6254	0.7720	-0.0768	0.4438	0.5677	-0.3159	-0.7073	-0.2789	-0.0262	0.0592	0.0088	
11.5989	-12.1001	6.6809	0.7715	-0.0766	0.4449	0.5752	-0.3337	-0.6857	-0.2973	-0.0298	0.0565	0.0109	
11.6845	-12.1133	6.7231	0.7724	-0.0772	0.4447	0.5800	-0.3625	-0.6587	-0.3137	-0.0354	0.0548	0.0117	
11.7567	-12.1152	6.7637	0.7719	-0.0766	0.4443	0.5913	-0.3831	-0.6294	-0.3274	-0.0381	0.0546	0.0132	
11.8330	-12.1357	6.8096	0.7718	-0.0779	0.4445	0.6117	-0.4068	-0.5898	-0.3342	-0.0404	0.0576	0.0143	
11.9114	-12.1406	6.8613	0.7719	-0.0776	0.4452	0.6197	-0.4307	-0.5664	-0.3318	-0.0407	0.0569	0.0113	
11.9900	-12.1459	6.9073	0.7720	-0.0773	0.4453	0.6111	-0.4620	-0.5412	-0.3481	-0.0464	0.0533	0.0097	
12.0679	-12.1607	6.9537	0.7721	-0.0780	0.4455	0.6206	-0.4897	-0.5099	-0.3391	-0.0463	0.0551	0.0064	
12.1474	-12.1580	7.0034	0.7723	-0.0770	0.4460	0.6208	-0.5302	-0.4699	-0.3348	-0.0507	0.0571	0.0024	
12.2227	-12.1683	7.0541	0.7721	-0.0773	0.4466	0.6151	-0.5614	-0.4382	-0.3381	-0.0538	0.0561	-0.0000	
12.3074	-12.1771	7.0911	0.7729	-0.0774	0.4459	0.6180	-0.5839	-0.4122	-0.3283	-0.0517	0.0561	-0.0022	
12.3817	-12.1794	7.1420	0.7726	-0.0769	0.4464	0.6122	-0.6039	-0.3927	-0.3277	-0.0509	0.0536	-0.0041	
12.4523	-12.1825	7.1838	0.7720	-0.0764	0.4462	0.6066	-0.6222	-0.3703	-0.3294	-0.0508	0.0513	-0.0048	
12.5331	-12.1893	7.2245	0.7723	-0.0764	0.4458	0.5982	-0.6486	-0.3394	-0.3256	-0.0522	0.0512	-0.0072	
12.6060	-12.1999	7.2700	0.7719	-0.0766	0.4459	0.5911	-0.6752	-0.3033	-0.3197	-0.0538	0.0523	-0.0091	
12.6835	-12.2093	7.3146	0.7719	-0.0768	0.4459	0.5719	-0.7073	-0.2811	-0.3071	-0.0540	0.0516	-0.0152	
12.7628	-12.2150	7.3644	0.7721	-0.0766	0.4464	0.5706	-0.7269	-0.2549	-0.2857	-0.0501	0.0536	-0.0168	
12.8399	-12.2184	7.4252	0.7721	-0.0762	0.4478	0.5627	-0.7410	-0.2267	-0.2891	-0.0510	0.0516	-0.0154	
12.9228	-12.2280	7.4626	0.7726	-0.0764	0.4472	0.5492	-0.7612	-0.2022	-0.2800	-0.0503	0.0508	-0.0174	
12.9990	-12.2288	7.4990	0.7725	-0.0758	0.4464	0.5370	-0.7796	-0.1739	-0.2714	-0.0504	0.0505	-0.0185	
13.0783	-12.2369	7.5391	0.7727	-0.0758	0.4460	0.5243	-0.7953	-0.1536	-0.2642	-0.0490	0.0489	-0.0194	
13.1501	-12.2416	7.5845	0.7722	-0.0756	0.4461	0.5118	-0.8147	-0.1305	-0.2398	-0.0461	0.0510	-0.0222	
13.2282	-12.2504	7.6280	0.7723	-0.0757	0.4460	0.5069	-0.8274	-0.1086	-0.2172	-0.0423	0.0524	-0.0221	
13.3089	-12.2514	7.6754	0.7726	-0.0751	0.4462	0.4884	-0.8472	-0.0940	-0.1885	-0.0387	0.0539	-0.0264	
13.3903	-12.2597	7.7182	0.7730	-0.0752	0.4461	0.4641	-0.8682	-0.0762	-0.1586	-0.0363	0.0556	-0.0312	
13.4650	-12.2699	7.7733	0.7728	-0.0754	0.4470	0.4540	-0.8784	-0.0438	-0.1426	-0.0370	0.0563	-0.0297	
13.5408	-12.2719	7.8171	0.7726	-0.0750	0.4469	0.4411	-0.8893	-0.0147	-0.1190	-0.0364	0.0579	-0.0296	
13.6215	-12.2746	7.8590	0.7729	-0.0746	0.4467	0.4190	-0.9030	0.0105	-0.0926	-0.0355	0.0593	-0.0321	
13.6983	-12.2754	7.9083	0.7729	-0.0740	0.4470	0.3907	-0.9180	0.0214	-0.0694	-0.0330	0.0586	-0.0362	
13.7861	-12.2799	7.9485	0.7738	-0.0737	0.4467	0.3713	-0.9259	0.0458	-0.0558	-0.0336	0.0572	-0.0361	
13.8641	-12.2824	7.9838	0.7738	-0.0733	0.4459	0.3497	-0.9337	0.0692	-0.0284	-0.0324	0.0586	-0.0371	
13.9430	-12.2970	8.0273	0.7740	-0.0740	0.4458	0.3259	-0.9423	0.0792	0.0028	-0.0285	0.0597	-0.0388	
14.0154	-12.3062	8.0676	0.7735	-0.0741	0.4455	0.3122	-0.9444	0.0973	0.0363	-0.0259	0.0617	-0.0371	
14.0956	-12.3081	8.1209	0.7738	-0.0736	0.4462	0.2947	-0.9476	0.1084	0.0631	-0.0233	0.0617	-0.0368	
14.1781	-12.3101	8.1666	0.7742	-0.0732	0.4463	0.2821	-0.9483	0.1182	0.0895	-0.0207	0.0615	-0.0351	
14.2513	-12.3203	8.2064	0.7738	-0.0735	0.4459	0.2761	-0.9424	0.1413	0.1256	-0.0200	0.0643	-0.0311	
14.3277	-12.3236	8.2513	0.7738	-0.0731	0.4459	0.2681	-0.9398	0.1417	0.1609	-0.0152	0.0650	-0.0287	
14.4099	-12.3242	8.2941	0.7741	-0.0726	0.4458	0.2579	-0.9370	0.1441	0.1888	-0.0121	0.0642	-0.0271	
14.4895	-12.3371	8.3352	0.7743	-0.0730	0.4455	0.2514	-0.9260	0.1607	0.2309	-0.0110	0.0678	-0.0238	
14.5622	-12.3464	8.3746	0.7739	-0.0732	0.4451	0.2368	-0.9185	0.1724	0.2655	-0.0095	0.0690	-0.0233	
14.6387	-12.3632	8.4163	0.7739	-0.0740	0.4448	0.2202	-0.9108	0.1741	0.3029	-0.0060	0.0702	-0.0231	
14.7193	-12.3683	8.4598	0.7741	-0.0738	0.4448	0.2137	-0.9035	0.1846	0.3241	-0.0063	0.0679	-0.0211	
14.7984	-12.3734	8.4987	0.7742	-0.0736	0.4443	0.2161	-0.8899	0.1943	0.3526	-0.0066	0.0675	-0.0166	
14.8830	-12.3791	8.5501	0.7748	-0.0735	0.4449	0.2007	-0.8791	0.1982	0.3843	-0.0043	0.0682	-0.0169	
14.9601	-12.3902	8.5989	0.7748	-0.0737	0.4452	0.2006	-0.8652	0.2183	0.4054	-0.0075	0.0667	-0.0141	
15.0360	-12.4015	8.6397	0.7746	-0.0741	0.4449	0.2081	-0.8518	0.2189	0.4297	-0.0068	0.0649	-0.0092	
15.1095	-12.4075	8.6835	0.7743	-0.0739	0.4449	0.2044	-0.8396	0.2231	0.4518	-0.0060	0.0633	-0.0079	
15.1831	-12.4161	8.7372	0.7741	-0.0740	0.4456	0.2056	-0.8187	0.2437	0.4776	-0.0092	0.0640	-0.0056	
15.2656	-12.4164	8.7762	0.7744	-0.0735	0.4452	0.2049	-0.8053	0.2516	0.4968	-0.0094	0.0623	-0.0043	
15.3379	-12.4269	8.8190	0.7740	-0.0737	0.4450	0.2017	-0.7924	0.2588	0.5148	-0.0092	0.0604	-0.0036	
15.4145	-12.4290	8.8635	0.7740	-0.0734	0.4450	0.2071	-0.7733	0.2772	0.5316	-0.0126	0.0592	-0.0018	
15.4866	-12.4395	8.9053	0.7736	-0.0736	0.4448	0.1970	-0.7496	0.2918	0.5601	-0.0126	0.0617	-0.0021	
15.5647	-12.4493	8.9538	0.7736	-0.0738	0.4451	0.2108	-0.7273	0.2992	0.5811	-0.0147	0.0607	0.0023	
15.6515	-12.4576	8.9958	0.7743	-0.0738	0.4449	0.2158	-0.7133	0.3001	0.5963	-0.0139	0.0582	0.0041	
15.7366	-12.4616	9.0424	0.7749	-0.0736	0.4451	0.2226	-0.6868	0.3080	0.6194	-0.0151	0.0591	0.0067	
15.8117	-12.4718	9.0832	0.7747	-0.0738	0.4448	0.2328	-0.6633	0.3137	0.6385	-0.0163	0.0585	0.0094	
15.8852	-12.4836	9.1299	0.7744	-0.0741	0.4450	0.2396	-0.6379	0.3241	0.6562	-0.0180	0.0582	0.0107	
15.9609	-12.4950	9.1775	0.7743	-0.0744	0.4452	0.2322	-0.6098	0.3432	0.6754	-0.0192	0.0598	0.0089	
16.0345	-12.5026	9.2232	0.7740	-0.0744	0.4453	0.2249	-0.5852	0.3682	0.6867	-0.0215	0.0596	0.0057	
16.1065	-12.5099	9.2619	0.7736	-0.0744	0.4449	0.2326	-0.5577	0.3895	0.6952	-0.0256	0.0585	0.0056	
16.1839	-12.5202	9.3037	0.7736	-0.0746	0.4447	0.2351	-0.5296	0.4166	0.7006	-0.0297	0.0577	0.0036	
16.2538	-12.5300	9.3562	0.7731	-0.0748	0.4452	0.2367	-0.4933	0.4456	0.7083	-0.0340	0.0586	0.0021	
16.3363	-12.5332	9.4057	0.7735	-0.0745	0.4456	0.2403	-0.4541	0.4724	0.7158	-0.0380	0.0599	0.0013	
16.4166	-12.5438	9.4475	0.7737	-0.0747	0.4454	0.2510	-0.4298	0.4885	0.7172	-0.0399	0.0570	0.0014	
16.4942	-12.5510	9.4932	0.7737	-0.0747	0.4455	0.2600	-0.3979	0.5125	0.7151	-0.0435	0.0556	0.0002	
16.5722	-12.5610	9.5444	0.7737	-0.0748	0.4459	0.2553	-0.3771	0.5258	0.7190	-0.0412	0.0540	-0.0010	
16.6432	-12.5750	9.5865	0.7733	-0.0753	0.4458	0.2552	-0.3480	0.5509	0.7144	-0.0432	0.0531	-0.0038	
16.7179	-12.5774	9.6328	0.7731	-0.0749	0.4459	0.2477	-0.3167	0.5740	0.7133	-0.0433	0.0537	-0.0062	
16.7903	-12.5771	9.6792	0.7728	-0.0744	0.4460	0.2396	-0.2748	0.6007	0.7110	-0.0452	0.0562	-0.0086	
16.8632	-12.5821	9.7223	0.7725	-0.0743	0.4459	0.2265	-0.2369	0.6251	0.7081	-0.0453	0.0582	-0.0111	
16.9404	-12.5940	9.7708	0.7725	-0.0746	0.4462	0.2210	-0.2101	0.6435	0.7023	-0.0446	0.0570	-0.0128	
17.0153	-12.5961	9.8167	0.7723	-0.0742	0.4463	0.2068	-0.1751	0.6698	0.6911	-0.0449	0.0582	-0.0167	
17.0886	-12.6084	9.8609	0.7720	-0.0745	0.4462	0.1942	-0.1441	0.6848	0.6875	-0.0433	0.0587	-0.0171	
17.1669	-12.6100	9.9078	0.7721	-0.0741	0.4464	0.1818	-0.1237	0.7094	0.6702	-0.0418	0.0570	-0.0219	
17.2427	-12.6199	9.9511	0.7720	-0.0743	0.4463	0.1716	-0.0928	0.7361	0.6481	-0.0430	0.0568	-0.0265	
17.3197	-12.6211	9.9981	0.7720	-0.0739	0.4465	0.1571	-0.0581	0.7595	0.6281	-0.0435	0.0579	-0.0298	
17.3983	-12.6217	10.0481	0.7721	-0.0734	0.4468	0.1355	-0.0235	0.7819	0.6076	-0.0426	0.0598	-0.0330	
17.4733	-12.6283	10.0972	0.7720	-0.0734	0.4471	0.1280	0.0006	0.7982	0.5891	-0.0419	0.0580	-0.0342	
17.5478	-12.6341	10.1437	0.7718	-0.0733	0.4472	0.1171	0.0210	0.8111	0.5734	-0.0398	0.0565	-0.0344	
17.6328	-12.6444	10.1819	0.7723	-0.0735	0.4468	0.0918	0.0542	0.8289	0.5486	-0.0386	0.0592	-0.0372	
17.7084	-12.6489	10.2281	0.7722	-0.0733	0.4469	0.0731	0.0851	0.8385	0.5332	-0.0375	0.0602	-0.0364	
17.7897	-12.6575	10.2726	0.7725	-0.0734	0.4469	0.0570	0.0964	0.8527	0.5116	-0.0336	0.0582	-0.0382	
17.8678	-12.6686	10.3216	0.7725	-0.0736	0.4472	0.0444	0.1099	0.8665	0.4858	-0.0313	0.0563	-0.0405	
17.9443	-12.6766	10.3702	0.7725	-0.0737	0.4474	0.0078	0.1206	0.8815	0.4569	-0.0251	0.0584	-0.0437	
18.0426	-12.6838	10.4215	0.7738	-0.0736	0.4478	0.0211	-0.1262	-0.8948	-0.4284	-0.0285	0.0591	-0.0409	
18.1311	-12.6975	10.4717	0.7745	-0.0740	0.4482	0.0450	-0.1406	-0.9042	-0.4012	-0.0289	0.0603	-0.0393	
18.2158	-12.7063	10.5184	0.7750	-0.0741	0.4483	0.0715	-0.1621	-0.9086	-0.3782	-0.0283	0.0614	-0.0387	
18.3009	-12.7141	10.5734	0.7755	-0.0741	0.4489	0.0940	-0.1816	-0.9115	-0.3571	-0.0270	0.0623	-0.0381	
18.3807	-12.7256	10.6161	0.7756	-0.0744	0.4488	0.1224	-0.1986	-0.9098	-0.3442	-0.0253	0.0641	-0.0340	
18.4655	-12.7324	10.6620	0.7761	-0.0744	0.4489	0.1520	-0.2154	-0.9075	-0.3273	-0.0228	0.0662	-0.0319	
18.5483	-12.7403	10.7047	0.7764	-0.0744	0.4487	0.1904	-0.2256	-0.9034	-0.3117	-0.0178	0.0700	-0.0288	
18.6274	-12.7481	10.7472	0.7765	-0.0744	0.4486	0.2254	-0.2434	-0.8953	-0.2973	-0.0164	0.0724	-0.0262	
18.7079	-12.7549	10.7955	0.7766	-0.0744	0.4488	0.2574	-0.2580	-0.8899	-0.2741	-0.0139	0.0737	-0.0270	
18.7800	-12.7666	10.8323	0.7763	-0.0746	0.4483	0.2856	-0.2711	-0.8827	-0.2573	-0.0122	0.0733	-0.0259	
18.8578	-12.7756	10.8764	0.7763	-0.0747	0.4482	0.3091	-0.2838	-0.8734	-0.2495	-0.0118	0.0712	-0.0227	
18.9365	-12.7778	10.9179	0.7764	-0.0744	0.4480	0.3327	-0.2879	-0.8672	-0.2353	-0.0089	0.0693	-0.0216	
19.0121	-12.7842	10.9632	0.7762	-0.0744	0.4481	0.3731	-0.3017	-0.8469	-0.2291	-0.0087	0.0725	-0.0171	
19.0867	-12.7892	11.0080	0.7761	-0.0742	0.4481	0.4057	-0.2941	-0.8393	-0.2133	-0.0030	0.0721	-0.0159	
19.1675	-12.7921	11.0587	0.7763	-0.0739	0.4484	0.4325	-0.2951	-0.8275	-0.2049	-0.0011	0.0708	-0.0137	
19.2524	-12.8036	11.1023	0.7767	-0.0742	0.4484	0.4621	-0.3033	-0.8088	-0.2015	-0.0017	0.0709	-0.0102	
19.3279	-12.8140	11.1411	0.7766	-0.0744	0.4480	0.4775	-0.3097	-0.8006	-0.1909	-0.0017	0.0676	-0.0104	
19.4067	-12.8186	11.1862	0.7766	-0.0742	0.4480	0.5050	-0.3105	-0.7832	-0.1893	-0.0010	0.0672	-0.0069	
19.4826	-12.8241	11.2239	0.7765	-0.0741	0.4476	0.5371	-0.3202	-0.7615	-0.1688	-0.0004	0.0695	-0.0076	
19.5543	-12.8315	11.2640	0.7762	-0.0741	0.4473	0.5708	-0.3360	-0.7309	-0.1637	-0.0033	0.0721	-0.0049	
19.6279	-12.8459	11.3104	0.7759	-0.0745	0.4474	0.5919	-0.3397	-0.7143	-0.1572	-0.0032	0.0704	-0.0038	
19.7014	-12.8554	11.3511	0.7757	-0.0746	0.4472	0.6153	-0.3505	-0.6908	-0.1459	-0.0042	0.0705	-0.0038	
19.7716	-12.8606	11.3921	0.7753	-0.0745	0.4469	0.6358	-0.3491	-0.6734	-0.1467	-0.0041	0.0685	-0.0010	
19.8466	-12.8685	11.4410	0.7751	-0.0745	0.4472	0.6602	-0.3633	-0.6437	-0.1316	-0.0055	0.0701	-0.0020	
19.9211	-12.8696	11.4854	0.7749	-0.0741	0.4472	0.6882	-0.3736	-0.6097	-0.1200	-0.0066	0.0725	-0.0013	
19.9958	-12.8783	11.5323	0.7748	-0.0742	0.4473	0.7095	-0.3835	-0.5800	-0.1148	-0.0085	0.0726	-0.0004	
20.0720	-12.8848	11.5789	0.7747	-0.0742	0.4474	0.7239	-0.3780	-0.5676	-0.1138	-0.0068	0.0687	0.0014	
20.1459	-12.8852	11.6209	0.7745	-0.0738	0.4473	0.7418	-0.3893	-0.5340	-0.1146	-0.0104	0.0689	0.0025	
20.2254	-12.8909	11.6709	0.7746	-0.0737	0.4476	0.7542	-0.4006	-0.5081	-0.1144	-0.0128	0.0672	0.0023	
20.3015	-12.9011	11.7146	0.7745	-0.0738	0.4475	0.7640	-0.4149	-0.4796	-0.1218	-0.0172	0.0654	0.0026	
20.3753	-12.9018	11.7595	0.7743	-0.0735	0.4475	0.7712	-0.4323	-0.4510	-0.1239	-0.0207	0.0638	0.0013	
20.4487	-12.9104	11.8017	0.7741	-0.0735	0.4474	0.7783	-0.4399	-0.4302	-0.1292	-0.0219	0.0609	0.0018	
20.5252	-12.9234	11.8408	0.7740	-0.0738	0.4470	0.7912	-0.4438	-0.4010	-0.1273	-0.0219	0.0609	0.0030	
20.5995	-12.9268	11.8855	0.7739	-0.0736	0.4470	0.7967	-0.4728	-0.3586	-0.1134	-0.0252	0.0634	-0.0022	
20.6781	-12.9398	11.9291	0.7739	-0.0739	0.4470	0.7976	-0.4838	-0.3390	-0.1285	-0.0282	0.0590	-0.0015	
20.7523	-12.9448	11.9746	0.7738	-0.0738	0.4470	0.7981	-0.5025	-0.3097	-0.1218	-0.0290	0.0586	-0.0046	
20.8294	-12.9528	12.0196	0.7738	-0.0738	0.4470	0.7955	-0.5228	-0.2784	-0.1289	-0.0328	0.0572	-0.0065	
20.9037	-12.9646	12.0639	0.7736	-0.0741	0.4470	0.7907	-0.5477	-0.2513	-0.1103	-0.0314	0.0574	-0.0121	
20.9788	-12.9696	12.1081	0.7735	-0.0739	0.4470	0.7868	-0.5627	-0.2271	-0.1157	-0.0332	0.0550	-0.0127	
21.0529	-12.9704	12.1544	0.7733	-0.0736	0.4471	0.7767	-0.5884	-0.1942	-0.1123	-0.0354	0.0548	-0.0168	
21.1329	-12.9780	12.1937	0.7734	-0.0736	0.4468	0.7731	-0.6048	-0.1571	-0.1065	-0.0364	0.0560	-0.0176	
21.2111	-12.9819	12.2378	0.7735	-0.0734	0.4468	0.7679	-0.6196	-0.1218	-0.1067	-0.0380	0.0561	-0.0179	
21.2845	-12.9911	12.2851	0.7733	-0.0735	0.4469	0.7510	-0.6483	-0.0758	-0.0960	-0.0403	0.0588	-0.0233	
21.3653	-12.9973	12.3323	0.7735	-0.0734	0.4470	0.7322	-0.6740	-0.0327	-0.0878	-0.0422	0.0605	-0.0277	
21.4400	-13.0008	12.3748	0.7733	-0.0732	0.4469	0.7201	-0.6901	0.0013	-0.0714	-0.0402	0.0616	-0.0292	
21.5173	-13.0079	12.4254	0.7733	-0.0732	0.4472	0.7078	-0.7037	0.0253	-0.0636	-0.0384	0.0601	-0.0298	
21.5939	-13.0190	12.4717	0.7733	-0.0734	0.4473	0.6896	-0.7204	0.0557	-0.0483	-0.0366	0.0607	-0.0322	
21.6678	-13.0327	12.5177	0.7731	-0.0738	0.4474	0.6840	-0.7259	0.0719	-0.0443	-0.0344	0.0575	-0.0296	
21.7482	-13.0332	12.5612	0.7733	-0.0734	0.4473	0.6608	-0.7460	0.0833	-0.0376	-0.0319	0.0544	-0.0333	
21.8185	-13.0422	12.6103	0.7729	-0.0735	0.4475	0.6435	-0.7563	0.1137	-0.0301	-0.0324	0.0545	-0.0337	
21.8948	-13.0521	12.6561	0.7728	-0.0736	0.4476	0.6220	-0.7710	0.1361	-0.0141	-0.0300	0.0549	-0.0357	
21.9678	-13.0578	12.7011	0.7726	-0.0735	0.4476	0.5945	-0.7856	0.1689	0.0191	-0.0266	0.0595	-0.0388	
22.0503	-13.0648	12.7478	0.7729	-0.0735	0.4477	0.5753	-0.7919	0.2005	0.0385	-0.0257	0.0612	-0.0383	
22.1252	-13.0742	12.7948	0.7728	-0.0736	0.4478	0.5533	-0.8005	0.2242	0.0539	-0.0244	0.0611	-0.0387	
22.2040	-13.0780	12.8326	0.7728	-0.0734	0.4475	0.5280	-0.8107	0.2391	0.0851	-0.0191	0.0626	-0.0399	
22.2838	-13.0799	12.8704	0.7730	-0.0732	0.4471	0.5017	-0.8171	0.2617	0.1095	-0.0170	0.0639	-0.0405	
22.3560	-13.0864	12.9160	0.7727	-0.0731	0.4472	0.4787	-0.8243	0.2786	0.1206	-0.0164	0.0618	-0.0409	
22.4279	-13.0937	12.9601	0.7724	-0.0731	0.4471	0.4560	-0.8278	0.2962	0.1392	-0.0148	0.0615	-0.0404	
22.5031	-13.1009	13.0081	0.7723	-0.0731	0.4473	0.4400	-0.8289	0.3019	0.1714	-0.0096	0.0622	-0.0375	
22.5812	-13.1137	13.0600	0.7724	-0.0734	0.4477	0.4124	-0.8308	0.3154	0.2004	-0.0065	0.0638	-0.0377	
22.6566	-13.1199	13.0999	0.7723	-0.0733	0.4474	0.3860	-0.8298	0.3346	0.2242	-0.0057	0.0647	-0.0375	
22.7383	-13.1321	13.1455	0.7725	-0.0736	0.4474	0.3610	-0.8332	0.3404	0.2453	-0.0029	0.0637	-0.0375	
22.8113	-13.1393	13.1904	0.7723	-0.0736	0.4475	0.3344	-0.8294	0.3525	0.2756	-0.0006	0.0654	-0.0366	
22.8865	-13.1440	13.2353	0.7722	-0.0734	0.4475	0.3153	-0.8227	0.3572	0.3110	0.0027	0.0670	-0.0333	
22.9656	-13.1517	13.2812	0.7723	-0.0735	0.4475	0.2808	-0.8223	0.3668	0.3321	0.0044	0.0668	-0.0355	
23.0456	-13.1624	13.3233	0.7724	-0.0736	0.4474	0.2574	-0.8174	0.3647	0.3648	0.0083	0.0676	-0.0332	
23.1269	-13.1705	13.3696	0.7726	-0.0737	0.4475	0.2424	-0.8097	0.3666	0.3902	0.0093	0.0667	-0.0299	
23.2022	-13.1773	13.4141	0.7725	-0.0736	0.4475	0.2187	-0.8030	0.3637	0.4188	0.0122	0.0667	-0.0285	
23.2801	-13.1799	13.4582	0.7725	-0.0734	0.4474	0.1951	-0.7908	0.3697	0.4470	0.0128	0.0677	-0.0271	
23.3581	-13.1882	13.5058	0.7726	-0.0734	0.4476	0.1790	-0.7766	0.3826	0.4680	0.0104	0.0671	-0.0251	
23.4312	-13.1933	13.5491	0.7724	-0.0733	0.4475	0.1572	-0.7539	0.3933	0.5019	0.0096	0.0704	-0.0227	
23.5048	-13.2078	13.5911	0.7722	-0.0737	0.4474	0.1390	-0.7336	0.3966	0.5340	0.0098	0.0720	-0.0197	
23.5802	-13.2133	13.6360	0.7721	-0.0736	0.4474	0.1110	-0.7098	0.4109	0.5608	0.0085	0.0743	-0.0201	
23.6544	-13.2162	13.6801	0.7720	-0.0734	0.4473	0.1012	-0.6800	0.4203	0.5925	0.0058	0.0760	-0.0159	
23.7309	-13.2285	13.7259	0.7719	-0.0736	0.4474	0.0966	-0.6518	0.4191	0.6253	0.0046	0.0769	-0.0105	
23.8102	-13.2404	13.7673	0.7720	-0.0738	0.4472	0.0893	-0.6252	0.4271	0.6476	0.0018	0.0762	-0.0082	
23.8794	-13.2472	13.8135	0.7716	-0.0738	0.4473	0.0901	-0.6070	0.4218	0.6688	0.0015	0.0730	-0.0043	
23.9562	-13.2520	13.8532	0.7716	-0.0737	0.4471	0.0759	-0.5835	0.4417	0.6779	-0.0023	0.0710	-0.0067	
24.0346	-13.2613	13.8963	0.7717	-0.0738	0.4470	0.0652	-0.5581	0.4437	0.6983	-0.0027	0.0708	-0.0052	
24.1086	-13.2695	13.9390	0.7715	-0.0738	0.4469	0.0480	-0.5287	0.4456	0.7206	-0.0023	0.0721	-0.0043	
24.1872	-13.2807	13.9791	0.7716	-0.0740	0.4467	0.0531	-0.5096	0.4562	0.7289	-0.0065	0.0676	-0.0036	
24.2652	-13.2894	14.0242	0.7716	-0.0741	0.4467	0.0422	-0.4937	0.4555	0.7402	-0.0052	0.0649	-0.0034	
24.3412	-13.2981	14.0703	0.7716	-0.0741	0.4468	0.0536	-0.4659	0.4533	0.7588	-0.0085	0.0634	0.0011	
24.4164	-13.3066	14.1184	0.7715	-0.0742	0.4469	0.0500	-0.4325	0.4599	0.7738	-0.0111	0.0640	0.0018	
24.4926	-13.3124	14.1606	0.7714	-0.0741	0.4468	0.0542	-0.3976	0.4668	0.7881	-0.0149	0.0640	0.0031	
24.5768	-13.3212	14.2026	0.7718	-0.0742	0.4467	0.0501	-0.3647	0.4776	0.7977	-0.0173	0.0640	0.0021	
24.6528	-13.3254	14.2498	0.7717	-0.0740	0.4468	0.0428	-0.3286	0.4766	0.8141	-0.0174	0.0656	0.0037	
24.7293	-13.3340	14.2957	0.7717	-0.0741	0.4468	0.0466	-0.2942	0.4754	0.8279	-0.0193	0.0654	0.0059	
24.8059	-13.3386	14.3408	0.7717	-0.0739	0.4469	0.0418	-0.2631	0.4864	0.8323	-0.0209	0.0644	0.0037	
24.8808	-13.3469	14.3874	0.7715	-0.0740	0.4470	0.0293	-0.2283	0.4807	0.8460	-0.0191	0.0659	0.0053	
24.9548	-13.3561	14.4331	0.7714	-0.0741	0.4470	0.0294	-0.2005	0.4907	0.8478	-0.0210	0.0637	0.0032	
25.0332	-13.3620	14.4784	0.7715	-0.0740	0.4470	0.0218	-0.1740	0.5034	0.8465	-0.0214	0.0620	-0.0002	
25.1098	-13.3719	14.5250	0.7714	-0.0741	0.4471	0.0261	-0.1472	0.5165	0.8436	-0.0239	0.0594	-0.0028	
25.1849	-13.3773	14.5692	0.7713	-0.0740	0.4471	0.0123	-0.1136	0.5291	0.8408	-0.0236	0.0602	-0.0059	
25.2549	-13.3934	14.6183	0.7710	-0.0744	0.4473	0.0099	-0.0689	0.5464	0.8344	-0.0200	0.0586	-0.0023	
25.3309	-13.4031	14.6639	0.7710	-0.0745	0.4473	0.0124	-0.0384	0.5511	0.8336	-0.0221	0.0577	-0.0022	
25.4113	-13.4101	14.7185	0.7711	-0.0745	0.4478	0.0084	-0.0103	0.5561	0.8311	-0.0215	0.0583	-0.0011	
25.4872	-13.4231	14.7646	0.7711	-0.0748	0.4478	0.0071	0.0194	0.5651	0.8249	-0.0233	0.0574	-0.0020	
25.5617	-13.4376	14.8149	0.7709	-0.0751	0.4481	-0.0042	0.0548	0.5724	0.8179	-0.0228	0.0560	0.0006	
25.6393	-13.4511	14.8598	0.7710	-0.0753	0.4481	0.0084	-0.0794	-0.5792	-0.8116	-0.0230	0.0543	-0.0025	
25.7150	-13.4588	14.9058	0.7709	-0.0753	0.4481	0.0148	-0.1096	-0.5874	-0.8017	-0.0235	0.0546	-0.0063	
25.7908	-13.4663	14.9540	0.7708	-0.0753	0.4483	0.0136	-0.1368	-0.6079	-0.7825	-0.0251	0.0531	-0.0146	
25.8701	-13.4771	15.0010	0.7709	-0.0755	0.4484	0.0249	-0.1608	-0.6287	-0.7607	-0.0229	0.0529	-0.0221	
25.9480	-13.4847	15.0486	0.7710	-0.0755	0.4485	0.0341	-0.1924	-0.6418	-0.7413	-0.0229	0.0544	-0.0255	
26.0247	-13.4915	15.0966	0.7710	-0.0755	0.4487	0.0376	-0.2193	-0.6614	-0.7163	-0.0231	0.0540	-0.0309	
26.0981	-13.5000	15.1467	0.7708	-0.0755	0.4489	0.0522	-0.2338	-0.6860	-0.6875	-0.0187	0.0529	-0.0370	
26.1724	-13.5142	15.1881	0.7707	-0.0758	0.4487	0.0683	-0.2705	-0.6977	-0.6593	-0.0188	0.0567	-0.0393	
26.2441	-13.5217	15.2352	0.7704	-0.0758	0.4488	0.0896	-0.2850	-0.7148	-0.6326	-0.0139	0.0566	-0.0417	
26.3232	-13.5295	15.2810	0.7705	-0.0758	0.4489	0.1113	-0.3101	-0.7183	-0.6128	-0.0119	0.0582	-0.0400	
26.3972	-13.5353	15.3246	0.7704	-0.0757	0.4488	0.1204	-0.3319	-0.7280	-0.5877	-0.0116	0.0577	-0.0409	
26.4727	-13.5408	15.3680	0.7703	-0.0756	0.4487	0.1401	-0.3447	-0.7408	-0.5595	-0.0078	0.0576	-0.0422	
26.5482	-13.5471	15.4070	0.7703	-0.0756	0.4485	0.1728	-0.3606	-0.7454	-0.5334	-0.0032	0.0598	-0.0411	
26.6289	-13.5530	15.4531	0.7704	-0.0755	0.4485	0.1893	-0.3810	-0.7509	-0.5050	-0.0025	0.0603	-0.0414	
26.7050	-13.5563	15.4980	0.7704	-0.0753	0.4486	0.2280	-0.4043	-0.7459	-0.4775	0.0005	0.0647	-0.0389	
26.7806	-13.5652	15.5394	0.7703	-0.0754	0.4484	0.2509	-0.4203	-0.7444	-0.4544	0.0018	0.0649	-0.0369	
26.8616	-13.5751	15.5849	0.7705	-0.0755	0.4484	0.2648	-0.4371	-0.7462	-0.4268	0.0019	0.0642	-0.0372	
26.9361	-13.5861	15.6273	0.7704	-0.0756	0.4483	0.2967	-0.4473	-0.7410	-0.4039	0.0051	0.0655	-0.0340	
27.0127	-13.5929	15.6662	0.7704	-0.0756	0.4481	0.3259	-0.4491	-0.7433	-0.3740	0.0099	0.0659	-0.0332	
27.0911	-13.6012	15.7148	0.7704	-0.0756	0.4482	0.3357	-0.4555	-0.7415	-0.3633	0.0089	0.0619	-0.0302	
27.1674	-13.6101	15.7548	0.7704	-0.0757	0.4480	0.3637	-0.4628	-0.7379	-0.3294	0.0118	0.0638	-0.0302	
27.2425	-13.6176	15.7987	0.7703	-0.0757	0.4480	0.3808	-0.4711	-0.7349	-0.3057	0.0120	0.0628	-0.0293	
27.3218	-13.6255	15.8421	0.7704	-0.0757	0.4479	0.4114	-0.4848	-0.7209	-0.2747	0.0126	0.0660	-0.0278	
27.3980	-13.6289	15.8846	0.7704	-0.0755	0.4478	0.4336	-0.4781	-0.7255	-0.2396	0.0178	0.0652	-0.0286	
27.4754	-13.6325	15.9223	0.7704	-0.0754	0.4475	0.4711	-0.4833	-0.7049	-0.2190	0.0180	0.0681	-0.0231	
27.5508	-13.6399	15.9683	0.7703	-0.0754	0.4476	0.5049	-0.4806	-0.6893	-0.1981	0.0196	0.0694	-0.0188	
27.6243	-13.6479	16.0104	0.7702	-0.0754	0.4475	0.5357	-0.4783	-0.6757	-0.1647	0.0221	0.0714	-0.0178	
27.7034	-13.6534	16.0558	0.7703	-0.0753	0.4475	0.5705	-0.4791	-0.6517	-0.1426	0.0218	0.0737	-0.0137	
27.7780	-13.6637	16.1010	0.7701	-0.0754	0.4475	0.5971	-0.4805	-0.6321	-0.1126	0.0220	0.0751	-0.0130	
27.8542	-13.6746	16.1440	0.7701	-0.0756	0.4475	0.6124	-0.4912	-0.6125	-0.0999	0.0174	0.0730	-0.0118	
27.9349	-13.6808	16.1885	0.7703	-0.0755	0.4474	0.6329	-0.4915	-0.5920	-0.0947	0.0145	0.0710	-0.0078	
28.0135	-13.6906	16.2319	0.7703	-0.0756	0.4474	0.6552	-0.4882	-0.5705	-0.0895	0.0124	0.0696	-0.0036	
28.0886	-13.7002	16.2807	0.7703	-0.0757	0.4476	0.6823	-0.4836	-0.5427	-0.0787	0.0112	0.0705	0.0002	
28.1655	-13.7067	16.3252	0.7702	-0.0756	0.4475	0.6971	-0.4814	-0.5273	-0.0760	0.0092	0.0672	0.0021	
28.2430	-13.7199	16.3710	0.7703	-0.0759	0.4476	0.7190	-0.4808	-0.4974	-0.0671	0.0068	0.0678	0.0045	
28.3199	-13.7273	16.4153	0.7703	-0.0759	0.4476	0.7360	-0.4857	-0.4680	-0.0630	0.0028	0.0673	0.0057	
28.3980	-13.7323	16.4617	0.7703	-0.0757	0.4476	0.7470	-0.4878	-0.4494	-0.0553	0.0015	0.0649	0.0052	
28.4771	-13.7383	16.5048	0.7704	-0.0757	0.4476	0.7661	-0.4847	-0.4196	-0.0428	0.0008	0.0659	0.0067	
28.5518	-13.7460	16.5512	0.7703	-0.0757	0.4476	0.7896	-0.4780	-0.3825	-0.0387	-0.0015	0.0675	0.0104	
28.6326	-13.7546	16.5958	0.7704	-0.0757	0.4476	0.8060	-0.4731	-0.3544	-0.0325	-0.0025	0.0671	0.0118	
28.7103	-13.7602	16.6427	0.7705	-0.0756	0.4477	0.8228	-0.4689	-0.3200	-0.0178	-0.0028	0.0686	0.0122	
28.7840	-13.7670	16.6888	0.7703	-0.0756	0.4478	0.8296	-0.4754	-0.2938	0.0013	-0.0029	0.0680	0.0086	
28.8588	-13.7739	16.7342	0.7702	-0.0756	0.4478	0.8387	-0.4783	-0.2617	-0.0006	-0.0070	0.0668	0.0087	
28.9368	-13.7791	16.7798	0.7703	-0.0755	0.4478	0.8481	-0.4825	-0.2177	0.0097	-0.0099	0.0690	0.0076	
29.0190	-13.7869	16.8217	0.7705	-0.0755	0.4477	0.8570	-0.4809	-0.1832	0.0244	-0.0098	0.0697	0.0072	
29.0950	-13.7912	16.8653	0.7705	-0.0754	0.4477	0.8594	-0.4917	-0.1357	0.0326	-0.0139	0.0716	0.0042	
29.1678	-13.8014	16.9058	0.7703	-0.0755	0.4475	0.8568	-0.5038	-0.1016	0.0462	-0.0149	0.0712	-0.0001	
29.2459	-13.8083	16.9499	0.7703	-0.0755	0.4475	0.8637	-0.4990	-0.0704	0.0359	-0.0184	0.0688	0.0025	
29.3226	-13.8133	16.9969	0.7703	-0.0754	0.4476	0.8652	-0.4987	-0.0322	0.0390	-0.0202	0.0689	0.0023	
29.3987	-13.8215	17.0397	0.7703	-0.0754	0.4475	0.8667	-0.4971	0.0072	0.0397	-0.0225	0.0690	0.0025	
29.4734	-13.8323	17.0778	0.7702	-0.0755	0.4472	0.8625	-0.5010	0.0492	0.0476	-0.0237	0.0700	0.0005	
29.5504	-13.8410	17.1233	0.7702	-0.0756	0.4473	0.8560	-0.5101	0.0750	0.0516	-0.0233	0.0675	-0.0027	
29.6281	-13.8461	17.1723	0.7702	-0.0755	0.4474	0.8496	-0.5146	0.1060	0.0518	-0.0243	0.0661	-0.0044	
29.7017	-13.8567	17.2147	0.7701	-0.0756	0.4473	0.8398	-0.5220	0.1387	0.0566	-0.0246	0.0655	-0.0070	
29.7770	-13.8654	17.2633	0.7700	-0.0756	0.4475	0.8254	-0.5342	0.1743	0.0568	-0.0260	0.0652	-0.0110	
29.8549	-13.8709	17.3085	0.7700	-0.0755	0.4475	0.8136	-0.5429	0.2009	0.0607	-0.0253	0.0636	-0.0133	
29.9322	-13.8728	17.3527	0.7701	-0.0753	0.4475	0.8039	-0.5511	0.2161	0.0695	-0.0221	0.0607	-0.0147	
30.0077	-13.8798	17.3984	0.7700	-0.0753	0.4475	0.7901	-0.5580	0.2444	0.0703	-0.0227	0.0598	-0.0165	
30.0820	-13.8907	17.4424	0.7699	-0.0754	0.4475	0.7791	-0.5591	0.2705	0.0869	-0.0199	0.0602	-0.0161	
30.1588	-13.8957	17.4862	0.7699	-0.0753	0.4474	0.7560	-0.5786	0.2898	0.1023	-0.0159	0.0596	-0.0213	
30.2347	-13.9001	17.5319	0.7698	-0.0752	0.4475	0.7362	-0.5871	0.3134	0.1228	-0.0124	0.0605	-0.0231	
30.3141	-13.9077	17.5767	0.7699	-0.0752	0.4475	0.7136	-0.5977	0.3398	0.1338	-0.0114	0.0609	-0.0256	
30.3897	-13.9146	17.6202	0.7699	-0.0752	0.4474	0.6917	-0.6049	0.3664	0.1459	-0.0106	0.0613	-0.0271	
30.4696	-13.9182	17.6686	0.7700	-0.0751	0.4476	0.6773	-0.6092	0.3871	0.1452	-0.0119	0.0589	-0.0270	
30.5475	-13.9253	17.7131	0.7700	-0.0750	0.4476	0.6508	-0.6247	0.4020	0.1581	-0.0084	0.0582	-0.0301	
30.6264	-13.9330	17.7594	0.7701	-0.0750	0.4476	0.6261	-0.6344	0.4229	0.1637	-0.0081	0.0575	-0.0321	
30.7050	-13.9412	17.8018	0.7702	-0.0751	0.4475	0.6019	-0.6447	0.4306	0.1937	-0.0012	0.0581	-0.0318	
30.7801	-13.9489	17.8458	0.7701	-0.0751	0.4475	0.5720	-0.6510	0.4563	0.2011	-0.0021	0.0588	-0.0339	
30.8582	-13.9562	17.8956	0.7701	-0.0751	0.4477	0.5454	-0.6552	0.4732	0.2221	0.0006	0.0599	-0.0335	
30.9360	-13.9611	17.9380	0.7702	-0.0750	0.4476	0.5137	-0.6509	0.4984	0.2521	0.0029	0.0640	-0.0321	
31.0133	-13.9692	17.9810	0.7702	-0.0750	0.4475	0.4776	-0.6585	0.5171	0.2656	0.0042	0.0646	-0.0347	
31.0924	-13.9777	18.0281	0.7703	-0.0750	0.4476	0.4479	-0.6565	0.5357	0.2849	0.0051	0.0657	-0.0338	
31.1711	-13.9863	18.0733	0.7703	-0.0751	0.4476	0.4220	-0.6536	0.5494	0.3052	0.0064	0.0660	-0.0319	
31.2495	-13.9959	18.1181	0.7704	-0.0751	0.4476	0.3916	-0.6454	0.5666	0.3298	0.0074	0.0681	-0.0299	
31.3262	-14.0014	18.1602	0.7704	-0.0751	0.4475	0.3541	-0.6349	0.5882	0.3533	0.0077	0.0712	-0.0294	
31.3969	-14.0077	18.2089	0.7701	-0.0750	0.4477	0.3163	-0.6166	0.6085	0.3859	0.0085	0.0758	-0.0269	
31.4788	-14.0165	18.2518	0.7703	-0.0751	0.4476	0.2923	-0.6081	0.6164	0.4070	0.0092	0.0749	-0.0243	
31.5565	-14.0227	18.2958	0.7703	-0.0750	0.4476	0.2580	-0.6006	0.6227	0.4301	0.0114	0.0756	-0.0234	
31.6310	-14.0279	18.3403	0.7702	-0.0749	0.4476	0.2327	-0.5834	0.6232	0.4666	0.0136	0.0773	-0.0179	
31.7079	-14.0360	18.3840	0.7702	-0.0750	0.4475	0.1981	-0.5801	0.6141	0.4976	0.0190	0.0777	-0.0160	
31.7851	-14.0471	18.4309	0.7702	-0.0751	0.4476	0.1748	-0.5631	0.6174	0.5213	0.0181	0.0773	-0.0132	
31.8625	-14.0530	18.4759	0.7702	-0.0750	0.4476	0.1572	-0.5457	0.6099	0.5537	0.0189	0.0770	-0.0077	
31.9399	-14.0593	18.5210	0.7703	-0.0750	0.4476	0.1426	-0.5345	0.6051	0.5738	0.0186	0.0741	-0.0051	
32.0218	-14.0670	18.5691	0.7704	-0.0750	0.4478	0.1198	-0.5172	0.6008	0.5979	0.0188	0.0739	-0.0029	
32.0960	-14.0730	18.6171	0.7703	-0.0749	0.4479	0.0963	-0.5002	0.5935	0.6232	0.0197	0.0739	-0.0005	
32.1731	-14.0784	18.6583	0.7703	-0.0749	0.4478	0.0719	-0.4850	0.5864	0.6450	0.0205	0.0734	0.0009	
32.2506	-14.0878	18.7024	0.7704	-0.0749	0.4477	0.0474	-0.4632	0.5857	0.6635	0.0191	0.0735	0.0013	
32.3244	-14.0998	18.7465	0.7702	-0.0751	0.4477	0.0308	-0.4358	0.5837	0.6846	0.0218	0.0734	-0.0009	
32.4032	-14.1079	18.7916	0.7703	-0.0751	0.4477	0.0117	-0.4167	0.5860	0.6955	0.0197	0.0717	-0.0008	
32.4777	-14.1204	18.8336	0.7702	-0.0753	0.4476	0.0120	0.3907	-0.5798	-0.7148	0.0194	0.0716	-0.0022	
32.5558	-14.1327	18.8763	0.7702	-0.0755	0.4475	0.0320	0.3612	-0.5785	-0.7308	0.0180	0.0722	-0.0036	
32.6306	-14.1390	18.9238	0.7702	-0.0754	0.4476	0.0476	0.3389	-0.5774	-0.7419	0.0155	0.0716	-0.0048	
32.7021	-14.1490	18.9700	0.7700	-0.0755	0.4477	0.0699	0.3143	-0.5744	-0.7527	0.0139	0.0717	-0.0047	
32.7748	-14.1559	19.0137	0.7698	-0.0755	0.4477	0.0789	0.2875	-0.5685	-0.7674	0.0090	0.0709	-0.0023	
32.8499	-14.1671	19.0580	0.7698	-0.0756	0.4476	0.0864	0.2448	-0.5623	-0.7854	0.0015	0.0741	0.0006	
32.9268	-14.1735	19.1030	0.7698	-0.0756	0.4476	0.0868	0.2071	-0.5676	-0.7928	-0.0058	0.0726	-0.0009	
33.0072	-14.1800	19.1491	0.7699	-0.0755	0.4477	0.0972	0.1754	-0.5537	-0.8084	-0.0070	0.0727	0.0039	
33.0811	-14.1875	19.1971	0.7698	-0.0755	0.4478	0.0997	0.1482	-0.5417	-0.8219	-0.0090	0.0704	0.0076	
33.1581	-14.1961	19.2412	0.7698	-0.0756	0.4478	0.0938	0.0994	-0.5306	-0.8366	-0.0158	0.0721	0.0107	
33.2353	-14.2012	19.2863	0.7698	-0.0755	0.4478	0.0947	0.0654	-0.5300	-0.8405	-0.0184	0.0703	0.0093	
33.3132	-14.2080	19.3302	0.7698	-0.0755	0.4478	0.0937	0.0427	-0.5251	-0.8455	-0.0191	0.0664	0.0096	
33.3874	-14.2128	19.3760	0.7697	-0.0754	0.4478	0.1102	-0.0027	-0.5191	-0.8472	-0.0196	0.0698	0.0084	
33.4644	-14.2236	19.4191	0.7697	-0.0755	0.4477	0.1059	-0.0392	-0.5021	-0.8576	-0.0223	0.0691	0.0119	
33.5441	-14.2308	19.4602	0.7698	-0.0755	0.4476	0.1017	-0.0774	-0.4914	-0.8616	-0.0251	0.0686	0.0127	
33.6234	-14.2393	19.5073	0.7699	-0.0755	0.4477	0.1120	-0.1051	-0.4924	-0.8573	-0.0235	0.0670	0.0095	
33.7016	-14.2467	19.5531	0.7699	-0.0755	0.4477	0.1010	-0.1391	-0.4943	-0.8527	-0.0269	0.0648	0.0068	
33.7813	-14.2558	19.5981	0.7700	-0.0755	0.4477	0.1197	-0.1813	-0.4883	-0.8450	-0.0255	0.0677	0.0051	
33.8589	-14.2636	19.6413	0.7700	-0.0756	0.4477	0.1171	-0.2182	-0.4765	-0.8436	-0.0275	0.0674	0.0061	
33.9355	-14.2680	19.6826	0.7700	-0.0755	0.4476	0.1210	-0.2595	-0.4833	-0.8275	-0.0281	0.0684	0.0007	
34.0113	-14.2789	19.7301	0.7700	-0.0756	0.4477	0.1368	-0.2887	-0.4724	-0.8217	-0.0255	0.0683	0.0016	
34.0873	-14.2860	19.7737	0.7699	-0.0756	0.4476	0.1296	-0.3064	-0.4792	-0.8136	-0.0251	0.0634	-0.0015	
34.1656	-14.2947	19.8168	0.7700	-0.0756	0.4476	0.1468	-0.3458	-0.4815	-0.7917	-0.0230	0.0665	-0.0055	
34.2442	-14.2976	19.8606	0.7700	-0.0754	0.4475	0.1418	-0.3703	-0.4881	-0.7782	-0.0232	0.0637	-0.0085	
34.3196	-14.3056	19.9054	0.7700	-0.0754	0.4475	0.1453	-0.3922	-0.4826	-0.7700	-0.0224	0.0616	-0.0077	
34.3961	-14.3087	19.9542	0.7700	-0.0753	0.4477	0.1437	-0.4167	-0.4828	-0.7571	-0.0225	0.0599	-0.0091	
34.4739	-14.3189	19.9948	0.7700	-0.0754	0.4475	0.1493	-0.4332	-0.4898	-0.7424	-0.0195	0.0576	-0.0113	
34.5506	-14.3234	20.0404	0.7700	-0.0753	0.4476	0.1498	-0.4574	-0.4939	-0.7243	-0.0190	0.0568	-0.0136	
34.6284	-14.3296	20.0862	0.7700	-0.0752	0.4476	0.1691	-0.4807	-0.5007	-0.6999	-0.0144	0.0584	-0.0160	
34.7033	-14.3356	20.1277	0.7700	-0.0752	0.4475	0.1767	-0.5096	-0.5092	-0.6705	-0.0129	0.0601	-0.0198	
34.7765	-14.3410	20.1768	0.7698	-0.0751	0.4476	0.1878	-0.5287	-0.5197	-0.6445	-0.0096	0.0601	-0.0224	
34.8508	-14.3515	20.2205	0.7697	-0.0752	0.4476	0.2046	-0.5503	-0.5192	-0.6210	-0.0072	0.0611	-0.0220	
34.9296	-14.3571	20.2648	0.7698	-0.0752	0.4476	0.2107	-0.5726	-0.5252	-0.5931	-0.0062	0.0613	-0.0242	
35.0061	-14.3637	20.3085	0.7698	-0.0751	0.4475	0.2118	-0.5898	-0.5317	-0.5701	-0.0057	0.0596	-0.0257	
35.0815	-14.3710	20.3537	0.7697	-0.0751	0.4476	0.2372	-0.6129	-0.5357	-0.5297	-0.0012	0.0639	-0.0271	
35.1556	-14.3790	20.3998	0.7696	-0.0751	0.4476	0.2649	-0.6324	-0.5286	-0.5004	0.0017	0.0664	-0.0245	
35.2338	-14.3850	20.4409	0.7697	-0.0751	0.4475	0.2779	-0.6517	-0.5312	-0.4642	0.0033	0.0677	-0.0260	
35.3084	-14.3915	20.4854	0.7696	-0.0751	0.4475	0.2796	-0.6643	-0.5426	-0.4320	0.0047	0.0659	-0.0289	
35.3852	-14.3981	20.5287	0.7696	-0.0750	0.4474	0.2985	-0.6683	-0.5541	-0.3971	0.0101	0.0655	-0.0293	
35.4601	-14.4066	20.5756	0.7695	-0.0751	0.4475	0.3103	-0.6848	-0.5455	-0.3708	0.0087	0.0655	-0.0275	
35.5345	-14.4128	20.6202	0.7694	-0.0750	0.4475	0.3312	-0.6925	-0.5403	-0.3453	0.0103	0.0654	-0.0244	
35.6143	-14.4191	20.6626	0.7695	-0.0750	0.4474	0.3449	-0.7083	-0.5318	-0.3100	0.0099	0.0669	-0.0242	
35.6914	-14.4270	20.7076	0.7695	-0.0750	0.4474	0.3623	-0.7127	-0.5338	-0.2755	0.0130	0.0671	-0.0236	
35.7679	-14.4362	20.7536	0.7695	-0.0750	0.4475	0.3746	-0.7162	-0.5330	-0.2518	0.0138	0.0651	-0.0221	
35.8427	-14.4464	20.7979	0.7695	-0.0751	0.4474	0.4002	-0.7166	-0.5257	-0.2243	0.0159	0.0656	-0.0183	
35.9195	-14.4520	20.8414	0.7695	-0.0751	0.4474	0.4356	-0.7082	-0.5200	-0.1973	0.0201	0.0666	-0.0125	
35.9959	-14.4583	20.8864	0.7694	-0.0750	0.4474	0.4467	-0.7109	-0.5161	-0.1708	0.0198	0.0651	-0.0126	
36.0733	-14.4640	20.9321	0.7695	-0.0750	0.4475	0.4763	-0.7026	-0.5075	-0.1505	0.0214	0.0648	-0.0073	
36.1531	-14.4728	20.9752	0.7695	-0.0750	0.4474	0.5118	-0.6989	-0.4829	-0.1303	0.0203	0.0667	-0.0007	
36.2266	-14.4792	21.0215	0.7694	-0.0750	0.4474	0.5396	-0.6933	-0.4652	-0.1098	0.0196	0.0671	0.0033	
36.3022	-14.4871	21.0677	0.7694	-0.0750	0.4475	0.5697	-0.6878	-0.4407	-0.0908	0.0180	0.0681	0.0078	
36.3788	-14.4953	21.1140	0.7694	-0.0750	0.4475	0.5955	-0.6850	-0.4143	-0.0649	0.0163	0.0700	0.0100	
36.4557	-14.5014	21.1591	0.7694	-0.0750	0.4476	0.6283	-0.6732	-0.3869	-0.0526	0.0143	0.0703	0.0159	
36.5321	-14.5053	21.2033	0.7694	-0.0749	0.4475	0.6466	-0.6698	-0.3639	-0.0269	0.0132	0.0709	0.0155	
36.6085	-14.5088	21.2468	0.7693	-0.0747	0.4475	0.6716	-0.6570	-0.3428	-0.0106	0.0125	0.0705	0.0186	
36.6878	-14.5151	21.2919	0.7694	-0.0747	0.4475	0.6925	-0.6512	-0.3098	0.0121	0.0100	0.0721	0.0195	
36.7679	-14.5232	21.3336	0.7695	-0.0747	0.4474	0.7091	-0.6446	-0.2851	0.0287	0.0081	0.0713	0.0200	
36.8453	-14.5272	21.3801	0.7695	-0.0746	0.4475	0.7282	-0.6331	-0.2609	0.0383	0.0059	0.0698	0.0220	
36.9220	-14.5332	21.4217	0.7695	-0.0746	0.4474	0.7455	-0.6264	-0.2221	0.0506	0.0015	0.0707	0.0229	
36.9988	-14.5410	21.4653	0.7695	-0.0746	0.4473	0.7655	-0.6128	-0.1858	0.0611	-0.0016	0.0712	0.0254	
37.0786	-14.5489	21.5071	0.7696	-0.0746	0.4472	0.7757	-0.6072	-0.1515	0.0809	-0.0032	0.0720	0.0237	
37.1578	-14.5536	21.5539	0.7697	-0.0745	0.4473	0.7815	-0.6058	-0.1151	0.0968	-0.0060	0.0723	0.0209	
37.2357	-14.5599	21.6011	0.7697	-0.0745	0.4474	0.7962	-0.5887	-0.0929	0.1075	-0.0058	0.0706	0.0230	
37.3136	-14.5676	21.6443	0.7697	-0.0745	0.4473	0.8029	-0.5798	-0.0598	0.1246	-0.0069	0.0710	0.0217	
37.3893	-14.5747	21.6897	0.7697	-0.0745	0.4474	0.8127	-0.5668	-0.0209	0.1330	-0.0102	0.0714	0.0223	
37.4665	-14.5853	21.7346	0.7697	-0.0746	0.4474	0.8133	-0.5635	0.0030	0.1482	-0.0097	0.0698	0.0191	
37.5428	-14.5917	21.7790	0.7697	-0.0745	0.4474	0.8190	-0.5510	0.0444	0.1537	-0.0136	0.0704	0.0191	
37.6199	-14.5960	21.8214	0.7697	-0.0744	0.4473	0.8313	-0.5324	0.0729	0.1459	-0.0174	0.0676	0.0220	
37.6950	-14.6010	21.8656	0.7696	-0.0744	0.4473	0.8320	-0.5223	0.1083	0.1526	-0.0191	0.0675	0.0205	
37.7703	-14.6073	21.9101	0.7696	-0.0743	0.4473	0.8329	-0.5140	0.1403	0.1517	-0.0215	0.0660	0.0189	
37.8464	-14.6143	21.9558	0.7696	-0.0743	0.4473	0.8363	-0.4992	0.1755	0.1446	-0.0254	0.0648	0.0192	
37.9266	-14.6208	21.9978	0.7697	-0.0743	0.4472	0.8280	-0.4926	0.2172	0.1561	-0.0257	0.0667	0.0158	
38.0014	-14.6279	22.0445	0.7696	-0.0743	0.4473	0.8172	-0.4886	0.2573	0.1653	-0.0261	0.0680	0.0119	
38.0768	-14.6346	22.0878	0.7695	-0.0742	0.4472	0.8073	-0.4803	0.2934	0.1773	-0.0253	0.0690	0.0097	
38.1525	-14.6416	22.1355	0.7695	-0.0742	0.4473	0.8039	-0.4679	0.3225	0.1770	-0.0264	0.0673	0.0097	
38.2324	-14.6499	22.1754	0.7696	-0.0743	0.4472	0.7921	-0.4622	0.3568	0.1787	-0.0271	0.0672	0.0069	
38.3099	-14.6545	22.2188	0.7696	-0.0742	0.4471	0.7849	-0.4483	0.3933	0.1687	-0.0310	0.0662	0.0064	
38.3852	-14.6636	22.2639	0.7696	-0.0742	0.4471	0.7722	-0.4457	0.4161	0.1818	-0.0270	0.0654	0.0043	
38.4618	-14.6691	22.3071	0.7695	-0.0742	0.4471	0.7618	-0.4411	0.4442	0.1696	-0.0296	0.0629	0.0018	
