-1.3653	-11.9322	-0.2047	0.0000	0.0000	0.0000	0.2380	-0.3805	-0.5992	0.6630	0.0000	0.0000	0.0000	
-0.7710	-11.4422	0.1268	0.0588	0.0485	0.0328	0.2627	-0.4078	-0.5303	0.7007	-0.0200	0.0110	-0.0262	
-0.4682	-11.3281	0.0751	0.1359	0.0778	0.0208	0.2719	-0.4640	-0.4546	0.7129	-0.1165	0.0140	-0.1192	
-0.1350	-11.2500	0.0339	0.2829	0.1115	0.0085	0.3230	-0.5138	-0.4255	0.6796	-0.1490	-0.0059	-0.0441	
0.0169	-11.2036	0.0316	0.3665	0.1368	0.0108	0.3679	-0.5200	-0.4468	0.6412	-0.1165	-0.0051	0.0179	
0.1166	-11.1954	0.0546	0.4211	0.1374	0.0302	0.3704	-0.5711	-0.3921	0.6218	-0.1168	-0.0212	-0.0139	
0.2601	-11.3075	0.1200	0.5179	0.0301	0.0884	0.4035	-0.5635	-0.3643	0.6275	-0.1051	0.0022	-0.0069	
0.4066	-11.2582	0.1978	0.6240	0.0787	0.1606	0.4200	-0.5810	-0.3438	0.6083	-0.0971	-0.0021	-0.0071	
0.5095	-11.2217	0.3159	0.6690	0.1063	0.2698	0.4590	-0.5962	-0.2697	0.6006	-0.1075	0.0085	-0.0179	
0.6754	-11.2166	0.4642	0.7800	0.1035	0.4002	0.4719	-0.6295	-0.2031	0.5825	-0.1118	0.0048	-0.0295	
0.7829	-11.2841	0.5503	0.8170	0.0293	0.4462	0.4758	-0.6532	-0.1921	0.5618	-0.1022	-0.0035	-0.0266	
0.9154	-11.3691	0.5626	0.8642	-0.0556	0.4156	0.4995	-0.6673	-0.1517	0.5308	-0.1047	-0.0036	-0.0240	
0.9679	-11.4508	0.6052	0.8318	-0.1257	0.4158	0.5089	-0.6864	-0.1056	0.5087	-0.1043	-0.0046	-0.0270	
1.1103	-11.4256	0.6811	0.8838	-0.0933	0.4489	0.5471	-0.6854	-0.0721	0.4760	-0.1060	-0.0014	-0.0203	
1.2807	-11.5140	0.7168	0.9565	-0.1635	0.4424	0.5727	-0.6842	-0.0363	0.4510	-0.1056	0.0014	-0.0170	
1.4073	-11.5974	0.8646	0.9821	-0.2195	0.5313	0.5934	-0.6898	0.0063	0.4139	-0.1077	0.0004	-0.0163	
1.5699	-11.6898	0.9763	1.0325	-0.2769	0.5802	0.6237	-0.6838	0.0377	0.3775	-0.1085	0.0013	-0.0113	
1.7321	-11.7573	1.1162	1.0796	-0.3090	0.6446	0.6388	-0.6853	0.0756	0.3416	-0.1085	0.0006	-0.0114	
1.8317	-11.7906	1.2280	1.0744	-0.3114	0.6791	0.6612	-0.6750	0.0994	0.3152	-0.1056	0.0019	-0.0075	
1.9287	-11.8919	1.4062	1.0691	-0.3617	0.7578	0.6701	-0.6726	0.1362	0.2836	-0.1049	0.0014	-0.0088	
2.0418	-12.0132	1.4856	1.0718	-0.4188	0.7614	0.6828	-0.6654	0.1798	0.2402	-0.1078	0.0011	-0.0084	
2.0776	-11.9921	1.5557	1.0217	-0.3740	0.7565	0.7039	-0.6506	0.2101	0.1921	-0.1098	-0.0004	-0.0046	
2.1428	-12.0285	1.6905	0.9965	-0.3712	0.7934	0.7202	-0.6382	0.2335	0.1402	-0.1109	-0.0037	-0.0021	
2.2420	-12.0921	1.7288	0.9928	-0.3845	0.7684	0.7434	-0.6144	0.2510	0.0838	-0.1127	-0.0071	0.0047	
2.3960	-12.1142	1.7918	1.0226	-0.3744	0.7604	0.7552	-0.5932	0.2762	0.0280	-0.1141	-0.0090	0.0072	
2.4084	-12.1648	1.9100	0.9725	-0.3802	0.7837	0.7643	-0.5708	0.3002	-0.0157	-0.1141	-0.0102	0.0087	
2.4636	-12.2263	2.0093	0.9506	-0.3932	0.7951	0.7681	-0.5490	0.3263	-0.0541	-0.1129	-0.0099	0.0092	
2.5167	-12.3009	2.0778	0.9294	-0.4116	0.7893	0.7745	-0.5224	0.3464	-0.0914	-0.1112	-0.0106	0.0117	
2.5982	-12.3781	2.1166	0.9231	-0.4284	0.7688	0.7795	-0.4917	0.3603	-0.1436	-0.1118	-0.0142	0.0147	
2.7303	-12.4208	2.1727	0.9413	-0.4263	0.7579	0.7898	-0.4527	0.3604	-0.2036	-0.1124	-0.0208	0.0200	
2.7991	-12.4377	2.2820	0.9295	-0.4137	0.7734	0.7965	-0.4153	0.3674	-0.2431	-0.1104	-0.0228	0.0232	
2.8551	-12.4900	2.3161	0.9130	-0.4176	0.7530	0.7966	-0.3837	0.3665	-0.2906	-0.1089	-0.0274	0.0244	
2.9493	-12.5291	2.3743	0.9145	-0.4156	0.7445	0.8037	-0.3471	0.3498	-0.3358	-0.1052	-0.0347	0.0275	
3.0188	-12.5693	2.4347	0.9052	-0.4141	0.7382	0.7960	-0.3072	0.3527	-0.3835	-0.1061	-0.0369	0.0281	
3.1199	-12.6144	2.4599	0.9101	-0.4148	0.7170	0.7902	-0.2747	0.3376	-0.4323	-0.1039	-0.0427	0.0277	
3.2593	-12.6803	2.5255	0.9299	-0.4237	0.7139	0.7773	-0.2289	0.3203	-0.4895	-0.1051	-0.0492	0.0283	
3.3318	-12.7282	2.6262	0.9220	-0.4256	0.7254	0.7699	-0.1833	0.2970	-0.5342	-0.1036	-0.0553	0.0291	
3.4580	-12.7655	2.7093	0.9354	-0.4239	0.7288	0.7647	-0.1498	0.2639	-0.5702	-0.0982	-0.0614	0.0276	
3.5571	-12.8330	2.7753	0.9381	-0.4332	0.7257	0.7533	-0.1056	0.2173	-0.6120	-0.0952	-0.0713	0.0263	
3.6610	-12.9120	2.7961	0.9417	-0.4469	0.7067	0.7344	-0.0726	0.2048	-0.6439	-0.0931	-0.0704	0.0249	
3.7570	-12.9661	2.9023	0.9430	-0.4500	0.7190	0.7102	-0.0290	0.1536	-0.6859	-0.0926	-0.0792	0.0216	
3.8346	-13.0295	2.9793	0.9375	-0.4567	0.7205	0.6868	0.0050	0.1054	-0.7193	-0.0903	-0.0849	0.0170	
3.9247	-13.0538	3.0353	0.9364	-0.4495	0.7149	0.6721	0.0490	0.0684	-0.7364	-0.0865	-0.0884	0.0172	
3.9995	-13.1096	3.1349	0.9302	-0.4538	0.7242	0.6470	0.0778	0.0169	-0.7588	-0.0835	-0.0921	0.0117	
4.0772	-13.1665	3.2484	0.9253	-0.4581	0.7375	0.6109	0.1008	-0.0342	-0.7846	-0.0831	-0.0941	0.0051	
4.1591	-13.2134	3.3209	0.9221	-0.4588	0.7370	0.5767	0.1245	-0.0814	-0.8035	-0.0821	-0.0953	0.0001	
4.2296	-13.2801	3.3881	0.9153	-0.4657	0.7350	0.5413	0.1550	-0.1297	-0.8160	-0.0809	-0.0977	-0.0034	
4.3168	-13.3067	3.5075	0.9141	-0.4600	0.7491	0.5030	0.1789	-0.1932	-0.8230	-0.0801	-0.1015	-0.0096	
4.3556	-13.3463	3.5858	0.8980	-0.4585	0.7500	0.4646	0.1815	-0.2439	-0.8329	-0.0795	-0.0984	-0.0172	
4.4398	-13.4299	3.6895	0.8961	-0.4705	0.7585	0.4185	0.1861	-0.2921	-0.8400	-0.0803	-0.0959	-0.0235	
4.5321	-13.4738	3.7490	0.8971	-0.4698	0.7536	0.3682	0.1950	-0.3409	-0.8425	-0.0819	-0.0952	-0.0282	
4.6329	-13.5241	3.8025	0.9000	-0.4709	0.7472	0.3287	0.1947	-0.3804	-0.8434	-0.0815	-0.0909	-0.0320	
4.7108	-13.6134	3.8399	0.8967	-0.4831	0.7368	0.2711	0.1942	-0.4322	-0.8373	-0.0846	-0.0899	-0.0386	
4.8034	-13.6680	3.9142	0.8973	-0.4852	0.7370	0.2295	0.1859	-0.4838	-0.8245	-0.0843	-0.0873	-0.0451	
4.8999	-13.7028	4.0169	0.8988	-0.4816	0.7447	0.1934	0.1817	-0.5274	-0.8082	-0.0824	-0.0848	-0.0485	
4.9789	-13.7283	4.0851	0.8957	-0.4755	0.7429	0.1612	0.1687	-0.5710	-0.7885	-0.0805	-0.0807	-0.0530	
5.0487	-13.7824	4.1165	0.8904	-0.4771	0.7316	0.1179	0.1541	-0.6107	-0.7682	-0.0814	-0.0767	-0.0568	
5.1091	-13.8275	4.2117	0.8828	-0.4765	0.7372	0.0833	0.1315	-0.6472	-0.7476	-0.0812	-0.0709	-0.0601	
5.1888	-13.8926	4.2916	0.8806	-0.4810	0.7389	0.0417	0.1203	-0.6802	-0.7223	-0.0826	-0.0718	-0.0591	
5.2836	-13.9556	4.3418	0.8823	-0.4847	0.7327	-0.0065	-0.1016	0.6998	0.7092	-0.0821	-0.0658	-0.0575	
5.3745	-14.0046	4.4211	0.8828	-0.4848	0.7341	0.0336	-0.0836	0.7240	0.6845	-0.0823	-0.0625	-0.0586	
5.4696	-14.0303	4.4813	0.8844	-0.4792	0.7309	0.0774	-0.0546	0.7554	0.6482	-0.0848	-0.0592	-0.0632	
5.5621	-14.0908	4.5472	0.8853	-0.4821	0.7292	0.1210	-0.0241	0.7802	0.6131	-0.0874	-0.0554	-0.0661	
5.6722	-14.1406	4.6130	0.8903	-0.4823	0.7274	0.1513	0.0053	0.8032	0.5773	-0.0870	-0.0507	-0.0688	
5.7528	-14.1766	4.6995	0.8883	-0.4795	0.7305	0.1931	0.0443	0.8121	0.5497	-0.0907	-0.0458	-0.0670	
5.8444	-14.1958	4.7608	0.8890	-0.4729	0.7277	0.2242	0.0712	0.8221	0.5200	-0.0898	-0.0420	-0.0658	
5.9086	-14.2295	4.8444	0.8834	-0.4697	0.7301	0.2472	0.1182	0.8288	0.4902	-0.0917	-0.0343	-0.0650	
5.9940	-14.2967	4.9362	0.8828	-0.4741	0.7342	0.2657	0.1446	0.8361	0.4605	-0.0890	-0.0298	-0.0645	
6.0872	-14.3217	5.0070	0.8839	-0.4691	0.7335	0.2840	0.1835	0.8401	0.4259	-0.0891	-0.0240	-0.0643	
6.1549	-14.3765	5.0822	0.8795	-0.4707	0.7339	0.2984	0.2272	0.8374	0.4005	-0.0899	-0.0177	-0.0611	
6.2532	-14.4178	5.1593	0.8817	-0.4694	0.7346	0.3176	0.2685	0.8310	0.3710	-0.0909	-0.0135	-0.0587	
6.3220	-14.4727	5.2551	0.8777	-0.4710	0.7393	0.3371	0.3091	0.8222	0.3398	-0.0926	-0.0098	-0.0567	
6.4281	-14.5215	5.3374	0.8814	-0.4714	0.7409	0.3580	0.3564	0.8057	0.3097	-0.0955	-0.0066	-0.0535	
6.5216	-14.5755	5.4119	0.8824	-0.4728	0.7410	0.3801	0.3864	0.7939	0.2765	-0.0951	-0.0056	-0.0522	
6.6337	-14.6067	5.4796	0.8873	-0.4696	0.7396	0.3963	0.4114	0.7853	0.2407	-0.0931	-0.0037	-0.0519	
6.7229	-14.6661	5.5703	0.8873	-0.4721	0.7429	0.4079	0.4397	0.7739	0.2052	-0.0919	-0.0007	-0.0513	
6.8098	-14.7349	5.6371	0.8870	-0.4763	0.7415	0.4255	0.4692	0.7556	0.1659	-0.0929	0.0003	-0.0507	
6.9068	-14.7840	5.6895	0.8887	-0.4765	0.7373	0.4430	0.4979	0.7359	0.1149	-0.0950	0.0019	-0.0524	
7.0149	-14.8522	5.7649	0.8923	-0.4805	0.7375	0.4572	0.5329	0.7081	0.0689	-0.0979	0.0038	-0.0520	
7.0959	-14.8892	5.8597	0.8907	-0.4783	0.7416	0.4648	0.5610	0.6845	0.0229	-0.0991	0.0067	-0.0520	
7.2048	-14.9511	5.9130	0.8944	-0.4809	0.7376	0.4697	0.5915	0.6546	-0.0227	-0.1008	0.0091	-0.0508	
7.3082	-14.9989	5.9844	0.8970	-0.4809	0.7372	0.4709	0.6175	0.6288	-0.0542	-0.0994	0.0106	-0.0475	
7.4081	-15.0541	6.0653	0.8989	-0.4821	0.7384	0.4639	0.6610	0.5808	-0.0989	-0.1058	0.0142	-0.0440	
7.4990	-15.1297	6.1263	0.8991	-0.4871	0.7362	0.4542	0.6855	0.5486	-0.1499	-0.1071	0.0187	-0.0433	
7.5957	-15.2021	6.1929	0.9003	-0.4913	0.7349	0.4534	0.6995	0.5182	-0.1925	-0.1054	0.0196	-0.0433	
7.6765	-15.2361	6.2587	0.8988	-0.4886	0.7336	0.4460	0.7251	0.4712	-0.2300	-0.1083	0.0197	-0.0406	
7.7637	-15.2863	6.3502	0.8983	-0.4888	0.7368	0.4284	0.7471	0.4315	-0.2687	-0.1096	0.0227	-0.0371	
7.8555	-15.3376	6.4277	0.8986	-0.4893	0.7375	0.3976	0.7822	0.3846	-0.2896	-0.1121	0.0242	-0.0279	
7.9475	-15.3860	6.5154	0.8990	-0.4892	0.7399	0.3690	0.8116	0.3365	-0.3056	-0.1136	0.0239	-0.0197	
8.0334	-15.4389	6.5895	0.8983	-0.4899	0.7400	0.3389	0.8271	0.3017	-0.3332	-0.1124	0.0263	-0.0152	
8.1182	-15.4931	6.6651	0.8975	-0.4908	0.7404	0.2985	0.8520	0.2485	-0.3512	-0.1157	0.0263	-0.0074	
8.2237	-15.5614	6.7431	0.9000	-0.4940	0.7411	0.2560	0.8735	0.2060	-0.3610	-0.1157	0.0258	0.0011	
8.3024	-15.6292	6.8113	0.8982	-0.4970	0.7402	0.2109	0.8881	0.1532	-0.3777	-0.1183	0.0258	0.0070	
8.3967	-15.6877	6.8785	0.8990	-0.4985	0.7391	0.1646	0.9004	0.0984	-0.3897	-0.1209	0.0248	0.0126	
8.4850	-15.7387	6.9347	0.8988	-0.4987	0.7364	0.1170	0.9129	0.0489	-0.3887	-0.1215	0.0213	0.0192	
8.5726	-15.7985	7.0079	0.8984	-0.5003	0.7364	0.0682	0.9217	-0.0110	-0.3813	-0.1239	0.0165	0.0253	
8.6491	-15.8819	7.1002	0.8963	-0.5055	0.7392	0.0131	0.9295	-0.0667	-0.3629	-0.1219	0.0220	0.0184	
8.7471	-15.9310	7.1770	0.8975	-0.5053	0.7397	0.0283	-0.9270	0.1184	0.3554	-0.1223	0.0179	0.0229	
8.8266	-15.9674	7.2483	0.8960	-0.5031	0.7394	0.0599	-0.9287	0.1626	0.3320	-0.1195	0.0098	0.0258	
8.9146	-16.0166	7.3283	0.8957	-0.5029	0.7404	0.0963	-0.9185	0.2040	0.3262	-0.1178	0.0079	0.0282	
9.0018	-16.0663	7.4066	0.8953	-0.5028	0.7410	0.1235	-0.9080	0.2593	0.3055	-0.1182	0.0020	0.0278	
9.0798	-16.1157	7.4630	0.8937	-0.5027	0.7385	0.1630	-0.9072	0.2854	0.2701	-0.1137	-0.0069	0.0320	
9.1568	-16.1548	7.5405	0.8919	-0.5010	0.7392	0.1996	-0.8906	0.3371	0.2301	-0.1156	-0.0153	0.0334	
9.2461	-16.1937	7.6059	0.8919	-0.4994	0.7380	0.2390	-0.8717	0.3838	0.1878	-0.1171	-0.0229	0.0353	
9.3268	-16.2419	7.6850	0.8907	-0.4991	0.7388	0.2624	-0.8577	0.4243	0.1306	-0.1160	-0.0336	0.0328	
9.3996	-16.3024	7.7535	0.8884	-0.5006	0.7381	0.2877	-0.8381	0.4567	0.0852	-0.1141	-0.0399	0.0317	
9.4916	-16.3334	7.8150	0.8888	-0.4978	0.7365	0.3140	-0.8203	0.4783	0.0403	-0.1105	-0.0453	0.0311	
9.5905	-16.3895	7.8693	0.8902	-0.4987	0.7338	0.3284	-0.7990	0.5047	-0.0153	-0.1087	-0.0517	0.0272	
9.7006	-16.4360	7.9243	0.8932	-0.4982	0.7313	0.3466	-0.7708	0.5299	-0.0715	-0.1080	-0.0574	0.0248	
9.7885	-16.4723	7.9844	0.8930	-0.4964	0.7295	0.3679	-0.7434	0.5512	-0.1002	-0.1049	-0.0566	0.0253	
9.8733	-16.5200	8.0620	0.8924	-0.4961	0.7302	0.3730	-0.7189	0.5687	-0.1492	-0.1025	-0.0597	0.0202	
9.9506	-16.5581	8.1369	0.8908	-0.4945	0.7305	0.3781	-0.6796	0.5941	-0.2037	-0.1039	-0.0633	0.0158	
10.0453	-16.6037	8.2022	0.8916	-0.4939	0.7295	0.3822	-0.6599	0.5931	-0.2638	-0.0992	-0.0689	0.0107	
10.1463	-16.6607	8.2723	0.8931	-0.4949	0.7291	0.3777	-0.6249	0.6065	-0.3154	-0.0990	-0.0703	0.0060	
10.2429	-16.7196	8.3348	0.8941	-0.4962	0.7277	0.3787	-0.5897	0.6202	-0.3538	-0.0976	-0.0695	0.0045	
10.3387	-16.7813	8.4083	0.8949	-0.4977	0.7277	0.3730	-0.5521	0.6274	-0.4034	-0.0971	-0.0711	0.0007	
10.4317	-16.8364	8.4742	0.8954	-0.4984	0.7269	0.3561	-0.5207	0.6346	-0.4481	-0.0963	-0.0696	-0.0048	
10.5453	-16.8828	8.5539	0.8984	-0.4979	0.7277	0.3419	-0.4902	0.6271	-0.5010	-0.0941	-0.0716	-0.0106	
10.6343	-16.9315	8.6261	0.8983	-0.4978	0.7277	0.3241	-0.4550	0.6280	-0.5426	-0.0934	-0.0705	-0.0146	
10.7266	-16.9682	8.7072	0.8986	-0.4961	0.7287	0.3108	-0.4237	0.6266	-0.5770	-0.0910	-0.0688	-0.0169	
10.8230	-17.0013	8.7759	0.8995	-0.4941	0.7282	0.2926	-0.3837	0.6356	-0.6035	-0.0917	-0.0647	-0.0175	
10.9197	-17.0624	8.8539	0.9003	-0.4955	0.7288	0.2644	-0.3409	0.6247	-0.6505	-0.0929	-0.0659	-0.0234	
11.0075	-17.1135	8.9233	0.9001	-0.4957	0.7284	0.2425	-0.3029	0.6127	-0.6889	-0.0918	-0.0661	-0.0273	
11.1028	-17.1709	9.0001	0.9007	-0.4966	0.7288	0.2221	-0.2748	0.5867	-0.7299	-0.0877	-0.0674	-0.0332	
11.1921	-17.2219	9.0624	0.9006	-0.4968	0.7275	0.2027	-0.2330	0.5632	-0.7664	-0.0864	-0.0691	-0.0371	
11.2893	-17.2758	9.1404	0.9015	-0.4973	0.7281	0.1860	-0.1900	0.5483	-0.7931	-0.0854	-0.0689	-0.0375	
11.3810	-17.3307	9.2182	0.9017	-0.4979	0.7287	0.1570	-0.1572	0.5279	-0.8203	-0.0844	-0.0665	-0.0406	
11.4684	-17.3826	9.3018	0.9013	-0.4982	0.7300	0.1365	-0.1128	0.5047	-0.8449	-0.0838	-0.0670	-0.0422	
11.5596	-17.4470	9.3828	0.9014	-0.4999	0.7309	0.1110	-0.0752	0.4796	-0.8674	-0.0829	-0.0658	-0.0445	
11.6481	-17.4968	9.4468	0.9013	-0.4999	0.7298	0.0812	-0.0526	0.4505	-0.8886	-0.0804	-0.0620	-0.0487	
11.7359	-17.5515	9.5146	0.9010	-0.5004	0.7292	0.0429	-0.0130	0.4237	-0.9045	-0.0827	-0.0599	-0.0509	
11.8267	-17.5969	9.5874	0.9011	-0.4999	0.7292	0.0165	0.0192	0.3965	-0.9181	-0.0847	-0.0611	-0.0501	
11.9160	-17.6424	9.6625	0.9010	-0.4994	0.7294	0.0147	-0.0474	-0.3641	0.9306	-0.0833	-0.0579	-0.0532	
12.0121	-17.6753	9.7301	0.9017	-0.4975	0.7288	0.0478	-0.0772	-0.3347	0.9384	-0.0832	-0.0547	-0.0548	
12.1096	-17.7331	9.8029	0.9025	-0.4984	0.7288	0.0846	-0.1048	-0.2977	0.9453	-0.0835	-0.0514	-0.0580	
12.2082	-17.7867	9.8765	0.9034	-0.4988	0.7289	0.1138	-0.1269	-0.2659	0.9496	-0.0817	-0.0477	-0.0592	
12.2962	-17.8392	9.9439	0.9032	-0.4991	0.7283	0.1385	-0.1502	-0.2254	0.9531	-0.0796	-0.0450	-0.0622	
12.3892	-17.8897	10.0271	0.9035	-0.4992	0.7294	0.1709	-0.1804	-0.1775	0.9519	-0.0805	-0.0436	-0.0660	
12.4844	-17.9342	10.0898	0.9040	-0.4987	0.7283	0.2144	-0.1833	-0.1261	0.9518	-0.0812	-0.0351	-0.0714	
12.5804	-17.9847	10.1557	0.9046	-0.4988	0.7275	0.2532	-0.1995	-0.0749	0.9434	-0.0828	-0.0310	-0.0749	
12.6844	-18.0336	10.2278	0.9060	-0.4987	0.7274	0.2947	-0.2095	-0.0385	0.9320	-0.0841	-0.0261	-0.0741	
12.7773	-18.0924	10.3008	0.9063	-0.4996	0.7275	0.3256	-0.2107	0.0171	0.9219	-0.0834	-0.0196	-0.0781	
12.8669	-18.1442	10.3679	0.9062	-0.4998	0.7269	0.3574	-0.2085	0.0642	0.9086	-0.0828	-0.0132	-0.0793	
12.9533	-18.1877	10.4489	0.9057	-0.4992	0.7277	0.4017	-0.2062	0.1138	0.8847	-0.0859	-0.0072	-0.0803	
13.0498	-18.2264	10.5194	0.9063	-0.4980	0.7275	0.4437	-0.2005	0.1599	0.8586	-0.0885	-0.0014	-0.0801	
13.1387	-18.2686	10.5947	0.9061	-0.4972	0.7278	0.4881	-0.1912	0.2108	0.8246	-0.0924	0.0047	-0.0807	
13.2321	-18.3170	10.6752	0.9064	-0.4971	0.7286	0.5208	-0.1884	0.2546	0.7927	-0.0932	0.0076	-0.0801	
13.3188	-18.3674	10.7596	0.9060	-0.4972	0.7298	0.5538	-0.1848	0.2992	0.7544	-0.0950	0.0102	-0.0798	
13.4150	-18.4199	10.8262	0.9065	-0.4974	0.7291	0.5762	-0.1640	0.3458	0.7228	-0.0947	0.0170	-0.0788	
13.5058	-18.4734	10.9023	0.9065	-0.4978	0.7294	0.6036	-0.1309	0.3784	0.6910	-0.0954	0.0244	-0.0734	
13.6067	-18.5265	10.9825	0.9075	-0.4981	0.7301	0.6305	-0.0909	0.4174	0.6484	-0.0986	0.0325	-0.0698	
13.7023	-18.5694	11.0527	0.9080	-0.4975	0.7298	0.6679	-0.0536	0.4405	0.5979	-0.1037	0.0369	-0.0630	
13.7944	-18.6266	11.1297	0.9081	-0.4982	0.7302	0.6976	-0.0177	0.4640	0.5456	-0.1076	0.0403	-0.0580	
13.8983	-18.6752	11.2050	0.9094	-0.4981	0.7304	0.7102	0.0090	0.4930	0.5034	-0.1061	0.0428	-0.0560	
13.9993	-18.7277	11.2780	0.9103	-0.4983	0.7304	0.7283	0.0365	0.5194	0.4446	-0.1086	0.0445	-0.0545	
14.0951	-18.7788	11.3595	0.9108	-0.4984	0.7312	0.7470	0.0633	0.5297	0.3988	-0.1086	0.0433	-0.0494	
14.1810	-18.8215	11.4333	0.9103	-0.4977	0.7313	0.7576	0.1005	0.5484	0.3382	-0.1117	0.0461	-0.0464	
14.2640	-18.8703	11.5030	0.9095	-0.4976	0.7309	0.7795	0.1277	0.5430	0.2891	-0.1129	0.0417	-0.0398	
14.3518	-18.9228	11.5777	0.9092	-0.4979	0.7311	0.7902	0.1746	0.5367	0.2423	-0.1151	0.0414	-0.0315	
14.4477	-18.9601	11.6530	0.9097	-0.4967	0.7313	0.8042	0.2182	0.5204	0.1898	-0.1184	0.0384	-0.0237	
14.5367	-19.0000	11.7234	0.9095	-0.4958	0.7310	0.8086	0.2550	0.5117	0.1432	-0.1184	0.0370	-0.0187	
14.6318	-19.0420	11.8022	0.9099	-0.4950	0.7316	0.8160	0.3012	0.4852	0.0975	-0.1207	0.0330	-0.0108	
14.7200	-19.0955	11.8860	0.9096	-0.4954	0.7325	0.8230	0.3361	0.4566	0.0522	-0.1215	0.0279	-0.0060	
14.8034	-19.1440	11.9637	0.9089	-0.4953	0.7329	0.8260	0.3589	0.4366	0.0102	-0.1193	0.0242	-0.0045	
14.8966	-19.1973	12.0402	0.9091	-0.4956	0.7332	0.8243	0.3878	0.4143	-0.0252	-0.1169	0.0213	-0.0012	
14.9798	-19.2467	12.1113	0.9084	-0.4956	0.7330	0.8228	0.4131	0.3850	-0.0692	-0.1170	0.0173	0.0008	
15.0755	-19.2979	12.1879	0.9089	-0.4958	0.7333	0.8237	0.4336	0.3485	-0.1136	-0.1172	0.0118	0.0016	
15.1739	-19.3573	12.2570	0.9096	-0.4967	0.7329	0.8193	0.4621	0.3056	-0.1508	-0.1177	0.0063	0.0049	
15.2607	-19.4123	12.3363	0.9092	-0.4971	0.7334	0.8097	0.4856	0.2693	-0.1910	-0.1177	0.0034	0.0067	
15.3482	-19.4547	12.4125	0.9089	-0.4965	0.7337	0.7950	0.5161	0.2193	-0.2308	-0.1203	-0.0013	0.0106	
15.4344	-19.4996	12.4980	0.9085	-0.4961	0.7347	0.7917	0.5260	0.1779	-0.2591	-0.1171	-0.0061	0.0092	
15.5296	-19.5463	12.5744	0.9088	-0.4958	0.7350	0.7748	0.5461	0.1260	-0.2926	-0.1182	-0.0109	0.0112	
15.6182	-19.5934	12.6436	0.9087	-0.4956	0.7346	0.7684	0.5549	0.0830	-0.3121	-0.1141	-0.0154	0.0103	
15.7169	-19.6491	12.7207	0.9093	-0.4961	0.7349	0.7547	0.5620	0.0459	-0.3376	-0.1111	-0.0171	0.0095	
15.8055	-19.6980	12.7910	0.9091	-0.4961	0.7346	0.7367	0.5755	0.0090	-0.3571	-0.1082	-0.0191	0.0113	
15.8972	-19.7482	12.8610	0.9092	-0.4961	0.7343	0.7194	0.5748	-0.0387	-0.3879	-0.1086	-0.0217	0.0085	
15.9912	-19.7965	12.9307	0.9095	-0.4960	0.7340	0.7010	0.5818	-0.0876	-0.4041	-0.1070	-0.0260	0.0087	
16.0839	-19.8541	13.0038	0.9096	-0.4967	0.7340	0.6802	0.5806	-0.1415	-0.4244	-0.1071	-0.0299	0.0068	
16.1765	-19.9104	13.0852	0.9097	-0.4973	0.7346	0.6522	0.5845	-0.2055	-0.4365	-0.1082	-0.0365	0.0072	
16.2645	-19.9628	13.1604	0.9095	-0.4975	0.7348	0.6294	0.5814	-0.2594	-0.4462	-0.1069	-0.0404	0.0058	
16.3632	-20.0187	13.2433	0.9101	-0.4980	0.7356	0.6001	0.5750	-0.3020	-0.4670	-0.1066	-0.0404	0.0050	
16.4513	-20.0726	13.3191	0.9099	-0.4984	0.7358	0.5777	0.5672	-0.3511	-0.4715	-0.1042	-0.0433	0.0030	
16.5422	-20.1208	13.3952	0.9099	-0.4982	0.7360	0.5427	0.5778	-0.3977	-0.4638	-0.1005	-0.0496	0.0065	
16.6335	-20.1782	13.4714	0.9099	-0.4988	0.7362	0.5145	0.5617	-0.4413	-0.4747	-0.1003	-0.0492	0.0037	
16.7166	-20.2344	13.5514	0.9092	-0.4994	0.7367	0.4671	0.5532	-0.4913	-0.4828	-0.1024	-0.0525	0.0047	
16.8110	-20.2777	13.6261	0.9095	-0.4988	0.7368	0.4297	0.5470	-0.5373	-0.4773	-0.1005	-0.0565	0.0044	
16.8993	-20.3272	13.6961	0.9093	-0.4988	0.7365	0.4041	0.5311	-0.5857	-0.4614	-0.0974	-0.0600	0.0003	
16.9842	-20.3795	13.7691	0.9088	-0.4990	0.7364	0.3816	0.5076	-0.6290	-0.4499	-0.0949	-0.0605	-0.0045	
17.0772	-20.4276	13.8446	0.9090	-0.4988	0.7366	0.3390	0.4828	-0.6719	-0.4467	-0.0967	-0.0617	-0.0059	
17.1709	-20.4772	13.9168	0.9092	-0.4988	0.7365	0.2937	0.4710	-0.7110	-0.4317	-0.0952	-0.0660	-0.0060	
17.2555	-20.5271	13.9927	0.9087	-0.4988	0.7367	0.2603	0.4594	-0.7505	-0.3993	-0.0904	-0.0712	-0.0094	
17.3544	-20.5842	14.0698	0.9093	-0.4994	0.7369	0.2190	0.4365	-0.7848	-0.3814	-0.0901	-0.0727	-0.0111	
17.4459	-20.6426	14.1455	0.9094	-0.5000	0.7371	0.1821	0.4231	-0.8126	-0.3586	-0.0867	-0.0744	-0.0124	
17.5343	-20.6860	14.2182	0.9092	-0.4995	0.7370	0.1425	0.4065	-0.8416	-0.3264	-0.0837	-0.0776	-0.0151	
17.6221	-20.7349	14.2840	0.9089	-0.4994	0.7364	0.1208	0.3773	-0.8728	-0.2874	-0.0810	-0.0776	-0.0221	
17.7112	-20.7786	14.3571	0.9088	-0.4990	0.7364	0.0991	0.3409	-0.9000	-0.2546	-0.0801	-0.0756	-0.0277	
17.8053	-20.8341	14.4300	0.9090	-0.4994	0.7363	0.0560	0.3294	-0.9183	-0.2140	-0.0764	-0.0800	-0.0296	
17.8951	-20.8745	14.5081	0.9090	-0.4987	0.7367	0.0315	0.2922	-0.9403	-0.1720	-0.0769	-0.0806	-0.0244	
17.9874	-20.9204	14.5726	0.9091	-0.4984	0.7360	-0.0022	-0.2535	0.9591	0.1252	-0.0768	-0.0811	-0.0315	
18.0730	-20.9680	14.6504	0.9087	-0.4982	0.7363	0.0210	-0.2119	0.9746	0.0704	-0.0765	-0.0810	-0.0403	
18.1677	-21.0120	14.7284	0.9090	-0.4977	0.7366	0.0454	-0.1831	0.9823	0.0122	-0.0736	-0.0817	-0.0480	
18.2616	-21.0599	14.7979	0.9092	-0.4976	0.7363	0.0585	-0.1458	0.9868	-0.0484	-0.0722	-0.0793	-0.0569	
18.3564	-21.1143	14.8705	0.9095	-0.4979	0.7363	0.0744	-0.1073	0.9868	-0.0980	-0.0720	-0.0764	-0.0617	
18.4470	-21.1674	14.9474	0.9094	-0.4982	0.7365	0.0879	-0.0714	0.9817	-0.1541	-0.0711	-0.0740	-0.0677	
18.5461	-21.2132	15.0220	0.9100	-0.4979	0.7366	0.0973	-0.0378	0.9751	-0.1990	-0.0701	-0.0697	-0.0705	
18.6359	-21.2635	15.0903	0.9100	-0.4979	0.7362	0.0980	0.0106	0.9637	-0.2486	-0.0725	-0.0641	-0.0750	
18.7362	-21.3118	15.1700	0.9106	-0.4978	0.7366	0.1009	0.0437	0.9453	-0.3078	-0.0716	-0.0603	-0.0814	
18.8336	-21.3630	15.2393	0.9111	-0.4979	0.7363	0.0837	0.0791	0.9230	-0.3690	-0.0720	-0.0520	-0.0887	
18.9244	-21.4124	15.3071	0.9111	-0.4979	0.7359	0.0748	0.1083	0.9022	-0.4129	-0.0712	-0.0460	-0.0901	
19.0117	-21.4658	15.3786	0.9108	-0.4981	0.7358	0.0668	0.1413	0.8752	-0.4585	-0.0714	-0.0413	-0.0921	
19.1068	-21.5226	15.4534	0.9111	-0.4986	0.7358	0.0543	0.1751	0.8416	-0.5079	-0.0725	-0.0362	-0.0955	
19.2005	-21.5743	15.5288	0.9113	-0.4987	0.7360	0.0299	0.2190	0.8098	-0.5442	-0.0766	-0.0291	-0.0952	
19.2866	-21.6241	15.5996	0.9110	-0.4987	0.7358	0.0018	0.2625	0.7728	-0.5782	-0.0810	-0.0223	-0.0949	
19.3872	-21.6811	15.6643	0.9116	-0.4993	0.7351	0.0182	-0.2887	-0.7334	0.6158	-0.0828	-0.0248	-0.0932	
19.4965	-21.7327	15.7411	0.9129	-0.4994	0.7354	0.0411	-0.3228	-0.6928	0.6440	-0.0848	-0.0268	-0.0920	
19.5987	-21.7892	15.8130	0.9136	-0.4998	0.7352	0.0594	-0.3601	-0.6485	0.6683	-0.0877	-0.0270	-0.0908	
19.6970	-21.8463	15.8838	0.9141	-0.5003	0.7350	0.0777	-0.3976	-0.6064	0.6849	-0.0908	-0.0271	-0.0882	
19.7932	-21.9030	15.9523	0.9144	-0.5008	0.7347	0.0949	-0.4330	-0.5640	0.6975	-0.0928	-0.0262	-0.0851	
19.8899	-21.9513	16.0238	0.9148	-0.5007	0.7346	0.1267	-0.4689	-0.5154	0.7065	-0.0993	-0.0233	-0.0816	
19.9797	-22.0032	16.0965	0.9146	-0.5008	0.7345	0.1643	-0.5012	-0.4770	0.7048	-0.1039	-0.0202	-0.0739	
20.0658	-22.0647	16.1759	0.9143	-0.5016	0.7349	0.2015	-0.5345	-0.4296	0.7000	-0.1089	-0.0172	-0.0692	
20.1525	-22.1225	16.2420	0.9139	-0.5021	0.7344	0.2309	-0.5533	-0.3921	0.6998	-0.1073	-0.0119	-0.0644	
20.2351	-22.1732	16.3116	0.9134	-0.5021	0.7342	0.2709	-0.5753	-0.3522	0.6880	-0.1096	-0.0081	-0.0584	
20.3168	-22.2298	16.3879	0.9127	-0.5026	0.7344	0.3248	-0.5939	-0.3050	0.6705	-0.1154	-0.0027	-0.0525	
20.4020	-22.2765	16.4568	0.9123	-0.5023	0.7341	0.3701	-0.6162	-0.2665	0.6431	-0.1184	-0.0014	-0.0458	
20.4903	-22.3242	16.5332	0.9121	-0.5022	0.7343	0.4112	-0.6225	-0.2258	0.6278	-0.1183	0.0039	-0.0416	
20.5822	-22.3772	16.5986	0.9122	-0.5023	0.7337	0.4430	-0.6426	-0.1941	0.5957	-0.1180	0.0021	-0.0362	
20.6694	-22.4235	16.6763	0.9119	-0.5021	0.7340	0.4694	-0.6486	-0.1692	0.5780	-0.1134	0.0038	-0.0319	
20.7554	-22.4682	16.7438	0.9116	-0.5017	0.7336	0.4953	-0.6652	-0.1421	0.5419	-0.1125	0.0010	-0.0275	
20.8375	-22.5190	16.8181	0.9110	-0.5018	0.7337	0.5188	-0.6725	-0.1017	0.5185	-0.1115	0.0025	-0.0262	
20.9290	-22.5718	16.8885	0.9110	-0.5019	0.7335	0.5444	-0.6751	-0.0650	0.4947	-0.1104	0.0045	-0.0238	
21.0138	-22.6197	16.9594	0.9106	-0.5018	0.7334	0.5741	-0.6767	-0.0383	0.4610	-0.1096	0.0044	-0.0190	
21.1054	-22.6749	17.0383	0.9106	-0.5021	0.7337	0.5847	-0.6875	-0.0041	0.4320	-0.1073	0.0023	-0.0196	
21.1961	-22.7246	17.1081	0.9106	-0.5021	0.7335	0.6066	-0.6894	0.0276	0.3956	-0.1072	0.0016	-0.0169	
21.2906	-22.7721	17.1711	0.9108	-0.5019	0.7328	0.6276	-0.6867	0.0584	0.3633	-0.1063	0.0021	-0.0140	
21.3757	-22.8186	17.2452	0.9104	-0.5017	0.7329	0.6541	-0.6757	0.0975	0.3253	-0.1084	0.0037	-0.0103	
21.4684	-22.8704	17.3166	0.9105	-0.5018	0.7328	0.6712	-0.6670	0.1383	0.2922	-0.1088	0.0051	-0.0090	
21.5645	-22.9209	17.3968	0.9109	-0.5018	0.7332	0.6850	-0.6601	0.1760	0.2525	-0.1094	0.0045	-0.0084	
21.6549	-22.9784	17.4678	0.9108	-0.5023	0.7331	0.7029	-0.6523	0.1949	0.2094	-0.1081	0.0015	-0.0048	
21.7470	-23.0303	17.5373	0.9109	-0.5024	0.7328	0.7209	-0.6364	0.2171	0.1707	-0.1070	0.0006	-0.0007	
21.8408	-23.0845	17.6154	0.9110	-0.5026	0.7331	0.7370	-0.6193	0.2399	0.1271	-0.1069	-0.0011	0.0026	
21.9311	-23.1430	17.6830	0.9110	-0.5031	0.7328	0.7488	-0.5977	0.2725	0.0868	-0.1078	-0.0007	0.0048	
22.0240	-23.1943	17.7506	0.9111	-0.5032	0.7324	0.7591	-0.5673	0.3145	0.0413	-0.1115	0.0007	0.0071	
22.1177	-23.2487	17.8255	0.9113	-0.5035	0.7325	0.7745	-0.5382	0.3326	-0.0079	-0.1120	-0.0024	0.0117	
22.2083	-23.2988	17.8950	0.9112	-0.5034	0.7323	0.7769	-0.5218	0.3501	-0.0513	-0.1101	-0.0046	0.0112	
22.2966	-23.3505	17.9772	0.9111	-0.5035	0.7328	0.7863	-0.4935	0.3606	-0.0947	-0.1086	-0.0078	0.0145	
22.3867	-23.3982	18.0499	0.9110	-0.5034	0.7328	0.7929	-0.4581	0.3693	-0.1563	-0.1112	-0.0134	0.0177	
22.4873	-23.4503	18.1242	0.9116	-0.5035	0.7328	0.7990	-0.4251	0.3669	-0.2157	-0.1113	-0.0201	0.0206	
22.5779	-23.5022	18.1957	0.9115	-0.5036	0.7327	0.8012	-0.3944	0.3594	-0.2720	-0.1102	-0.0268	0.0221	
22.6721	-23.5547	18.2649	0.9117	-0.5037	0.7325	0.8069	-0.3593	0.3505	-0.3138	-0.1067	-0.0317	0.0252	
22.7575	-23.6064	18.3412	0.9114	-0.5038	0.7327	0.8026	-0.3242	0.3417	-0.3661	-0.1062	-0.0368	0.0257	
22.8527	-23.6563	18.4131	0.9116	-0.5037	0.7326	0.7966	-0.2755	0.3264	-0.4264	-0.1081	-0.0443	0.0282	
22.9445	-23.7101	18.4866	0.9117	-0.5039	0.7326	0.7938	-0.2308	0.3086	-0.4708	-0.1059	-0.0499	0.0302	
23.0360	-23.7591	18.5580	0.9117	-0.5039	0.7325	0.7842	-0.1824	0.2926	-0.5154	-0.1054	-0.0544	0.0319	
23.1214	-23.8085	18.6323	0.9113	-0.5038	0.7325	0.7711	-0.1378	0.2655	-0.5618	-0.1043	-0.0607	0.0315	
23.2130	-23.8615	18.7072	0.9114	-0.5039	0.7326	0.7535	-0.0971	0.2393	-0.6045	-0.1029	-0.0651	0.0300	
23.3036	-23.9154	18.7841	0.9113	-0.5041	0.7328	0.7366	-0.0541	0.1997	-0.6440	-0.1006	-0.0722	0.0282	
23.3947	-23.9659	18.8578	0.9113	-0.5042	0.7329	0.7137	-0.0235	0.1716	-0.6795	-0.0983	-0.0739	0.0246	
23.4826	-24.0123	18.9316	0.9112	-0.5039	0.7329	0.7009	0.0202	0.1245	-0.7029	-0.0936	-0.0811	0.0230	
23.5741	-24.0643	19.0089	0.9112	-0.5040	0.7331	0.6875	0.0460	0.0696	-0.7233	-0.0873	-0.0867	0.0169	
23.6732	-24.1217	19.0846	0.9116	-0.5044	0.7333	0.6624	0.0838	0.0264	-0.7440	-0.0851	-0.0903	0.0146	
23.7664	-24.1714	19.1541	0.9117	-0.5044	0.7330	0.6368	0.1387	-0.0269	-0.7573	-0.0832	-0.0981	0.0148	
23.8582	-24.2160	19.2322	0.9118	-0.5040	0.7333	0.6063	0.1704	-0.0801	-0.7727	-0.0816	-0.1013	0.0100	
23.9406	-24.2641	19.3098	0.9113	-0.5039	0.7336	0.5752	0.1829	-0.1384	-0.7863	-0.0795	-0.1020	0.0011	
24.0303	-24.3130	19.3910	0.9112	-0.5038	0.7340	0.5371	0.1971	-0.1868	-0.7992	-0.0792	-0.1009	-0.0048	
24.1236	-24.3671	19.4687	0.9113	-0.5040	0.7342	0.4881	0.2029	-0.2496	-0.8114	-0.0813	-0.1015	-0.0142	
24.2169	-24.4165	19.5379	0.9115	-0.5040	0.7340	0.4533	0.2131	-0.2920	-0.8159	-0.0798	-0.0988	-0.0179	
24.3046	-24.4660	19.6153	0.9113	-0.5039	0.7342	0.4095	0.2155	-0.3398	-0.8193	-0.0804	-0.0963	-0.0235	
24.3897	-24.5115	19.6956	0.9109	-0.5037	0.7346	0.3687	0.2200	-0.3928	-0.8136	-0.0798	-0.0957	-0.0290	
24.4754	-24.5601	19.7730	0.9106	-0.5036	0.7348	0.3453	0.2156	-0.4453	-0.7995	-0.0758	-0.0930	-0.0356	
24.5660	-24.6062	19.8450	0.9106	-0.5033	0.7347	0.3031	0.2028	-0.4885	-0.7936	-0.0771	-0.0882	-0.0404	
24.6522	-24.6563	19.9234	0.9103	-0.5033	0.7350	0.2543	0.1888	-0.5337	-0.7843	-0.0795	-0.0847	-0.0453	
24.7437	-24.7042	19.9944	0.9103	-0.5032	0.7349	0.2154	0.1683	-0.5766	-0.7709	-0.0802	-0.0798	-0.0503	
24.8362	-24.7534	20.0709	0.9104	-0.5031	0.7350	0.1789	0.1608	-0.6136	-0.7530	-0.0786	-0.0775	-0.0524	
24.9229	-24.7990	20.1505	0.9102	-0.5029	0.7354	0.1302	0.1445	-0.6505	-0.7341	-0.0806	-0.0749	-0.0551	
25.0149	-24.8448	20.2297	0.9102	-0.5026	0.7357	0.0955	0.1172	-0.6841	-0.7148	-0.0810	-0.0690	-0.0583	
25.1012	-24.9000	20.3092	0.9100	-0.5029	0.7360	0.0543	0.0941	-0.7183	-0.6875	-0.0811	-0.0711	-0.0554	
25.1944	-24.9542	20.3770	0.9101	-0.5031	0.7357	0.0157	0.0647	-0.7418	-0.6686	-0.0813	-0.0659	-0.0579	
25.2798	-25.0063	20.4521	0.9098	-0.5032	0.7358	0.0284	-0.0428	0.7640	0.6435	-0.0825	-0.0667	-0.0565	
25.3620	-25.0578	20.5275	0.9093	-0.5033	0.7359	0.0764	-0.0189	0.7869	0.6119	-0.0853	-0.0657	-0.0561	
25.4466	-25.1098	20.5906	0.9090	-0.5034	0.7353	0.1156	0.0098	0.7972	0.5942	-0.0875	-0.0644	-0.0516	
25.5293	-25.1624	20.6593	0.9085	-0.5035	0.7351	0.1566	0.0316	0.8074	0.5689	-0.0882	-0.0613	-0.0506	
25.6204	-25.2090	20.7331	0.9086	-0.5033	0.7351	0.2009	0.0498	0.8151	0.5417	-0.0883	-0.0593	-0.0502	
25.7050	-25.2599	20.8096	0.9082	-0.5033	0.7352	0.2421	0.0813	0.8230	0.5076	-0.0919	-0.0550	-0.0516	
25.7952	-25.3127	20.8839	0.9082	-0.5034	0.7353	0.2647	0.1181	0.8310	0.4777	-0.0925	-0.0459	-0.0515	
25.8804	-25.3694	20.9514	0.9079	-0.5038	0.7350	0.3000	0.1552	0.8310	0.4421	-0.0956	-0.0416	-0.0519	
25.9714	-25.4236	21.0230	0.9079	-0.5040	0.7349	0.3180	0.1906	0.8291	0.4223	-0.0938	-0.0345	-0.0481	
26.0628	-25.4752	21.0954	0.9080	-0.5040	0.7348	0.3289	0.2288	0.8293	0.3928	-0.0929	-0.0263	-0.0476	
26.1526	-25.5229	21.1753	0.9079	-0.5039	0.7351	0.3511	0.2699	0.8229	0.3562	-0.0952	-0.0216	-0.0479	
26.2455	-25.5740	21.2485	0.9080	-0.5039	0.7351	0.3609	0.3159	0.8217	0.3087	-0.0972	-0.0136	-0.0508	
26.3346	-25.6250	21.3243	0.9079	-0.5039	0.7352	0.3834	0.3485	0.8069	0.2860	-0.0966	-0.0126	-0.0471	
26.4284	-25.6789	21.3979	0.9081	-0.5041	0.7352	0.3954	0.3918	0.7933	0.2465	-0.0985	-0.0076	-0.0469	
26.5229	-25.7274	21.4668	0.9083	-0.5040	0.7350	0.4133	0.4296	0.7759	0.2052	-0.1003	-0.0052	-0.0470	
26.6176	-25.7759	21.5376	0.9085	-0.5039	0.7349	0.4309	0.4599	0.7602	0.1559	-0.1012	-0.0029	-0.0492	
26.7158	-25.8235	21.6105	0.9088	-0.5038	0.7348	0.4457	0.4849	0.7441	0.1142	-0.1001	-0.0014	-0.0496	
26.8019	-25.8713	21.6825	0.9086	-0.5037	0.7348	0.4560	0.5184	0.7196	0.0748	-0.1012	0.0007	-0.0484	
26.8907	-25.9204	21.7608	0.9085	-0.5036	0.7350	0.4487	0.5583	0.6976	0.0316	-0.1026	0.0075	-0.0467	
26.9757	-25.9659	21.8330	0.9082	-0.5033	0.7349	0.4527	0.5819	0.6766	-0.0023	-0.1006	0.0089	-0.0450	
27.0670	-26.0141	21.9085	0.9082	-0.5032	0.7350	0.4458	0.6084	0.6549	-0.0491	-0.1006	0.0139	-0.0447	
27.1593	-26.0605	21.9843	0.9083	-0.5030	0.7352	0.4366	0.6423	0.6249	-0.0827	-0.1014	0.0171	-0.0409	
27.2474	-26.1118	22.0608	0.9082	-0.5031	0.7353	0.4372	0.6718	0.5866	-0.1161	-0.1028	0.0167	-0.0386	
27.3381	-26.1650	22.1370	0.9082	-0.5032	0.7354	0.4167	0.7015	0.5536	-0.1653	-0.1054	0.0230	-0.0368	
27.4323	-26.2139	22.2089	0.9083	-0.5032	0.7354	0.3900	0.7351	0.5125	-0.2101	-0.1092	0.0285	-0.0331	
27.5191	-26.2590	22.2814	0.9081	-0.5029	0.7353	0.3716	0.7583	0.4810	-0.2385	-0.1077	0.0298	-0.0290	
27.6127	-26.3134	22.3572	0.9083	-0.5031	0.7354	0.3481	0.7815	0.4388	-0.2742	-0.1094	0.0320	-0.0257	
27.6987	-26.3638	22.4331	0.9080	-0.5031	0.7355	0.3148	0.8085	0.3925	-0.3048	-0.1121	0.0344	-0.0201	
27.7913	-26.4156	22.5021	0.9081	-0.5032	0.7353	0.2837	0.8301	0.3528	-0.3269	-0.1119	0.0349	-0.0146	
27.8832	-26.4652	22.5708	0.9082	-0.5032	0.7351	0.2464	0.8517	0.3018	-0.3498	-0.1146	0.0355	-0.0090	
27.9685	-26.5152	22.6397	0.9079	-0.5031	0.7349	0.2053	0.8727	0.2585	-0.3612	-0.1148	0.0347	-0.0015	
28.0615	-26.5622	22.7188	0.9080	-0.5030	0.7351	0.1694	0.8886	0.1974	-0.3766	-0.1183	0.0330	0.0025	
28.1512	-26.6134	22.7887	0.9080	-0.5030	0.7350	0.1247	0.9034	0.1522	-0.3822	-0.1184	0.0312	0.0094	
28.2434	-26.6612	22.8635	0.9080	-0.5029	0.7350	0.0795	0.9132	0.1085	-0.3858	-0.1180	0.0294	0.0155	
28.3340	-26.7140	22.9377	0.9080	-0.5030	0.7351	0.0496	0.9267	0.0588	-0.3710	-0.1167	0.0217	0.0196	
28.4214	-26.7687	23.0200	0.9078	-0.5032	0.7355	0.0027	0.9351	-0.0020	-0.3542	-0.1137	0.0272	0.0137	
28.5169	-26.8211	23.0958	0.9081	-0.5033	0.7356	0.0294	-0.9354	0.0528	0.3492	-0.1139	0.0232	0.0168	
28.6003	-26.8692	23.1677	0.9077	-0.5032	0.7355	0.0676	-0.9353	0.0985	0.3349	-0.1135	0.0178	0.0216	
28.6881	-26.9186	23.2415	0.9076	-0.5032	0.7355	0.0996	-0.9291	0.1583	0.3184	-0.1156	0.0122	0.0235	
28.7734	-26.9690	23.3188	0.9073	-0.5032	0.7357	0.1404	-0.9224	0.2008	0.3000	-0.1150	0.0073	0.0280	
28.8667	-27.0219	23.3925	0.9074	-0.5033	0.7357	0.1776	-0.9117	0.2574	0.2663	-0.1174	-0.0007	0.0307	
28.9527	-27.0726	23.4585	0.9072	-0.5033	0.7353	0.2177	-0.8966	0.3124	0.2252	-0.1201	-0.0094	0.0336	
29.0444	-27.1192	23.5338	0.9073	-0.5032	0.7354	0.2455	-0.8833	0.3545	0.1870	-0.1188	-0.0165	0.0335	
29.1352	-27.1703	23.5998	0.9073	-0.5032	0.7351	0.2805	-0.8697	0.3795	0.1531	-0.1150	-0.0219	0.0358	
29.2233	-27.2213	23.6758	0.9071	-0.5032	0.7352	0.3123	-0.8538	0.4045	0.1087	-0.1120	-0.0293	0.0369	
29.3158	-27.2716	23.7483	0.9072	-0.5032	0.7352	0.3347	-0.8222	0.4535	0.0727	-0.1143	-0.0321	0.0350	
29.4103	-27.3215	23.8240	0.9074	-0.5032	0.7353	0.3504	-0.8016	0.4854	0.0172	-0.1133	-0.0399	0.0311	
29.5005	-27.3718	23.8982	0.9074	-0.5032	0.7353	0.3624	-0.7729	0.5200	-0.0323	-0.1133	-0.0447	0.0272	
29.5924	-27.4225	23.9659	0.9074	-0.5032	0.7350	0.3706	-0.7563	0.5366	-0.0768	-0.1087	-0.0482	0.0232	
29.6833	-27.4765	24.0376	0.9074	-0.5034	0.7349	0.3795	-0.7229	0.5601	-0.1404	-0.1092	-0.0555	0.0192	
29.7739	-27.5302	24.1104	0.9074	-0.5035	0.7349	0.3882	-0.6951	0.5782	-0.1822	-0.1065	-0.0572	0.0171	
29.8663	-27.5780	24.1821	0.9075	-0.5034	0.7348	0.3921	-0.6555	0.5987	-0.2401	-0.1075	-0.0618	0.0133	
29.9550	-27.6303	24.2557	0.9074	-0.5035	0.7348	0.3965	-0.6230	0.6149	-0.2791	-0.1052	-0.0620	0.0114	
30.0486	-27.6839	24.3291	0.9075	-0.5037	0.7348	0.3959	-0.5924	0.6155	-0.3389	-0.1027	-0.0674	0.0066	
30.1424	-27.7373	24.3994	0.9077	-0.5038	0.7347	0.3899	-0.5647	0.6147	-0.3913	-0.0995	-0.0701	0.0017	
30.2342	-27.7866	24.4698	0.9077	-0.5037	0.7345	0.3819	-0.5345	0.6215	-0.4291	-0.0970	-0.0685	-0.0013	
30.3249	-27.8364	24.5461	0.9077	-0.5037	0.7347	0.3639	-0.4937	0.6232	-0.4851	-0.0981	-0.0707	-0.0075	
30.4168	-27.8882	24.6218	0.9078	-0.5038	0.7348	0.3542	-0.4466	0.6211	-0.5373	-0.0985	-0.0739	-0.0107	
30.5065	-27.9415	24.6975	0.9077	-0.5039	0.7349	0.3479	-0.4164	0.6091	-0.5803	-0.0940	-0.0755	-0.0137	
30.5972	-27.9935	24.7695	0.9077	-0.5040	0.7348	0.3332	-0.3758	0.6055	-0.6179	-0.0932	-0.0748	-0.0159	
30.6862	-28.0436	24.8430	0.9076	-0.5040	0.7348	0.3046	-0.3406	0.5993	-0.6580	-0.0933	-0.0724	-0.0208	
30.7768	-28.0893	24.9196	0.9076	-0.5038	0.7349	0.2804	-0.3051	0.5933	-0.6909	-0.0926	-0.0698	-0.0237	
30.8618	-28.1417	24.9913	0.9074	-0.5038	0.7349	0.2648	-0.2639	0.5834	-0.7215	-0.0910	-0.0696	-0.0249	
30.9544	-28.1926	25.0667	0.9075	-0.5039	0.7350	0.2291	-0.2430	0.5688	-0.7535	-0.0891	-0.0651	-0.0304	
31.0491	-28.2437	25.1378	0.9076	-0.5039	0.7348	0.2042	-0.2141	0.5664	-0.7708	-0.0875	-0.0602	-0.0299	
31.1406	-28.2956	25.2143	0.9077	-0.5040	0.7350	0.1818	-0.1868	0.5461	-0.7971	-0.0843	-0.0590	-0.0334	
31.2303	-28.3460	25.2888	0.9076	-0.5040	0.7350	0.1539	-0.1592	0.5340	-0.8169	-0.0829	-0.0556	-0.0348	
31.3212	-28.3973	25.3605	0.9076	-0.5040	0.7349	0.1271	-0.1384	0.5097	-0.8406	-0.0798	-0.0533	-0.0392	
31.4086	-28.4531	25.4346	0.9075	-0.5042	0.7350	0.0943	-0.1092	0.4849	-0.8627	-0.0794	-0.0515	-0.0430	
31.4984	-28.5084	25.5073	0.9074	-0.5045	0.7349	0.0547	-0.0749	0.4611	-0.8823	-0.0813	-0.0495	-0.0461	
31.5910	-28.5605	25.5794	0.9075	-0.5045	0.7349	0.0233	-0.0434	0.4276	-0.9026	-0.0824	-0.0495	-0.0420	
31.6794	-28.6090	25.6519	0.9074	-0.5044	0.7348	0.0053	0.0043	-0.3972	0.9175	-0.0823	-0.0500	-0.0453	
31.7663	-28.6623	25.7228	0.9073	-0.5046	0.7347	0.0406	-0.0162	-0.3618	0.9317	-0.0807	-0.0466	-0.0505	
31.8556	-28.7128	25.7918	0.9072	-0.5046	0.7345	0.0721	-0.0442	-0.3275	0.9411	-0.0799	-0.0448	-0.0539	
31.9445	-28.7587	25.8615	0.9071	-0.5044	0.7344	0.0949	-0.0693	-0.2885	0.9506	-0.0772	-0.0434	-0.0577	
32.0384	-28.8100	25.9376	0.9073	-0.5044	0.7345	0.1264	-0.0907	-0.2559	0.9544	-0.0764	-0.0404	-0.0593	
32.1267	-28.8592	26.0157	0.9072	-0.5044	0.7347	0.1675	-0.1271	-0.2034	0.9554	-0.0797	-0.0402	-0.0652	
32.2136	-28.9071	26.0896	0.9070	-0.5043	0.7347	0.1997	-0.1527	-0.1527	0.9555	-0.0797	-0.0382	-0.0699	
32.3092	-28.9550	26.1653	0.9072	-0.5041	0.7348	0.2287	-0.1665	-0.0964	0.9545	-0.0784	-0.0338	-0.0754	
32.4010	-29.0034	26.2396	0.9072	-0.5041	0.7348	0.2594	-0.1840	-0.0457	0.9469	-0.0783	-0.0307	-0.0785	
32.4924	-29.0555	26.3111	0.9073	-0.5041	0.7347	0.2924	-0.1833	0.0109	0.9389	-0.0777	-0.0232	-0.0827	
32.5810	-29.1074	26.3819	0.9072	-0.5042	0.7346	0.3290	-0.1783	0.0681	0.9250	-0.0785	-0.0152	-0.0862	
32.6700	-29.1550	26.4553	0.9071	-0.5041	0.7346	0.3606	-0.1874	0.1322	0.9034	-0.0800	-0.0118	-0.0908	
32.7643	-29.2054	26.5274	0.9073	-0.5041	0.7346	0.3956	-0.1941	0.1898	0.8767	-0.0822	-0.0085	-0.0932	
32.8536	-29.2556	26.6010	0.9072	-0.5041	0.7346	0.4335	-0.1952	0.2306	0.8493	-0.0841	-0.0050	-0.0909	
32.9446	-29.3045	26.6748	0.9072	-0.5040	0.7346	0.4552	-0.1783	0.2742	0.8296	-0.0822	0.0026	-0.0888	
33.0366	-29.3526	26.7500	0.9073	-0.5039	0.7347	0.4919	-0.1720	0.3143	0.7935	-0.0851	0.0061	-0.0868	
33.1262	-29.4044	26.8223	0.9072	-0.5040	0.7346	0.5218	-0.1469	0.3624	0.7584	-0.0875	0.0143	-0.0856	
33.2140	-29.4489	26.8985	0.9071	-0.5037	0.7347	0.5484	-0.1168	0.4068	0.7216	-0.0895	0.0222	-0.0834	
33.3039	-29.4966	26.9704	0.9071	-0.5036	0.7347	0.5808	-0.0826	0.4487	0.6739	-0.0943	0.0294	-0.0808	
33.3997	-29.5496	27.0412	0.9073	-0.5037	0.7346	0.6045	-0.0423	0.4777	0.6376	-0.0958	0.0361	-0.0745	
33.4911	-29.6000	27.1189	0.9073	-0.5037	0.7347	0.6216	-0.0123	0.5048	0.6001	-0.0955	0.0394	-0.0701	
33.5805	-29.6475	27.1891	0.9072	-0.5036	0.7346	0.6529	0.0165	0.5233	0.5477	-0.0997	0.0403	-0.0649	
33.6695	-29.6944	27.2594	0.9072	-0.5035	0.7345	0.6703	0.0461	0.5559	0.4880	-0.1028	0.0436	-0.0645	
33.7622	-29.7435	27.3335	0.9073	-0.5034	0.7345	0.6931	0.0810	0.5602	0.4498	-0.1035	0.0430	-0.0558	
33.8541	-29.7914	27.4020	0.9073	-0.5033	0.7343	0.7211	0.1074	0.5655	0.3853	-0.1086	0.0409	-0.0519	
33.9456	-29.8426	27.4769	0.9073	-0.5034	0.7344	0.7377	0.1528	0.5732	0.3211	-0.1142	0.0433	-0.0471	
34.0365	-29.8951	27.5501	0.9073	-0.5034	0.7343	0.7661	0.1865	0.5577	0.2623	-0.1188	0.0382	-0.0400	
34.1276	-29.9415	27.6242	0.9073	-0.5033	0.7344	0.7780	0.2124	0.5555	0.2031	-0.1199	0.0366	-0.0376	
34.2217	-29.9916	27.6989	0.9075	-0.5033	0.7344	0.7884	0.2535	0.5413	0.1479	-0.1227	0.0350	-0.0313	
34.3147	-30.0440	27.7735	0.9076	-0.5034	0.7345	0.7991	0.2821	0.5227	0.1100	-0.1204	0.0304	-0.0258	
34.4074	-30.0924	27.8453	0.9076	-0.5033	0.7344	0.8091	0.3034	0.5011	0.0521	-0.1217	0.0258	-0.0239	
34.5031	-30.1429	27.9212	0.9078	-0.5033	0.7345	0.8232	0.3369	0.4577	-0.0071	-0.1266	0.0182	-0.0187	
34.5930	-30.1952	27.9940	0.9078	-0.5034	0.7345	0.8304	0.3608	0.4218	-0.0575	-0.1273	0.0125	-0.0159	
34.6823	-30.2432	28.0697	0.9078	-0.5033	0.7346	0.8266	0.3918	0.3945	-0.0974	-0.1259	0.0108	-0.0114	
34.7688	-30.2953	28.1432	0.9076	-0.5033	0.7346	0.8253	0.4198	0.3575	-0.1314	-0.1241	0.0064	-0.0071	
34.8587	-30.3505	28.2164	0.9076	-0.5035	0.7345	0.8207	0.4549	0.3137	-0.1558	-0.1223	0.0013	-0.0006	
34.9497	-30.4006	28.2915	0.9076	-0.5035	0.7346	0.8131	0.4801	0.2749	-0.1860	-0.1204	-0.0021	0.0028	
35.0414	-30.4537	28.3669	0.9076	-0.5036	0.7347	0.8092	0.5018	0.2305	-0.2075	-0.1172	-0.0075	0.0055	
35.1324	-30.5030	28.4400	0.9076	-0.5036	0.7347	0.8011	0.5187	0.1939	-0.2317	-0.1138	-0.0103	0.0069	
35.2252	-30.5510	28.5179	0.9077	-0.5035	0.7348	0.7942	0.5309	0.1488	-0.2579	-0.1119	-0.0146	0.0069	
35.3181	-30.5978	28.5893	0.9078	-0.5034	0.7348	0.7862	0.5434	0.1108	-0.2765	-0.1080	-0.0176	0.0077	
35.4056	-30.6475	28.6650	0.9076	-0.5033	0.7348	0.7654	0.5639	0.0533	-0.3046	-0.1103	-0.0226	0.0107	
35.4986	-30.7012	28.7373	0.9077	-0.5035	0.7348	0.7563	0.5705	0.0091	-0.3226	-0.1071	-0.0259	0.0097	
35.5909	-30.7465	28.8100	0.9078	-0.5033	0.7348	0.7418	0.5751	-0.0405	-0.3432	-0.1060	-0.0294	0.0087	
35.6800	-30.7944	28.8816	0.9077	-0.5032	0.7347	0.7250	0.5731	-0.0900	-0.3711	-0.1064	-0.0315	0.0063	
35.7690	-30.8491	28.9566	0.9077	-0.5033	0.7348	0.7015	0.5727	-0.1407	-0.3993	-0.1076	-0.0334	0.0053	
35.8585	-30.9017	29.0280	0.9076	-0.5034	0.7347	0.6757	0.5767	-0.1881	-0.4191	-0.1070	-0.0357	0.0061	
35.9499	-30.9490	29.1008	0.9076	-0.5033	0.7346	0.6577	0.5710	-0.2383	-0.4308	-0.1051	-0.0386	0.0039	
36.0408	-31.0011	29.1751	0.9076	-0.5034	0.7347	0.6343	0.5776	-0.2870	-0.4284	-0.1011	-0.0438	0.0056	
36.1351	-31.0499	29.2467	0.9078	-0.5033	0.7346	0.6086	0.5794	-0.3372	-0.4257	-0.0983	-0.0486	0.0061	
36.2249	-31.0994	29.3195	0.9077	-0.5033	0.7346	0.5679	0.5869	-0.3906	-0.4245	-0.0977	-0.0547	0.0093	
36.3161	-31.1495	29.3989	0.9077	-0.5033	0.7348	0.5371	0.5875	-0.4306	-0.4265	-0.0950	-0.0562	0.0101	
36.4073	-31.2004	29.4734	0.9078	-0.5033	0.7348	0.5062	0.5839	-0.4638	-0.4345	-0.0929	-0.0553	0.0103	
36.4975	-31.2507	29.5488	0.9077	-0.5033	0.7349	0.4713	0.5739	-0.5122	-0.4311	-0.0925	-0.0586	0.0088	
36.5860	-31.3004	29.6244	0.9077	-0.5033	0.7350	0.4367	0.5534	-0.5591	-0.4358	-0.0941	-0.0589	0.0059	
36.6759	-31.3481	29.6993	0.9076	-0.5032	0.7351	0.3981	0.5373	-0.6036	-0.4337	-0.0944	-0.0609	0.0045	
36.7662	-31.3963	29.7701	0.9076	-0.5031	0.7350	0.3576	0.5167	-0.6534	-0.4214	-0.0950	-0.0649	0.0017	
36.8536	-31.4497	29.8445	0.9075	-0.5032	0.7350	0.3252	0.5127	-0.6833	-0.4081	-0.0898	-0.0665	0.0016	
36.9416	-31.4966	29.9162	0.9074	-0.5031	0.7349	0.2801	0.4891	-0.7242	-0.3961	-0.0910	-0.0689	-0.0002	
37.0322	-31.5458	29.9875	0.9074	-0.5031	0.7348	0.2426	0.4700	-0.7626	-0.3727	-0.0890	-0.0722	-0.0034	
37.1230	-31.5947	30.0615	0.9074	-0.5030	0.7349	0.2082	0.4538	-0.7948	-0.3464	-0.0856	-0.0746	-0.0064	
37.2151	-31.6487	30.1340	0.9074	-0.5031	0.7348	0.1588	0.4264	-0.8343	-0.3093	-0.0862	-0.0807	-0.0106	
37.3040	-31.6969	30.2066	0.9074	-0.5031	0.7348	0.1119	0.4124	-0.8585	-0.2840	-0.0837	-0.0833	-0.0109	
37.3994	-31.7449	30.2819	0.9075	-0.5030	0.7349	0.0750	0.3896	-0.8805	-0.2610	-0.0819	-0.0827	-0.0125	
37.4883	-31.7872	30.3629	0.9075	-0.5027	0.7351	0.0454	0.3737	-0.9039	-0.2074	-0.0874	-0.0791	-0.0057	
37.5788	-31.8367	30.4362	0.9075	-0.5027	0.7351	0.0100	0.3458	-0.9230	-0.1705	-0.0845	-0.0816	-0.0089	
37.6695	-31.8851	30.5094	0.9075	-0.5026	0.7351	0.0220	-0.3075	0.9409	0.1417	-0.0859	-0.0807	-0.0077	
37.7615	-31.9296	30.5875	0.9075	-0.5024	0.7353	0.0539	-0.2767	0.9544	0.1029	-0.0888	-0.0778	-0.0119	
37.8542	-31.9719	30.6615	0.9076	-0.5021	0.7353	0.0802	-0.2430	0.9654	0.0599	-0.0917	-0.0743	-0.0198	
37.9465	-32.0196	30.7373	0.9076	-0.5020	0.7354	0.0967	-0.2040	0.9748	0.0071	-0.0952	-0.0693	-0.0313	
38.0400	-32.0684	30.8082	0.9077	-0.5020	0.7353	0.1056	-0.1593	0.9811	-0.0423	-0.0977	-0.0634	-0.0403	
38.1322	-32.1199	30.8836	0.9078	-0.5020	0.7354	0.0993	-0.1072	0.9834	-0.1122	-0.1028	-0.0558	-0.0555	
38.2232	-32.1684	30.9602	0.9078	-0.5019	0.7355	0.0938	-0.0645	0.9787	-0.1737	-0.1028	-0.0500	-0.0655	
38.3156	-32.2202	31.0302	0.9078	-0.5020	0.7353	0.0891	-0.0201	0.9652	-0.2449	-0.1032	-0.0468	-0.0767	
38.4049	-32.2720	31.0986	0.9078	-0.5021	0.7352	0.0699	0.0266	0.9471	-0.3120	-0.1039	-0.0403	-0.0858	
38.5002	-32.3197	31.1698	0.9079	-0.5020	0.7351	0.0648	0.0636	0.9255	-0.3688	-0.1012	-0.0381	-0.0903	
38.5922	-32.3735	31.2424	0.9080	-0.5021	0.7350	0.0516	0.1045	0.8961	-0.4280	-0.1003	-0.0346	-0.0957	
38.6845	-32.4210	31.3147	0.9080	-0.5020	0.7350	0.0545	0.1263	0.8720	-0.4737	-0.0939	-0.0343	-0.0963	
38.7763	-32.4745	31.3866	0.9081	-0.5021	0.7349	0.0307	0.1616	0.8446	-0.5114	-0.0932	-0.0279	-0.0958	
38.8681	-32.5301	31.4588	0.9081	-0.5023	0.7349	-0.0000	0.1997	0.8030	-0.5612	-0.0944	-0.0213	-0.0999	
38.9659	-32.5821	31.5313	0.9084	-0.5024	0.7349	0.0221	-0.2322	-0.7656	0.6003	-0.0965	-0.0229	-0.0989	
39.0600	-32.6349	31.6072	0.9085	-0.5025	0.7349	0.0357	-0.2726	-0.7276	0.6293	-0.0976	-0.0229	-0.0994	
39.1507	-32.6877	31.6785	0.9085	-0.5025	0.7349	0.0534	-0.3079	-0.6818	0.6618	-0.0995	-0.0212	-0.0990	
39.2430	-32.7380	31.7536	0.9085	-0.5025	0.7349	0.0716	-0.3423	-0.6399	0.6854	-0.1004	-0.0202	-0.0969	
39.3347	-32.7902	31.8266	0.9085	-0.5026	0.7349	0.0991	-0.3787	-0.5944	0.7032	-0.1038	-0.0186	-0.0935	
39.4274	-32.8402	31.9034	0.9086	-0.5026	0.7350	0.1264	-0.4142	-0.5489	0.7159	-0.1059	-0.0166	-0.0896	
39.5222	-32.8953	31.9766	0.9087	-0.5028	0.7350	0.1660	-0.4517	-0.5057	0.7173	-0.1109	-0.0146	-0.0829	
39.6173	-32.9444	32.0546	0.9089	-0.5027	0.7352	0.2030	-0.4773	-0.4667	0.7184	-0.1115	-0.0100	-0.0764	
39.7116	-32.9969	32.1240	0.9090	-0.5028	0.7350	0.2426	-0.4988	-0.4306	0.7142	-0.1117	-0.0052	-0.0694	
39.8041	-33.0463	32.1987	0.9091	-0.5028	0.7351	0.2792	-0.5192	-0.3964	0.7059	-0.1110	-0.0018	-0.0628	
39.8929	-33.0966	32.2740	0.9090	-0.5028	0.7351	0.3056	-0.5368	-0.3603	0.7008	-0.1081	0.0007	-0.0589	
39.9836	-33.1465	32.3481	0.9090	-0.5028	0.7351	0.3410	-0.5630	-0.3294	0.6785	-0.1090	0.0003	-0.0520	
40.0746	-33.1946	32.4218	0.9090	-0.5027	0.7352	0.3754	-0.5853	-0.2812	0.6611	-0.1114	0.0020	-0.0499	
40.1633	-33.2447	32.4944	0.9089	-0.5027	0.7351	0.4113	-0.5909	-0.2473	0.6505	-0.1095	0.0067	-0.0455	
40.2545	-33.2952	32.5690	0.9089	-0.5027	0.7352	0.4362	-0.6069	-0.2164	0.6297	-0.1076	0.0061	-0.0416	
40.3493	-33.3460	32.6420	0.9091	-0.5027	0.7351	0.4566	-0.6216	-0.1833	0.6109	-0.1053	0.0056	-0.0392	
40.4404	-33.3974	32.7185	0.9091	-0.5028	0.7352	0.4868	-0.6236	-0.1550	0.5937	-0.1032	0.0084	-0.0347	
40.5308	-33.4479	32.7870	0.9090	-0.5028	0.7351	0.5111	-0.6419	-0.1242	0.5587	-0.1038	0.0051	-0.0314	
40.6224	-33.4997	32.8653	0.9091	-0.5028	0.7352	0.5318	-0.6501	-0.0794	0.5369	-0.1040	0.0064	-0.0311	
40.7131	-33.5510	32.9412	0.9091	-0.5028	0.7353	0.5610	-0.6575	-0.0299	0.5010	-0.1079	0.0069	-0.0293	
40.8033	-33.6020	33.0146	0.9090	-0.5029	0.7353	0.5829	-0.6647	-0.0063	0.4695	-0.1058	0.0051	-0.0257	
40.8942	-33.6503	33.0885	0.9090	-0.5028	0.7353	0.6027	-0.6672	0.0271	0.4377	-0.1052	0.0049	-0.0234	
40.9889	-33.7018	33.1627	0.9092	-0.5028	0.7353	0.6198	-0.6681	0.0737	0.4044	-0.1067	0.0057	-0.0232	
41.0795	-33.7525	33.2362	0.9092	-0.5029	0.7353	0.6533	-0.6609	0.0909	0.3610	-0.1070	0.0042	-0.0155	
41.1701	-33.8007	33.3082	0.9091	-0.5028	0.7353	0.6700	-0.6570	0.1201	0.3251	-0.1060	0.0036	-0.0134	
41.2601	-33.8526	33.3817	0.9091	-0.5028	0.7353	0.6923	-0.6473	0.1438	0.2861	-0.1056	0.0028	-0.0090	
41.3537	-33.9053	33.4528	0.9092	-0.5029	0.7352	0.7096	-0.6385	0.1819	0.2338	-0.1093	0.0013	-0.0074	
41.4436	-33.9564	33.5246	0.9092	-0.5029	0.7352	0.7225	-0.6308	0.2100	0.1904	-0.1090	-0.0002	-0.0060	
41.5338	-34.0100	33.5970	0.9091	-0.5031	0.7351	0.7435	-0.6132	0.2261	0.1455	-0.1084	-0.0023	-0.0005	
41.6235	-34.0618	33.6734	0.9091	-0.5031	0.7352	0.7625	-0.5933	0.2399	0.0995	-0.1077	-0.0049	0.0045	
41.7152	-34.1145	33.7439	0.9091	-0.5032	0.7351	0.7671	-0.5785	0.2715	0.0508	-0.1091	-0.0056	0.0040	
41.8071	-34.1599	33.8188	0.9092	-0.5030	0.7352	0.7771	-0.5563	0.2948	0.0096	-0.1085	-0.0059	0.0065	
41.8990	-34.2113	33.8939	0.9092	-0.5031	0.7352	0.7835	-0.5342	0.3147	-0.0399	-0.1090	-0.0080	0.0082	
41.9900	-34.2608	33.9675	0.9092	-0.5030	0.7352	0.7974	-0.5018	0.3227	-0.0926	-0.1094	-0.0123	0.0137	
42.0810	-34.3121	34.0449	0.9092	-0.5031	0.7353	0.8076	-0.4634	0.3394	-0.1344	-0.1093	-0.0132	0.0185	
42.1741	-34.3629	34.1195	0.9093	-0.5031	0.7354	0.8191	-0.4277	0.3368	-0.1833	-0.1078	-0.0186	0.0233	
42.2620	-34.4136	34.1973	0.9092	-0.5031	0.7355	0.8282	-0.3916	0.3300	-0.2299	-0.1057	-0.0242	0.0272	
42.3561	-34.4661	34.2706	0.9093	-0.5032	0.7355	0.8322	-0.3448	0.3377	-0.2723	-0.1059	-0.0259	0.0315	
42.4457	-34.5174	34.3438	0.9092	-0.5032	0.7355	0.8364	-0.3024	0.3216	-0.3252	-0.1050	-0.0336	0.0345	
42.5382	-34.5676	34.4172	0.9093	-0.5032	0.7355	0.8394	-0.2619	0.3054	-0.3667	-0.1019	-0.0391	0.0368	
42.6314	-34.6148	34.4944	0.9094	-0.5031	0.7356	0.8387	-0.2141	0.2937	-0.4056	-0.1003	-0.0431	0.0397	
42.7242	-34.6634	34.5660	0.9094	-0.5030	0.7355	0.8278	-0.1608	0.2779	-0.4583	-0.1025	-0.0487	0.0416	
42.8178	-34.7143	34.6400	0.9095	-0.5031	0.7356	0.8159	-0.1150	0.2614	-0.5022	-0.1021	-0.0526	0.0418	
42.9110	-34.7628	34.7139	0.9096	-0.5030	0.7356	0.8006	-0.0772	0.2512	-0.5391	-0.1007	-0.0533	0.0406	
43.0042	-34.8115	34.7927	0.9096	-0.5029	0.7357	0.7792	-0.0369	0.2117	-0.5886	-0.1007	-0.0616	0.0374	
43.0937	-34.8639	34.8706	0.9096	-0.5030	0.7359	0.7610	0.0116	0.1755	-0.6242	-0.0992	-0.0682	0.0369	
43.1849	-34.9175	34.9409	0.9096	-0.5031	0.7358	0.7392	0.0514	0.1310	-0.6587	-0.0972	-0.0750	0.0337	
43.2798	-34.9673	35.0138	0.9097	-0.5031	0.7357	0.7207	0.0902	0.0911	-0.6820	-0.0935	-0.0794	0.0313	
43.3696	-35.0180	35.0880	0.9097	-0.5031	0.7358	0.7014	0.1260	0.0357	-0.7015	-0.0894	-0.0864	0.0268	
43.4582	-35.0673	35.1644	0.9096	-0.5031	0.7358	0.6825	0.1570	-0.0177	-0.7147	-0.0849	-0.0912	0.0220	
43.5503	-35.1195	35.2384	0.9097	-0.5031	0.7359	0.6455	0.1798	-0.0692	-0.7391	-0.0851	-0.0938	0.0155	
43.6375	-35.1710	35.3152	0.9095	-0.5032	0.7360	0.6079	0.2004	-0.1247	-0.7582	-0.0850	-0.0965	0.0088	
43.7279	-35.2225	35.3916	0.9095	-0.5032	0.7360	0.5654	0.2206	-0.1710	-0.7762	-0.0857	-0.0968	0.0042	
43.8182	-35.2730	35.4708	0.9095	-0.5032	0.7362	0.5233	0.2328	-0.2279	-0.7877	-0.0859	-0.0980	-0.0030	
43.9048	-35.3225	35.5464	0.9094	-0.5032	0.7363	0.4832	0.2415	-0.2807	-0.7939	-0.0854	-0.0978	-0.0093	
43.9911	-35.3718	35.6218	0.9092	-0.5032	0.7363	0.4428	0.2344	-0.3347	-0.7993	-0.0856	-0.0949	-0.0180	
44.0849	-35.4210	35.6912	0.9093	-0.5031	0.7362	0.4061	0.2334	-0.3815	-0.7980	-0.0842	-0.0925	-0.0232	
44.1725	-35.4687	35.7695	0.9092	-0.5030	0.7364	0.3538	0.2219	-0.4331	-0.7989	-0.0871	-0.0898	-0.0302	
44.2611	-35.5183	35.8411	0.9091	-0.5030	0.7363	0.3035	0.2065	-0.4822	-0.7957	-0.0893	-0.0865	-0.0366	
44.3531	-35.5678	35.9149	0.9092	-0.5030	0.7363	0.2736	0.1884	-0.5320	-0.7807	-0.0868	-0.0828	-0.0435	
44.4407	-35.6165	35.9890	0.9091	-0.5030	0.7363	0.2326	0.1705	-0.5694	-0.7708	-0.0868	-0.0781	-0.0467	
44.5330	-35.6695	36.0592	0.9091	-0.5030	0.7362	0.1941	0.1546	-0.6052	-0.7575	-0.0860	-0.0744	-0.0494	
44.6234	-35.7205	36.1320	0.9091	-0.5031	0.7362	0.1499	0.1358	-0.6402	-0.7415	-0.0866	-0.0711	-0.0521	
44.7142	-35.7701	36.2042	0.9091	-0.5030	0.7361	0.1148	0.1251	-0.6794	-0.7147	-0.0839	-0.0703	-0.0559	
44.8048	-35.8161	36.2818	0.9091	-0.5029	0.7363	0.0905	0.0954	-0.7124	-0.6915	-0.0820	-0.0641	-0.0598	
44.8911	-35.8650	36.3545	0.9089	-0.5029	0.7362	0.0536	0.0691	-0.7357	-0.6727	-0.0824	-0.0679	-0.0598	
44.9809	-35.9108	36.4255	0.9089	-0.5027	0.7361	0.0078	0.0439	-0.7580	-0.6512	-0.0834	-0.0643	-0.0612	
45.0693	-35.9595	36.4986	0.9088	-0.5027	0.7361	0.0298	-0.0200	0.7810	0.6244	-0.0855	-0.0650	-0.0597	
45.1625	-36.0103	36.5698	0.9089	-0.5027	0.7361	0.0694	-0.0034	0.7982	0.5995	-0.0864	-0.0640	-0.0592	
45.2491	-36.0629	36.6426	0.9088	-0.5028	0.7360	0.1098	0.0240	0.8137	0.5711	-0.0889	-0.0617	-0.0582	
45.3369	-36.1148	36.7124	0.9087	-0.5028	0.7359	0.1509	0.0541	0.8223	0.5470	-0.0911	-0.0590	-0.0553	
45.4250	-36.1666	36.7861	0.9086	-0.5029	0.7359	0.1870	0.0853	0.8336	0.5138	-0.0931	-0.0534	-0.0564	
