0.4869	-11.8250	-0.3455	0.0000	0.0000	0.0000	0.5307	0.7719	0.3059	-0.1703	0.0000	0.0000	0.0000	
0.4109	-11.6805	-0.3477	-0.0075	0.0143	-0.0002	0.5195	0.7484	0.3539	-0.2255	0.0052	0.0302	-0.0050	
0.2821	-11.5630	-0.3283	-0.0250	0.0451	0.0010	0.5241	0.7687	0.2952	-0.2330	-0.0630	-0.0159	-0.0157	
0.2124	-11.5180	-0.3415	-0.0452	0.0658	-0.0049	0.4967	0.8242	0.2191	-0.1831	-0.0841	-0.0935	0.0480	
0.2892	-11.4532	-0.2979	-0.0043	0.1033	0.0365	0.5099	0.8277	0.1770	-0.1706	-0.0756	-0.0829	0.0161	
0.3487	-11.3561	-0.2302	0.0540	0.1497	0.0299	0.4694	0.8642	0.1463	-0.1213	-0.0631	-0.0908	0.0576	
0.4086	-11.3796	-0.2208	0.0722	0.1193	0.0714	0.4661	0.8773	0.0720	-0.0863	-0.0751	-0.1038	0.0434	
0.4122	-11.3688	-0.2744	0.0942	0.1298	0.0316	0.4558	0.8891	0.0676	-0.1096	-0.0653	-0.0702	0.0347	
0.4577	-11.4171	-0.3087	0.0970	0.0620	0.0133	0.4366	0.8951	-0.0016	-0.0799	-0.0743	-0.0807	0.0333	
0.4640	-11.4595	-0.4261	0.1141	0.0225	-0.0763	0.4222	0.9050	-0.0157	-0.1074	-0.0711	-0.0590	0.0282	
0.6113	-11.4910	-0.4323	0.2338	-0.0203	-0.0758	0.4002	0.9106	-0.0395	-0.1067	-0.0696	-0.0531	0.0299	
0.6562	-11.5245	-0.4218	0.2783	-0.0410	-0.0477	0.3965	0.9117	-0.0674	-0.0947	-0.0643	-0.0514	0.0253	
0.7305	-11.6686	-0.3991	0.3156	-0.1754	-0.0136	0.3835	0.9127	-0.1059	-0.0961	-0.0662	-0.0486	0.0236	
0.8357	-11.8601	-0.4591	0.3722	-0.3436	-0.0737	0.3579	0.9193	-0.1413	-0.0823	-0.0659	-0.0499	0.0266	
0.9007	-12.0417	-0.5652	0.4202	-0.4701	-0.1688	0.3440	0.9240	-0.1637	-0.0514	-0.0590	-0.0529	0.0263	
1.0111	-12.0991	-0.6165	0.4857	-0.4745	-0.1929	0.3346	0.9244	-0.1839	-0.0355	-0.0552	-0.0520	0.0243	
1.0593	-12.1962	-0.6973	0.4716	-0.5214	-0.2456	0.3040	0.9246	-0.2271	-0.0152	-0.0573	-0.0550	0.0273	
1.0703	-12.2977	-0.7229	0.4569	-0.5607	-0.2675	0.2779	0.9282	-0.2485	0.0157	-0.0519	-0.0579	0.0301	
1.1166	-12.4606	-0.7166	0.4596	-0.6397	-0.2492	0.2615	0.9214	-0.2829	0.0471	-0.0505	-0.0614	0.0291	
1.2524	-12.5799	-0.8109	0.5150	-0.6812	-0.2959	0.2344	0.9210	-0.3062	0.0605	-0.0502	-0.0600	0.0308	
1.2961	-12.6893	-0.8187	0.5104	-0.7094	-0.2827	0.2140	0.9130	-0.3377	0.0805	-0.0500	-0.0607	0.0305	
1.4574	-12.7902	-0.8557	0.5757	-0.7287	-0.2878	0.1967	0.9040	-0.3635	0.1106	-0.0491	-0.0628	0.0292	
1.5289	-12.8720	-0.8971	0.5841	-0.7344	-0.2946	0.1742	0.8962	-0.3902	0.1217	-0.0491	-0.0610	0.0297	
1.6254	-13.0317	-1.0496	0.6097	-0.7854	-0.3706	0.1549	0.8917	-0.4010	0.1464	-0.0452	-0.0613	0.0284	
1.7158	-13.1282	-1.1003	0.6270	-0.7947	-0.3786	0.1414	0.8786	-0.4228	0.1724	-0.0442	-0.0622	0.0259	
1.8272	-13.2539	-1.1042	0.6537	-0.8186	-0.3598	0.1411	0.8588	-0.4471	0.2083	-0.0439	-0.0645	0.0203	
1.9049	-13.3406	-1.2132	0.6605	-0.8206	-0.3974	0.1355	0.8389	-0.4721	0.2353	-0.0444	-0.0649	0.0159	
1.9862	-13.4321	-1.2605	0.6693	-0.8242	-0.4013	0.1349	0.8175	-0.4927	0.2668	-0.0440	-0.0659	0.0110	
2.1599	-13.5626	-1.2998	0.7205	-0.8473	-0.4021	0.1287	0.7998	-0.5071	0.2953	-0.0434	-0.0660	0.0090	
2.2743	-13.6864	-1.3800	0.7403	-0.8658	-0.4215	0.1313	0.7744	-0.5272	0.3247	-0.0444	-0.0660	0.0043	
2.4271	-13.8221	-1.4257	0.7784	-0.8869	-0.4259	0.1349	0.7674	-0.5254	0.3462	-0.0403	-0.0631	0.0015	
2.4803	-13.9310	-1.4785	0.7683	-0.8956	-0.4317	0.1317	0.7421	-0.5353	0.3816	-0.0382	-0.0655	-0.0022	
2.5875	-14.0733	-1.5020	0.7802	-0.9192	-0.4230	0.1255	0.7127	-0.5586	0.4049	-0.0405	-0.0658	-0.0023	
2.6759	-14.1812	-1.5552	0.7843	-0.9261	-0.4281	0.1185	0.6836	-0.5746	0.4338	-0.0406	-0.0672	-0.0038	
2.6925	-14.2725	-1.6215	0.7590	-0.9264	-0.4368	0.1233	0.6419	-0.6005	0.4600	-0.0442	-0.0677	-0.0078	
2.8017	-14.3752	-1.6609	0.7721	-0.9303	-0.4352	0.1254	0.6079	-0.6172	0.4835	-0.0461	-0.0672	-0.0098	
2.8926	-14.4856	-1.7131	0.7777	-0.9369	-0.4394	0.1232	0.5788	-0.6245	0.5100	-0.0448	-0.0674	-0.0118	
3.0269	-14.6176	-1.8116	0.7982	-0.9520	-0.4610	0.1026	0.5423	-0.6427	0.5310	-0.0454	-0.0694	-0.0091	
3.1145	-14.7160	-1.8345	0.8008	-0.9530	-0.4521	0.0976	0.5110	-0.6591	0.5435	-0.0464	-0.0678	-0.0079	
3.1723	-14.7873	-1.8863	0.7933	-0.9442	-0.4546	0.0987	0.4884	-0.6655	0.5571	-0.0448	-0.0649	-0.0093	
3.2423	-14.8762	-1.9221	0.7899	-0.9423	-0.4507	0.0998	0.4521	-0.6814	0.5671	-0.0472	-0.0631	-0.0092	
3.3579	-14.9955	-1.9290	0.8025	-0.9506	-0.4379	0.1163	0.4219	-0.6885	0.5794	-0.0494	-0.0594	-0.0116	
3.4725	-15.0989	-2.0463	0.8142	-0.9539	-0.4633	0.1268	0.3882	-0.7012	0.5849	-0.0526	-0.0558	-0.0127	
3.5400	-15.2225	-2.0880	0.8089	-0.9635	-0.4618	0.1328	0.3544	-0.7187	0.5838	-0.0549	-0.0530	-0.0105	
3.6548	-15.2835	-2.1281	0.8204	-0.9517	-0.4595	0.1543	0.3181	-0.7275	0.5886	-0.0587	-0.0491	-0.0129	
3.7565	-15.3874	-2.1962	0.8263	-0.9546	-0.4666	0.1485	0.2690	-0.7453	0.5912	-0.0612	-0.0506	-0.0104	
3.8522	-15.5227	-2.1939	0.8299	-0.9667	-0.4516	0.1630	0.2416	-0.7542	0.5896	-0.0619	-0.0471	-0.0096	
3.9286	-15.6125	-2.2542	0.8278	-0.9647	-0.4562	0.1706	0.2116	-0.7649	0.5847	-0.0622	-0.0444	-0.0083	
4.0070	-15.7328	-2.2611	0.8261	-0.9717	-0.4446	0.1829	0.1741	-0.7738	0.5810	-0.0641	-0.0427	-0.0076	
4.0570	-15.8292	-2.3214	0.8161	-0.9716	-0.4492	0.1720	0.1377	-0.7888	0.5742	-0.0626	-0.0442	-0.0039	
4.1752	-15.9476	-2.3812	0.8263	-0.9777	-0.4538	0.1761	0.0959	-0.8054	0.5578	-0.0659	-0.0432	0.0000	
4.2557	-16.0135	-2.4658	0.8256	-0.9687	-0.4649	0.1696	0.0750	-0.8222	0.5398	-0.0634	-0.0417	0.0046	
4.3298	-16.0916	-2.5492	0.8233	-0.9636	-0.4751	0.1591	0.0261	-0.8316	0.5308	-0.0642	-0.0443	0.0057	
4.4035	-16.1924	-2.6144	0.8205	-0.9648	-0.4801	0.1431	-0.0158	-0.8463	0.5128	-0.0638	-0.0470	0.0100	
4.5081	-16.2991	-2.6784	0.8263	-0.9674	-0.4848	0.1214	-0.0502	-0.8627	0.4888	-0.0622	-0.0497	0.0156	
4.5929	-16.4044	-2.7223	0.8268	-0.9696	-0.4837	0.1145	-0.0821	-0.8706	0.4718	-0.0614	-0.0494	0.0173	
4.6842	-16.4901	-2.7710	0.8292	-0.9665	-0.4838	0.1054	-0.1066	-0.8755	0.4605	-0.0589	-0.0487	0.0173	
4.7591	-16.5821	-2.8338	0.8269	-0.9654	-0.4876	0.0918	-0.1444	-0.8864	0.4297	-0.0592	-0.0503	0.0220	
4.8298	-16.6721	-2.9034	0.8237	-0.9638	-0.4930	0.0697	-0.1695	-0.8965	0.4042	-0.0559	-0.0523	0.0252	
4.8984	-16.7802	-2.9578	0.8200	-0.9667	-0.4945	0.0446	-0.2024	-0.9008	0.3814	-0.0538	-0.0556	0.0269	
4.9982	-16.8670	-3.0140	0.8245	-0.9642	-0.4962	0.0243	-0.2205	-0.9063	0.3614	-0.0502	-0.0559	0.0279	
5.0800	-16.9778	-3.0378	0.8244	-0.9676	-0.4900	0.0023	-0.2597	-0.9046	0.3368	-0.0496	-0.0537	0.0269	
5.1680	-17.0787	-3.0932	0.8257	-0.9685	-0.4917	0.0214	0.2844	0.9046	-0.3171	-0.0472	-0.0557	0.0272	
5.2686	-17.1821	-3.1398	0.8300	-0.9699	-0.4912	0.0355	0.3076	0.9069	-0.2861	-0.0462	-0.0555	0.0305	
5.3507	-17.2833	-3.1660	0.8297	-0.9708	-0.4859	0.0559	0.3356	0.9019	-0.2662	-0.0452	-0.0570	0.0300	
5.4446	-17.3771	-3.2027	0.8322	-0.9699	-0.4833	0.0851	0.3660	0.8950	-0.2394	-0.0442	-0.0607	0.0306	
5.5310	-17.5015	-3.2635	0.8329	-0.9759	-0.4863	0.1158	0.3960	0.8813	-0.2312	-0.0435	-0.0633	0.0262	
5.6054	-17.5771	-3.3119	0.8310	-0.9711	-0.4863	0.1471	0.4103	0.8778	-0.1998	-0.0396	-0.0662	0.0281	
5.6775	-17.6593	-3.3685	0.8287	-0.9680	-0.4879	0.1693	0.4320	0.8662	-0.1873	-0.0388	-0.0660	0.0251	
5.7635	-17.7408	-3.4328	0.8295	-0.9647	-0.4914	0.2051	0.4582	0.8491	-0.1622	-0.0381	-0.0702	0.0242	
5.8431	-17.8470	-3.4797	0.8287	-0.9667	-0.4909	0.2247	0.4808	0.8343	-0.1524	-0.0383	-0.0688	0.0215	
5.9110	-17.9424	-3.5326	0.8256	-0.9665	-0.4916	0.2463	0.5043	0.8159	-0.1402	-0.0388	-0.0685	0.0191	
6.0057	-18.0422	-3.6004	0.8281	-0.9671	-0.4956	0.2690	0.5267	0.7963	-0.1278	-0.0391	-0.0682	0.0171	
6.0940	-18.1439	-3.6827	0.8293	-0.9681	-0.5024	0.3038	0.5460	0.7721	-0.1150	-0.0387	-0.0710	0.0139	
6.1617	-18.2406	-3.7414	0.8262	-0.9681	-0.5042	0.3377	0.5603	0.7490	-0.1062	-0.0378	-0.0728	0.0103	
6.2240	-18.3220	-3.7945	0.8222	-0.9652	-0.5046	0.3631	0.5717	0.7295	-0.1000	-0.0369	-0.0720	0.0074	
6.3315	-18.4252	-3.8369	0.8273	-0.9664	-0.5030	0.3841	0.5909	0.7040	-0.0879	-0.0376	-0.0711	0.0067	
6.4206	-18.5375	-3.8868	0.8285	-0.9693	-0.5030	0.4119	0.5987	0.6832	-0.0759	-0.0356	-0.0715	0.0053	
6.4837	-18.6322	-3.9267	0.8247	-0.9690	-0.5009	0.4324	0.6072	0.6639	-0.0670	-0.0343	-0.0702	0.0042	
6.5704	-18.7315	-3.9957	0.8256	-0.9694	-0.5046	0.4574	0.6176	0.6371	-0.0596	-0.0344	-0.0702	0.0020	
6.6671	-18.8577	-4.0329	0.8282	-0.9747	-0.5021	0.4859	0.6338	0.5981	-0.0703	-0.0384	-0.0694	-0.0034	
6.7536	-18.9632	-4.0814	0.8290	-0.9761	-0.5018	0.5066	0.6468	0.5652	-0.0773	-0.0408	-0.0673	-0.0065	
6.8309	-19.0455	-4.1253	0.8279	-0.9734	-0.5006	0.5253	0.6653	0.5254	-0.0688	-0.0434	-0.0678	-0.0067	
6.9171	-19.1452	-4.1750	0.8286	-0.9738	-0.5005	0.5497	0.6740	0.4880	-0.0746	-0.0452	-0.0673	-0.0102	
7.0104	-19.2718	-4.2233	0.8304	-0.9789	-0.5002	0.5619	0.6833	0.4600	-0.0844	-0.0461	-0.0633	-0.0114	
7.0870	-19.3636	-4.2691	0.8293	-0.9778	-0.4994	0.5808	0.6869	0.4284	-0.0877	-0.0461	-0.0623	-0.0135	
7.1713	-19.4779	-4.3085	0.8295	-0.9807	-0.4975	0.5960	0.6925	0.3955	-0.0959	-0.0470	-0.0601	-0.0151	
7.2614	-19.5722	-4.3407	0.8308	-0.9800	-0.4944	0.6053	0.7022	0.3608	-0.1033	-0.0490	-0.0575	-0.0152	
7.3512	-19.6697	-4.3812	0.8320	-0.9799	-0.4929	0.6108	0.7186	0.3138	-0.1081	-0.0535	-0.0564	-0.0141	
7.4326	-19.7727	-4.4378	0.8316	-0.9807	-0.4941	0.6126	0.7326	0.2806	-0.0996	-0.0531	-0.0557	-0.0108	
7.5105	-19.8651	-4.4856	0.8307	-0.9798	-0.4938	0.6127	0.7451	0.2407	-0.1079	-0.0562	-0.0534	-0.0097	
7.5753	-19.9400	-4.5394	0.8275	-0.9761	-0.4944	0.6115	0.7527	0.2180	-0.1170	-0.0557	-0.0492	-0.0086	
7.6384	-20.0361	-4.5742	0.8242	-0.9760	-0.4919	0.6159	0.7576	0.1710	-0.1306	-0.0594	-0.0481	-0.0101	
7.7256	-20.1343	-4.6215	0.8250	-0.9760	-0.4916	0.5982	0.7805	0.1345	-0.1263	-0.0609	-0.0468	-0.0029	
7.8123	-20.2238	-4.6648	0.8257	-0.9747	-0.4906	0.5875	0.7932	0.1007	-0.1266	-0.0614	-0.0454	0.0004	
7.8876	-20.3133	-4.7035	0.8244	-0.9735	-0.4889	0.5731	0.8080	0.0671	-0.1213	-0.0610	-0.0449	0.0048	
7.9735	-20.4194	-4.7529	0.8249	-0.9748	-0.4890	0.5598	0.8193	0.0344	-0.1207	-0.0609	-0.0438	0.0075	
8.0471	-20.5050	-4.8208	0.8235	-0.9730	-0.4920	0.5529	0.8247	0.0001	-0.1198	-0.0606	-0.0437	0.0075	
8.1372	-20.5945	-4.8739	0.8247	-0.9718	-0.4926	0.5389	0.8350	-0.0234	-0.1140	-0.0581	-0.0427	0.0104	
8.2087	-20.7095	-4.9289	0.8230	-0.9745	-0.4934	0.5238	0.8431	-0.0492	-0.1144	-0.0568	-0.0411	0.0124	
8.2735	-20.8073	-4.9845	0.8203	-0.9745	-0.4944	0.5082	0.8495	-0.0886	-0.1089	-0.0575	-0.0422	0.0139	
8.3704	-20.9068	-5.0151	0.8226	-0.9748	-0.4915	0.4884	0.8558	-0.1403	-0.0921	-0.0594	-0.0465	0.0167	
8.4651	-20.9909	-5.0567	0.8245	-0.9729	-0.4904	0.4672	0.8618	-0.1817	-0.0744	-0.0592	-0.0496	0.0195	
8.5456	-21.0913	-5.1094	0.8242	-0.9733	-0.4910	0.4466	0.8657	-0.2175	-0.0599	-0.0580	-0.0512	0.0212	
8.6262	-21.1798	-5.1616	0.8239	-0.9721	-0.4914	0.4178	0.8748	-0.2431	-0.0412	-0.0547	-0.0528	0.0254	
8.7046	-21.2775	-5.2130	0.8233	-0.9721	-0.4917	0.3918	0.8796	-0.2698	-0.0184	-0.0513	-0.0551	0.0278	
8.7791	-21.3811	-5.2726	0.8222	-0.9730	-0.4932	0.3674	0.8788	-0.3037	0.0078	-0.0495	-0.0584	0.0286	
8.8643	-21.4991	-5.3281	0.8226	-0.9758	-0.4941	0.3375	0.8799	-0.3343	0.0128	-0.0501	-0.0573	0.0310	
8.9431	-21.6020	-5.3773	0.8221	-0.9765	-0.4940	0.3065	0.8833	-0.3538	0.0344	-0.0462	-0.0588	0.0334	
9.0345	-21.6935	-5.4118	0.8234	-0.9757	-0.4920	0.2780	0.8777	-0.3839	0.0683	-0.0439	-0.0634	0.0339	
9.1228	-21.8078	-5.4545	0.8242	-0.9780	-0.4910	0.2480	0.8662	-0.4207	0.1015	-0.0437	-0.0680	0.0338	
9.2156	-21.9069	-5.5058	0.8257	-0.9781	-0.4914	0.2348	0.8554	-0.4412	0.1395	-0.0401	-0.0709	0.0294	
9.3068	-21.9915	-5.5539	0.8269	-0.9764	-0.4912	0.2192	0.8403	-0.4675	0.1663	-0.0396	-0.0718	0.0263	
9.3962	-22.0863	-5.6080	0.8278	-0.9760	-0.4919	0.2018	0.8261	-0.4924	0.1865	-0.0396	-0.0713	0.0244	
9.4836	-22.1788	-5.6497	0.8284	-0.9753	-0.4909	0.1956	0.8157	-0.5045	0.2091	-0.0369	-0.0696	0.0203	
9.5527	-22.2803	-5.7028	0.8265	-0.9758	-0.4914	0.1803	0.7955	-0.5235	0.2463	-0.0348	-0.0726	0.0167	
9.6578	-22.3799	-5.7488	0.8295	-0.9760	-0.4911	0.1752	0.7910	-0.5235	0.2692	-0.0305	-0.0699	0.0134	
9.7492	-22.4646	-5.8103	0.8307	-0.9744	-0.4927	0.1633	0.7666	-0.5517	0.2853	-0.0338	-0.0686	0.0118	
9.8232	-22.5722	-5.8651	0.8295	-0.9756	-0.4934	0.1487	0.7426	-0.5708	0.3167	-0.0334	-0.0706	0.0093	
9.8979	-22.6674	-5.9109	0.8284	-0.9753	-0.4929	0.1224	0.7308	-0.5773	0.3438	-0.0292	-0.0721	0.0103	
9.9798	-22.7683	-5.9502	0.8283	-0.9758	-0.4917	0.1006	0.7101	-0.5859	0.3771	-0.0267	-0.0745	0.0091	
10.0658	-22.8580	-5.9957	0.8287	-0.9748	-0.4912	0.0989	0.6868	-0.5986	0.4015	-0.0278	-0.0727	0.0050	
10.1676	-22.9672	-6.0422	0.8311	-0.9762	-0.4909	0.0881	0.6615	-0.6118	0.4247	-0.0288	-0.0722	0.0035	
10.2524	-23.0719	-6.1068	0.8313	-0.9770	-0.4928	0.0930	0.6384	-0.6138	0.4564	-0.0283	-0.0710	-0.0028	
10.3287	-23.1844	-6.1622	0.8305	-0.9788	-0.4936	0.0928	0.6159	-0.6177	0.4810	-0.0279	-0.0694	-0.0063	
10.4156	-23.2931	-6.2006	0.8310	-0.9800	-0.4922	0.0878	0.5766	-0.6353	0.5057	-0.0315	-0.0699	-0.0078	
10.4937	-23.3904	-6.2491	0.8304	-0.9800	-0.4921	0.0914	0.5438	-0.6468	0.5271	-0.0340	-0.0682	-0.0107	
10.5853	-23.4864	-6.2969	0.8314	-0.9797	-0.4919	0.0804	0.5121	-0.6605	0.5432	-0.0352	-0.0678	-0.0095	
10.6704	-23.5976	-6.3491	0.8316	-0.9812	-0.4923	0.0917	0.4774	-0.6686	0.5633	-0.0383	-0.0654	-0.0134	
10.7393	-23.7100	-6.3993	0.8299	-0.9829	-0.4924	0.0901	0.4389	-0.6817	0.5782	-0.0407	-0.0647	-0.0135	
10.8202	-23.8174	-6.4481	0.8297	-0.9839	-0.4923	0.0942	0.4031	-0.6930	0.5904	-0.0433	-0.0627	-0.0141	
10.9121	-23.9325	-6.5027	0.8307	-0.9858	-0.4929	0.0991	0.3672	-0.7082	0.5952	-0.0467	-0.0599	-0.0129	
10.9884	-24.0416	-6.5422	0.8299	-0.9870	-0.4917	0.1000	0.3416	-0.7240	0.5922	-0.0477	-0.0563	-0.0095	
11.0766	-24.1388	-6.5992	0.8305	-0.9868	-0.4926	0.0973	0.3139	-0.7288	0.6012	-0.0468	-0.0551	-0.0098	
11.1698	-24.2436	-6.6374	0.8317	-0.9875	-0.4914	0.0982	0.2732	-0.7463	0.5990	-0.0504	-0.0538	-0.0068	
11.2519	-24.3259	-6.6858	0.8316	-0.9857	-0.4913	0.1028	0.2472	-0.7508	0.6047	-0.0501	-0.0514	-0.0077	
11.3491	-24.4276	-6.7475	0.8332	-0.9860	-0.4927	0.1088	0.2022	-0.7541	0.6150	-0.0529	-0.0512	-0.0101	
11.4377	-24.5263	-6.7986	0.8337	-0.9860	-0.4929	0.1083	0.1656	-0.7651	0.6129	-0.0542	-0.0503	-0.0079	
11.5251	-24.6350	-6.8608	0.8342	-0.9871	-0.4943	0.1002	0.1150	-0.7753	0.6123	-0.0563	-0.0523	-0.0059	
11.6211	-24.7293	-6.9070	0.8356	-0.9866	-0.4940	0.1073	0.0882	-0.7818	0.6089	-0.0566	-0.0492	-0.0050	
11.6956	-24.8311	-6.9628	0.8346	-0.9869	-0.4946	0.1046	0.0638	-0.7941	0.5965	-0.0553	-0.0474	-0.0009	
11.7859	-24.9278	-7.0041	0.8353	-0.9867	-0.4938	0.0983	0.0240	-0.7988	0.5929	-0.0556	-0.0484	0.0001	
11.8889	-25.0178	-7.0439	0.8374	-0.9858	-0.4928	0.0902	-0.0182	-0.8105	0.5783	-0.0569	-0.0495	0.0042	
11.9713	-25.1100	-7.0980	0.8372	-0.9852	-0.4933	0.0875	-0.0620	-0.8123	0.5730	-0.0582	-0.0500	0.0040	
12.0651	-25.2120	-7.1381	0.8383	-0.9855	-0.4923	0.0749	-0.1001	-0.8242	0.5524	-0.0578	-0.0516	0.0092	
12.1528	-25.3001	-7.1842	0.8387	-0.9845	-0.4920	0.0660	-0.1376	-0.8325	0.5326	-0.0578	-0.0523	0.0126	
12.2411	-25.4022	-7.2485	0.8392	-0.9848	-0.4936	0.0534	-0.1773	-0.8395	0.5106	-0.0576	-0.0538	0.0159	
12.3289	-25.4973	-7.2990	0.8396	-0.9845	-0.4937	0.0476	-0.2168	-0.8457	0.4850	-0.0586	-0.0541	0.0193	
12.4160	-25.5905	-7.3469	0.8399	-0.9840	-0.4936	0.0396	-0.2544	-0.8449	0.4688	-0.0585	-0.0544	0.0194	
12.4934	-25.6878	-7.3995	0.8392	-0.9839	-0.4939	0.0324	-0.2821	-0.8476	0.4491	-0.0568	-0.0538	0.0207	
12.5814	-25.7915	-7.4521	0.8396	-0.9844	-0.4942	0.0338	-0.3106	-0.8509	0.4230	-0.0570	-0.0517	0.0235	
12.6720	-25.8882	-7.4991	0.8403	-0.9842	-0.4940	0.0223	-0.3436	-0.8498	0.3990	-0.0562	-0.0529	0.0248	
12.7605	-25.9913	-7.5369	0.8407	-0.9847	-0.4928	0.0042	-0.3586	-0.8541	0.3790	-0.0513	-0.0536	0.0256	
12.8291	-26.0932	-7.5817	0.8392	-0.9850	-0.4924	0.0124	0.4032	0.8454	-0.3486	-0.0496	-0.0511	0.0240	
12.8926	-26.1818	-7.6273	0.8372	-0.9841	-0.4920	0.0384	0.4260	0.8419	-0.3299	-0.0518	-0.0506	0.0223	
12.9541	-26.2836	-7.6779	0.8350	-0.9844	-0.4922	0.0565	0.4556	0.8348	-0.3036	-0.0513	-0.0523	0.0212	
13.0238	-26.3877	-7.7315	0.8337	-0.9849	-0.4926	0.0770	0.4805	0.8256	-0.2860	-0.0511	-0.0545	0.0189	
13.0993	-26.4837	-7.7794	0.8329	-0.9847	-0.4924	0.1008	0.5033	0.8156	-0.2676	-0.0498	-0.0580	0.0163	
13.1737	-26.5861	-7.8387	0.8321	-0.9850	-0.4934	0.1280	0.5253	0.8074	-0.2364	-0.0464	-0.0643	0.0175	
13.2476	-26.6777	-7.8991	0.8312	-0.9844	-0.4945	0.1623	0.5504	0.7879	-0.2238	-0.0464	-0.0683	0.0117	
13.3262	-26.7657	-7.9477	0.8308	-0.9834	-0.4944	0.1949	0.5620	0.7759	-0.2131	-0.0422	-0.0696	0.0070	
13.4085	-26.8672	-8.0047	0.8307	-0.9837	-0.4951	0.2294	0.5814	0.7558	-0.1946	-0.0407	-0.0732	0.0047	
13.5002	-26.9672	-8.0510	0.8316	-0.9839	-0.4948	0.2762	0.5925	0.7365	-0.1741	-0.0367	-0.0788	0.0014	
13.5959	-27.0702	-8.0937	0.8328	-0.9843	-0.4942	0.3093	0.5953	0.7274	-0.1489	-0.0305	-0.0799	0.0019	
13.6839	-27.1727	-8.1490	0.8332	-0.9847	-0.4947	0.3446	0.6107	0.6982	-0.1447	-0.0317	-0.0801	-0.0031	
13.7772	-27.2668	-8.1895	0.8341	-0.9843	-0.4939	0.3815	0.6149	0.6800	-0.1189	-0.0277	-0.0825	-0.0031	
13.8518	-27.3660	-8.2428	0.8333	-0.9843	-0.4943	0.4105	0.6255	0.6549	-0.1081	-0.0278	-0.0817	-0.0050	
13.9409	-27.4634	-8.2954	0.8338	-0.9842	-0.4946	0.4350	0.6395	0.6270	-0.0939	-0.0288	-0.0809	-0.0055	
14.0328	-27.5643	-8.3528	0.8346	-0.9845	-0.4953	0.4692	0.6553	0.5862	-0.0761	-0.0312	-0.0836	-0.0071	
14.1136	-27.6695	-8.3904	0.8344	-0.9850	-0.4942	0.5062	0.6679	0.5404	-0.0709	-0.0343	-0.0850	-0.0114	
14.2014	-27.7723	-8.4411	0.8348	-0.9854	-0.4943	0.5235	0.6799	0.5103	-0.0674	-0.0360	-0.0813	-0.0120	
14.2851	-27.8714	-8.4906	0.8348	-0.9855	-0.4943	0.5491	0.6858	0.4737	-0.0623	-0.0370	-0.0804	-0.0141	
14.3748	-27.9774	-8.5410	0.8354	-0.9861	-0.4944	0.5745	0.6798	0.4540	-0.0637	-0.0343	-0.0771	-0.0170	
14.4518	-28.0721	-8.5968	0.8348	-0.9858	-0.4950	0.5867	0.6960	0.4097	-0.0617	-0.0392	-0.0751	-0.0164	
14.5360	-28.1748	-8.6514	0.8349	-0.9861	-0.4954	0.5947	0.7075	0.3786	-0.0611	-0.0410	-0.0712	-0.0151	
14.6224	-28.2748	-8.7030	0.8351	-0.9862	-0.4956	0.5984	0.7179	0.3528	-0.0624	-0.0421	-0.0664	-0.0133	
14.7106	-28.3757	-8.7481	0.8355	-0.9864	-0.4952	0.6065	0.7221	0.3292	-0.0612	-0.0412	-0.0629	-0.0126	
14.8018	-28.4665	-8.8031	0.8362	-0.9858	-0.4957	0.6096	0.7380	0.2821	-0.0642	-0.0469	-0.0614	-0.0111	
14.8797	-28.5692	-8.8458	0.8357	-0.9861	-0.4951	0.6194	0.7448	0.2398	-0.0623	-0.0488	-0.0610	-0.0112	
14.9654	-28.6657	-8.8901	0.8359	-0.9859	-0.4946	0.6280	0.7470	0.2090	-0.0686	-0.0493	-0.0581	-0.0121	
15.0560	-28.7579	-8.9374	0.8365	-0.9854	-0.4945	0.6374	0.7454	0.1858	-0.0707	-0.0476	-0.0554	-0.0130	
15.1461	-28.8582	-8.9909	0.8370	-0.9856	-0.4948	0.6424	0.7476	0.1511	-0.0761	-0.0490	-0.0536	-0.0132	
15.2288	-28.9613	-9.0375	0.8369	-0.9859	-0.4945	0.6439	0.7528	0.1138	-0.0768	-0.0503	-0.0526	-0.0118	
15.3134	-29.0653	-9.0828	0.8370	-0.9864	-0.4942	0.6381	0.7621	0.0718	-0.0836	-0.0537	-0.0509	-0.0092	
15.4074	-29.1611	-9.1358	0.8379	-0.9861	-0.4945	0.6357	0.7672	0.0366	-0.0788	-0.0535	-0.0508	-0.0072	
15.4933	-29.2526	-9.1839	0.8381	-0.9856	-0.4944	0.6279	0.7748	-0.0137	-0.0687	-0.0557	-0.0533	-0.0040	
15.5733	-29.3554	-9.2359	0.8377	-0.9859	-0.4946	0.6229	0.7774	-0.0509	-0.0725	-0.0567	-0.0518	-0.0031	
15.6601	-29.4511	-9.2949	0.8380	-0.9857	-0.4954	0.6157	0.7808	-0.0870	-0.0618	-0.0555	-0.0528	-0.0012	
15.7381	-29.5523	-9.3491	0.8375	-0.9859	-0.4957	0.5942	0.7921	-0.1252	-0.0669	-0.0576	-0.0512	0.0041	
15.8229	-29.6405	-9.4090	0.8376	-0.9851	-0.4966	0.5797	0.7989	-0.1571	-0.0429	-0.0538	-0.0539	0.0075	
15.9139	-29.7426	-9.4517	0.8382	-0.9853	-0.4960	0.5619	0.8009	-0.2026	-0.0337	-0.0552	-0.0556	0.0100	
15.9993	-29.8510	-9.5050	0.8383	-0.9861	-0.4963	0.5393	0.8125	-0.2231	-0.0326	-0.0528	-0.0530	0.0145	
16.0854	-29.9451	-9.5647	0.8385	-0.9858	-0.4971	0.5186	0.8151	-0.2572	-0.0222	-0.0521	-0.0540	0.0167	
16.1679	-30.0405	-9.6063	0.8384	-0.9855	-0.4965	0.4957	0.8132	-0.3036	0.0004	-0.0520	-0.0581	0.0186	
16.2465	-30.1274	-9.6562	0.8380	-0.9846	-0.4965	0.4693	0.8157	-0.3378	0.0112	-0.0513	-0.0589	0.0216	
16.3250	-30.2254	-9.7033	0.8375	-0.9846	-0.4963	0.4440	0.8173	-0.3683	0.0052	-0.0523	-0.0565	0.0240	
16.4147	-30.3171	-9.7577	0.8380	-0.9841	-0.4967	0.4172	0.8202	-0.3921	0.0127	-0.0502	-0.0561	0.0263	
16.5056	-30.4112	-9.8105	0.8386	-0.9837	-0.4969	0.3973	0.8141	-0.4227	0.0294	-0.0487	-0.0575	0.0255	
16.5947	-30.5116	-9.8635	0.8390	-0.9839	-0.4972	0.3730	0.8146	-0.4419	0.0538	-0.0439	-0.0595	0.0260	
16.6795	-30.6072	-9.9124	0.8390	-0.9837	-0.4971	0.3511	0.8092	-0.4673	0.0623	-0.0433	-0.0588	0.0260	
16.7634	-30.7089	-9.9639	0.8390	-0.9839	-0.4972	0.3308	0.8009	-0.4943	0.0712	-0.0432	-0.0583	0.0254	
16.8436	-30.8075	-10.0141	0.8388	-0.9839	-0.4973	0.3125	0.7975	-0.5075	0.1000	-0.0376	-0.0602	0.0234	
16.9251	-30.9074	-10.0747	0.8386	-0.9840	-0.4981	0.2926	0.7876	-0.5290	0.1196	-0.0361	-0.0610	0.0220	
17.0148	-30.9996	-10.1234	0.8390	-0.9836	-0.4980	0.2650	0.7838	-0.5430	0.1444	-0.0323	-0.0631	0.0225	
17.0969	-31.0920	-10.1734	0.8389	-0.9832	-0.4980	0.2478	0.7794	-0.5467	0.1837	-0.0255	-0.0658	0.0189	
17.1881	-31.1858	-10.2144	0.8394	-0.9828	-0.4974	0.2272	0.7664	-0.5582	0.2227	-0.0220	-0.0692	0.0161	
17.2792	-31.2816	-10.2732	0.8400	-0.9826	-0.4981	0.2040	0.7475	-0.5750	0.2618	-0.0205	-0.0729	0.0135	
17.3622	-31.3786	-10.3310	0.8399	-0.9825	-0.4986	0.1840	0.7298	-0.5886	0.2950	-0.0193	-0.0746	0.0110	
17.4397	-31.4832	-10.3871	0.8394	-0.9830	-0.4991	0.1655	0.7105	-0.6041	0.3206	-0.0195	-0.0748	0.0094	
17.5248	-31.5795	-10.4360	0.8395	-0.9829	-0.4990	0.1358	0.6932	-0.6211	0.3394	-0.0198	-0.0752	0.0113	
17.6124	-31.6761	-10.4906	0.8398	-0.9827	-0.4994	0.1268	0.6689	-0.6300	0.3742	-0.0196	-0.0757	0.0059	
17.6957	-31.7773	-10.5485	0.8397	-0.9829	-0.4999	0.1099	0.6391	-0.6461	0.4021	-0.0213	-0.0766	0.0037	
17.7882	-31.8791	-10.6018	0.8403	-0.9832	-0.5002	0.0865	0.6112	-0.6584	0.4301	-0.0217	-0.0781	0.0029	
17.8863	-31.9816	-10.6541	0.8414	-0.9835	-0.5003	0.0673	0.5650	-0.6776	0.4649	-0.0254	-0.0813	0.0001	
17.9719	-32.0746	-10.7019	0.8415	-0.9831	-0.5002	0.0553	0.5252	-0.6984	0.4832	-0.0299	-0.0802	-0.0009	
18.0538	-32.1748	-10.7549	0.8413	-0.9832	-0.5004	0.0507	0.4882	-0.7111	0.5039	-0.0329	-0.0784	-0.0037	
18.1450	-32.2643	-10.8159	0.8418	-0.9826	-0.5011	0.0431	0.4558	-0.7154	0.5282	-0.0336	-0.0774	-0.0069	
18.2309	-32.3565	-10.8738	0.8419	-0.9822	-0.5017	0.0400	0.4330	-0.7073	0.5587	-0.0314	-0.0761	-0.0120	
18.3129	-32.4546	-10.9212	0.8418	-0.9822	-0.5015	0.0351	0.3962	-0.7111	0.5799	-0.0332	-0.0750	-0.0140	
18.3995	-32.5603	-10.9750	0.8420	-0.9827	-0.5017	0.0273	0.3581	-0.7091	0.6066	-0.0338	-0.0754	-0.0169	
18.4865	-32.6536	-11.0284	0.8421	-0.9824	-0.5020	0.0128	0.3227	-0.7240	0.6103	-0.0359	-0.0736	-0.0126	
18.5851	-32.7516	-11.0791	0.8431	-0.9823	-0.5020	-0.0170	-0.2979	0.7261	-0.6210	-0.0357	-0.0774	-0.0114	
18.6743	-32.8502	-11.1169	0.8435	-0.9824	-0.5012	0.0081	0.2585	-0.7336	0.6287	-0.0337	-0.0791	-0.0125	
18.7588	-32.9472	-11.1581	0.8435	-0.9823	-0.5006	-0.0114	-0.2238	0.7406	-0.6348	-0.0375	-0.0745	-0.0123	
18.8539	-33.0485	-11.2065	0.8442	-0.9825	-0.5004	-0.0189	-0.1770	0.7487	-0.6392	-0.0442	-0.0707	-0.0121	
18.9461	-33.1476	-11.2555	0.8448	-0.9826	-0.5004	0.0183	0.1322	-0.7495	0.6484	-0.0466	-0.0696	-0.0136	
19.0269	-33.2492	-11.3015	0.8445	-0.9828	-0.5001	0.0121	0.0950	-0.7496	0.6552	-0.0464	-0.0708	-0.0143	
19.1160	-33.3471	-11.3501	0.8448	-0.9828	-0.5000	0.0084	0.0578	-0.7503	0.6590	-0.0472	-0.0690	-0.0145	
19.2083	-33.4402	-11.3977	0.8454	-0.9824	-0.4998	-0.0031	-0.0200	0.7489	-0.6627	-0.0472	-0.0697	-0.0137	
19.3021	-33.5420	-11.4415	0.8460	-0.9827	-0.4994	-0.0020	0.0188	0.7463	-0.6657	-0.0487	-0.0691	-0.0121	
19.3938	-33.6399	-11.4861	0.8465	-0.9827	-0.4991	-0.0008	0.0602	0.7468	-0.6627	-0.0504	-0.0683	-0.0083	
19.4810	-33.7441	-11.5334	0.8466	-0.9830	-0.4989	-0.0014	0.1007	0.7472	-0.6573	-0.0524	-0.0666	-0.0048	
19.5682	-33.8450	-11.5719	0.8468	-0.9832	-0.4982	-0.0010	0.1392	0.7567	-0.6396	-0.0529	-0.0652	0.0033	
19.6527	-33.9465	-11.6186	0.8468	-0.9834	-0.4980	0.0013	0.1872	0.7574	-0.6252	-0.0557	-0.0659	0.0066	
19.7346	-34.0437	-11.6740	0.8466	-0.9833	-0.4983	0.0009	0.2240	0.7632	-0.6067	-0.0559	-0.0638	0.0111	
19.8238	-34.1322	-11.7237	0.8469	-0.9827	-0.4983	0.0028	0.2668	0.7656	-0.5853	-0.0571	-0.0637	0.0146	
19.9134	-34.2329	-11.7727	0.8472	-0.9829	-0.4983	0.0215	0.2897	0.7782	-0.5586	-0.0507	-0.0639	0.0198	
20.0006	-34.3307	-11.8266	0.8473	-0.9828	-0.4985	0.0218	0.3214	0.7786	-0.5390	-0.0507	-0.0616	0.0212	
20.0883	-34.4284	-11.8783	0.8475	-0.9828	-0.4987	0.0272	0.3516	0.7815	-0.5151	-0.0496	-0.0607	0.0235	
20.1663	-34.5234	-11.9367	0.8471	-0.9826	-0.4992	0.0409	0.3733	0.7849	-0.4940	-0.0457	-0.0604	0.0245	
20.2505	-34.6242	-11.9873	0.8471	-0.9827	-0.4992	0.0513	0.4042	0.7813	-0.4729	-0.0449	-0.0607	0.0247	
20.3313	-34.7186	-12.0251	0.8468	-0.9825	-0.4985	0.0561	0.4278	0.7827	-0.4493	-0.0435	-0.0592	0.0262	
20.4168	-34.8099	-12.0723	0.8469	-0.9821	-0.4983	0.0692	0.4508	0.7853	-0.4191	-0.0409	-0.0600	0.0286	
20.5024	-34.9102	-12.1207	0.8469	-0.9822	-0.4982	0.0799	0.4716	0.7874	-0.3894	-0.0386	-0.0600	0.0306	
20.5875	-35.0096	-12.1823	0.8470	-0.9823	-0.4990	0.0848	0.4959	0.7877	-0.3557	-0.0380	-0.0597	0.0334	
20.6670	-35.1077	-12.2342	0.8466	-0.9823	-0.4991	0.1021	0.5136	0.7856	-0.3304	-0.0351	-0.0605	0.0328	
20.7553	-35.2044	-12.2833	0.8469	-0.9822	-0.4990	0.1191	0.5335	0.7799	-0.3054	-0.0332	-0.0613	0.0319	
20.8399	-35.3054	-12.3288	0.8468	-0.9823	-0.4988	0.1325	0.5496	0.7737	-0.2877	-0.0316	-0.0602	0.0299	
20.9253	-35.4044	-12.3817	0.8469	-0.9824	-0.4989	0.1570	0.5693	0.7603	-0.2714	-0.0302	-0.0617	0.0260	
21.0114	-35.5052	-12.4327	0.8470	-0.9825	-0.4990	0.1761	0.5849	0.7492	-0.2579	-0.0289	-0.0613	0.0227	
21.0965	-35.5995	-12.4778	0.8470	-0.9823	-0.4987	0.1958	0.6041	0.7377	-0.2282	-0.0278	-0.0634	0.0230	
21.1862	-35.6942	-12.5289	0.8473	-0.9821	-0.4988	0.2201	0.6267	0.7202	-0.1984	-0.0276	-0.0665	0.0223	
21.2691	-35.7938	-12.5788	0.8472	-0.9822	-0.4988	0.2523	0.6559	0.6886	-0.1779	-0.0298	-0.0705	0.0178	
21.3486	-35.8999	-12.6286	0.8469	-0.9826	-0.4988	0.2907	0.6682	0.6678	-0.1514	-0.0273	-0.0750	0.0147	
21.4276	-35.9958	-12.6861	0.8465	-0.9825	-0.4992	0.3135	0.6746	0.6543	-0.1414	-0.0256	-0.0730	0.0111	
21.5060	-36.0936	-12.7374	0.8462	-0.9825	-0.4993	0.3407	0.6911	0.6231	-0.1370	-0.0281	-0.0725	0.0054	
21.6004	-36.1922	-12.7934	0.8467	-0.9825	-0.4997	0.3700	0.7051	0.5957	-0.1008	-0.0271	-0.0768	0.0060	
21.6888	-36.2971	-12.8462	0.8470	-0.9829	-0.4999	0.3958	0.7230	0.5591	-0.0903	-0.0302	-0.0768	0.0022	
21.7706	-36.3975	-12.8952	0.8468	-0.9830	-0.4998	0.4356	0.7290	0.5224	-0.0756	-0.0304	-0.0798	-0.0031	
21.8585	-36.4941	-12.9469	0.8470	-0.9829	-0.4999	0.4721	0.7250	0.4973	-0.0764	-0.0293	-0.0784	-0.0097	
21.9418	-36.5933	-12.9968	0.8469	-0.9830	-0.4999	0.5009	0.7290	0.4620	-0.0624	-0.0299	-0.0792	-0.0121	
22.0215	-36.6901	-13.0433	0.8466	-0.9829	-0.4997	0.5277	0.7288	0.4337	-0.0515	-0.0292	-0.0785	-0.0143	
22.1074	-36.7905	-13.0915	0.8467	-0.9830	-0.4996	0.5549	0.7250	0.4062	-0.0523	-0.0293	-0.0760	-0.0182	
22.1908	-36.8918	-13.1448	0.8466	-0.9832	-0.4998	0.5776	0.7252	0.3730	-0.0353	-0.0289	-0.0766	-0.0186	
22.2755	-36.9879	-13.2000	0.8466	-0.9830	-0.5001	0.5934	0.7253	0.3498	-0.0265	-0.0283	-0.0739	-0.0183	
22.3566	-37.0906	-13.2505	0.8464	-0.9833	-0.5001	0.6123	0.7272	0.3096	-0.0290	-0.0321	-0.0719	-0.0203	
22.4424	-37.1900	-13.3066	0.8465	-0.9833	-0.5004	0.6349	0.7237	0.2691	-0.0217	-0.0336	-0.0723	-0.0224	
22.5219	-37.2807	-13.3594	0.8462	-0.9829	-0.5006	0.6385	0.7341	0.2327	-0.0232	-0.0376	-0.0686	-0.0197	
22.6074	-37.3828	-13.4041	0.8462	-0.9831	-0.5003	0.6486	0.7367	0.1899	-0.0302	-0.0418	-0.0660	-0.0200	
22.6900	-37.4777	-13.4575	0.8461	-0.9829	-0.5005	0.6537	0.7394	0.1612	-0.0411	-0.0438	-0.0612	-0.0193	
22.7803	-37.5813	-13.5029	0.8464	-0.9832	-0.5002	0.6592	0.7409	0.1267	-0.0284	-0.0430	-0.0612	-0.0172	
22.8721	-37.6754	-13.5520	0.8469	-0.9830	-0.5002	0.6667	0.7398	0.0887	-0.0175	-0.0432	-0.0618	-0.0164	
22.9568	-37.7746	-13.6011	0.8469	-0.9831	-0.5001	0.6627	0.7479	0.0285	-0.0077	-0.0485	-0.0641	-0.0126	
23.0488	-37.8701	-13.6585	0.8473	-0.9829	-0.5005	0.6635	0.7478	-0.0158	-0.0032	-0.0504	-0.0641	-0.0114	
23.1341	-37.9764	-13.7050	0.8473	-0.9833	-0.5003	0.6659	0.7449	-0.0505	-0.0106	-0.0516	-0.0610	-0.0116	
23.2213	-38.0707	-13.7530	0.8474	-0.9831	-0.5002	0.6639	0.7440	-0.0811	-0.0156	-0.0518	-0.0581	-0.0103	
23.3099	-38.1656	-13.8016	0.8477	-0.9829	-0.5001	0.6544	0.7461	-0.1224	-0.0200	-0.0543	-0.0568	-0.0073	
23.3959	-38.2599	-13.8579	0.8477	-0.9827	-0.5005	0.6407	0.7505	-0.1624	-0.0129	-0.0545	-0.0573	-0.0032	
23.4814	-38.3591	-13.9051	0.8478	-0.9828	-0.5003	0.6260	0.7540	-0.1997	-0.0015	-0.0533	-0.0580	0.0006	
23.5570	-38.4614	-13.9543	0.8473	-0.9830	-0.5003	0.6228	0.7477	-0.2313	0.0040	-0.0519	-0.0571	-0.0002	
23.6396	-38.5600	-14.0051	0.8471	-0.9830	-0.5003	0.6091	0.7516	-0.2559	0.0039	-0.0502	-0.0548	0.0028	
23.7184	-38.6565	-14.0569	0.8468	-0.9829	-0.5004	0.5956	0.7529	-0.2808	0.0193	-0.0464	-0.0551	0.0050	
23.7994	-38.7578	-14.1060	0.8466	-0.9831	-0.5004	0.5759	0.7553	-0.3133	0.0145	-0.0476	-0.0537	0.0084	
23.8854	-38.8584	-14.1571	0.8467	-0.9832	-0.5004	0.5485	0.7590	-0.3504	0.0157	-0.0487	-0.0543	0.0131	
23.9705	-38.9516	-14.2081	0.8467	-0.9829	-0.5005	0.5211	0.7639	-0.3804	0.0226	-0.0474	-0.0550	0.0172	
24.0525	-39.0477	-14.2583	0.8466	-0.9828	-0.5005	0.5021	0.7610	-0.4098	0.0319	-0.0461	-0.0554	0.0179	
24.1363	-39.1515	-14.3111	0.8465	-0.9831	-0.5006	0.4805	0.7630	-0.4312	0.0413	-0.0431	-0.0552	0.0195	
24.2196	-39.2533	-14.3554	0.8464	-0.9833	-0.5003	0.4549	0.7605	-0.4592	0.0609	-0.0406	-0.0576	0.0209	
24.2983	-39.3522	-14.4092	0.8461	-0.9833	-0.5005	0.4198	0.7558	-0.4961	0.0753	-0.0408	-0.0608	0.0239	
24.3794	-39.4469	-14.4612	0.8459	-0.9831	-0.5006	0.3810	0.7549	-0.5269	0.0833	-0.0405	-0.0625	0.0280	
24.4698	-39.5406	-14.5096	0.8462	-0.9829	-0.5005	0.3581	0.7493	-0.5496	0.0932	-0.0392	-0.0620	0.0276	
24.5628	-39.6421	-14.5612	0.8467	-0.9830	-0.5006	0.3377	0.7399	-0.5691	0.1239	-0.0351	-0.0645	0.0247	
24.6495	-39.7390	-14.6086	0.8468	-0.9830	-0.5005	0.3102	0.7299	-0.5923	0.1417	-0.0338	-0.0659	0.0246	
24.7286	-39.8384	-14.6559	0.8465	-0.9830	-0.5003	0.2867	0.7167	-0.6149	0.1611	-0.0326	-0.0668	0.0231	
24.8105	-39.9348	-14.7107	0.8464	-0.9829	-0.5006	0.2596	0.6978	-0.6379	0.1964	-0.0303	-0.0710	0.0203	
24.8972	-40.0302	-14.7545	0.8465	-0.9828	-0.5003	0.2422	0.6763	-0.6584	0.2252	-0.0295	-0.0723	0.0163	
24.9781	-40.1245	-14.8065	0.8463	-0.9826	-0.5004	0.2055	0.6667	-0.6708	0.2516	-0.0258	-0.0751	0.0172	
25.0606	-40.2231	-14.8549	0.8462	-0.9826	-0.5003	0.1851	0.6377	-0.6947	0.2760	-0.0275	-0.0760	0.0141	
25.1425	-40.3192	-14.9051	0.8460	-0.9825	-0.5003	0.1597	0.6332	-0.6976	0.2971	-0.0231	-0.0754	0.0135	
25.2277	-40.4161	-14.9543	0.8460	-0.9824	-0.5002	0.1371	0.6041	-0.7155	0.3225	-0.0244	-0.0765	0.0110	
25.3083	-40.5169	-15.0022	0.8458	-0.9825	-0.5001	0.1210	0.5852	-0.7210	0.3519	-0.0224	-0.0765	0.0069	
25.3892	-40.6159	-15.0556	0.8456	-0.9826	-0.5003	0.1072	0.5527	-0.7287	0.3901	-0.0225	-0.0781	0.0008	
25.4713	-40.7116	-15.1062	0.8455	-0.9825	-0.5003	0.0916	0.5280	-0.7383	0.4102	-0.0232	-0.0768	-0.0008	
25.5600	-40.8098	-15.1567	0.8457	-0.9825	-0.5004	0.0866	0.4907	-0.7488	0.4376	-0.0263	-0.0757	-0.0057	
25.6508	-40.9083	-15.2042	0.8461	-0.9825	-0.5002	0.0690	0.4566	-0.7568	0.4623	-0.0274	-0.0763	-0.0074	
25.7363	-41.0087	-15.2549	0.8461	-0.9826	-0.5003	0.0587	0.4248	-0.7602	0.4883	-0.0282	-0.0756	-0.0106	
25.8169	-41.1111	-15.2977	0.8459	-0.9828	-0.4999	0.0541	0.4045	-0.7627	0.5033	-0.0283	-0.0719	-0.0118	
25.8997	-41.2107	-15.3425	0.8458	-0.9828	-0.4996	0.0463	0.3674	-0.7599	0.5340	-0.0291	-0.0724	-0.0163	
25.9835	-41.3076	-15.3943	0.8458	-0.9828	-0.4997	0.0370	0.3521	-0.7579	0.5495	-0.0273	-0.0696	-0.0166	
26.0656	-41.4135	-15.4482	0.8456	-0.9831	-0.4999	0.0376	0.3138	-0.7567	0.5724	-0.0302	-0.0681	-0.0201	
26.1482	-41.5108	-15.5000	0.8455	-0.9831	-0.5000	0.0274	0.2778	-0.7507	0.5985	-0.0306	-0.0687	-0.0230	
26.2302	-41.6072	-15.5465	0.8454	-0.9830	-0.4998	0.0180	0.2377	-0.7463	0.6211	-0.0320	-0.0692	-0.0249	
26.3268	-41.7045	-15.6007	0.8460	-0.9829	-0.5001	0.0178	0.1924	-0.7474	0.6356	-0.0283	-0.0703	-0.0247	
26.4121	-41.8082	-15.6508	0.8461	-0.9832	-0.5001	0.0026	0.1448	-0.7460	0.6495	-0.0310	-0.0713	-0.0246	
26.5018	-41.9023	-15.7024	0.8463	-0.9830	-0.5001	0.0108	-0.1059	0.7393	-0.6648	-0.0310	-0.0709	-0.0244	
26.5952	-42.0029	-15.7452	0.8467	-0.9831	-0.4998	0.0202	-0.0646	0.7367	-0.6728	-0.0310	-0.0714	-0.0228	
26.6827	-42.1020	-15.7938	0.8469	-0.9832	-0.4997	0.0227	-0.0264	0.7321	-0.6806	-0.0337	-0.0711	-0.0209	
26.7761	-42.2003	-15.8423	0.8473	-0.9832	-0.4997	0.0259	0.0181	0.7311	-0.6817	-0.0372	-0.0709	-0.0168	
26.8620	-42.2988	-15.8921	0.8473	-0.9832	-0.4996	0.0281	0.0508	0.7249	-0.6870	-0.0391	-0.0684	-0.0162	
26.9491	-42.4015	-15.9412	0.8474	-0.9834	-0.4996	0.0277	0.0864	0.7204	-0.6881	-0.0416	-0.0658	-0.0143	
27.0365	-42.5004	-15.9972	0.8476	-0.9834	-0.4999	0.0285	0.1305	0.7228	-0.6783	-0.0448	-0.0656	-0.0087	
27.1228	-42.6005	-16.0445	0.8476	-0.9835	-0.4998	0.0309	0.1726	0.7263	-0.6649	-0.0468	-0.0652	-0.0034	
27.2070	-42.6973	-16.0987	0.8476	-0.9834	-0.5000	0.0208	0.1969	0.7301	-0.6557	-0.0473	-0.0590	-0.0001	
27.2934	-42.7997	-16.1495	0.8477	-0.9836	-0.5000	0.0167	0.2306	0.7294	-0.6442	-0.0487	-0.0568	0.0023	
27.3767	-42.9003	-16.1973	0.8476	-0.9837	-0.4999	0.0263	0.2580	0.7321	-0.6305	-0.0459	-0.0564	0.0050	
27.4653	-42.9945	-16.2407	0.8478	-0.9835	-0.4996	0.0267	0.2911	0.7326	-0.6149	-0.0465	-0.0555	0.0075	
27.5543	-43.0924	-16.2890	0.8480	-0.9835	-0.4995	0.0233	0.3262	0.7259	-0.6051	-0.0481	-0.0541	0.0075	
27.6352	-43.1884	-16.3432	0.8478	-0.9834	-0.4997	0.0197	0.3676	0.7326	-0.5725	-0.0501	-0.0551	0.0140	
27.7189	-43.2896	-16.3951	0.8478	-0.9835	-0.4998	0.0321	0.4043	0.7280	-0.5526	-0.0490	-0.0574	0.0149	
27.7986	-43.3871	-16.4433	0.8475	-0.9835	-0.4997	0.0396	0.4341	0.7177	-0.5436	-0.0480	-0.0570	0.0128	
27.8824	-43.4834	-16.4957	0.8475	-0.9834	-0.4998	0.0508	0.4626	0.7146	-0.5225	-0.0459	-0.0580	0.0141	
27.9661	-43.5847	-16.5520	0.8474	-0.9835	-0.5001	0.0563	0.4976	0.7101	-0.4947	-0.0461	-0.0593	0.0167	
28.0467	-43.6795	-16.6031	0.8473	-0.9834	-0.5002	0.0648	0.5195	0.7110	-0.4702	-0.0434	-0.0592	0.0187	
28.1307	-43.7764	-16.6510	0.8472	-0.9833	-0.5001	0.0744	0.5401	0.7091	-0.4478	-0.0408	-0.0590	0.0195	
28.2139	-43.8724	-16.6985	0.8471	-0.9832	-0.5000	0.0891	0.5678	0.7020	-0.4202	-0.0393	-0.0612	0.0203	
28.2953	-43.9733	-16.7560	0.8470	-0.9833	-0.5003	0.1017	0.5953	0.6940	-0.3917	-0.0383	-0.0628	0.0211	
28.3805	-44.0715	-16.8084	0.8470	-0.9833	-0.5004	0.1276	0.6185	0.6854	-0.3626	-0.0350	-0.0663	0.0204	
28.4642	-44.1678	-16.8593	0.8470	-0.9832	-0.5004	0.1501	0.6414	0.6737	-0.3349	-0.0330	-0.0687	0.0194	
28.5524	-44.2654	-16.9091	0.8471	-0.9832	-0.5004	0.1692	0.6662	0.6591	-0.3046	-0.0323	-0.0707	0.0192	
28.6359	-44.3633	-16.9588	0.8471	-0.9831	-0.5004	0.1951	0.6816	0.6496	-0.2749	-0.0289	-0.0729	0.0182	
28.7216	-44.4600	-17.0095	0.8471	-0.9831	-0.5004	0.2294	0.7044	0.6258	-0.2427	-0.0278	-0.0777	0.0153	
28.8093	-44.5578	-17.0616	0.8473	-0.9831	-0.5005	0.2603	0.7136	0.6150	-0.2126	-0.0239	-0.0796	0.0137	
28.8869	-44.6525	-17.1074	0.8469	-0.9829	-0.5003	0.2741	0.7271	0.6009	-0.1895	-0.0235	-0.0778	0.0132	
28.9711	-44.7475	-17.1609	0.8469	-0.9828	-0.5005	0.2982	0.7433	0.5740	-0.1714	-0.0247	-0.0778	0.0093	
29.0595	-44.8460	-17.2120	0.8471	-0.9828	-0.5005	0.3152	0.7557	0.5557	-0.1452	-0.0242	-0.0773	0.0091	
29.1406	-44.9422	-17.2650	0.8469	-0.9827	-0.5007	0.3434	0.7580	0.5421	-0.1193	-0.0209	-0.0783	0.0068	
29.2278	-45.0401	-17.3141	0.8470	-0.9827	-0.5006	0.3719	0.7645	0.5174	-0.0983	-0.0206	-0.0790	0.0034	
29.3127	-45.1350	-17.3664	0.8470	-0.9825	-0.5007	0.4023	0.7712	0.4871	-0.0776	-0.0213	-0.0802	-0.0004	
29.3941	-45.2340	-17.4159	0.8469	-0.9825	-0.5007	0.4323	0.7803	0.4473	-0.0661	-0.0245	-0.0804	-0.0054	
29.4799	-45.3373	-17.4634	0.8469	-0.9828	-0.5006	0.4477	0.7902	0.4159	-0.0526	-0.0268	-0.0781	-0.0062	
29.5584	-45.4332	-17.5129	0.8467	-0.9827	-0.5006	0.4699	0.7956	0.3805	-0.0351	-0.0284	-0.0783	-0.0082	
29.6364	-45.5262	-17.5642	0.8464	-0.9824	-0.5006	0.4920	0.7984	0.3464	-0.0143	-0.0291	-0.0789	-0.0097	
29.7208	-45.6235	-17.6109	0.8464	-0.9824	-0.5005	0.5071	0.8013	0.3185	0.0011	-0.0294	-0.0770	-0.0099	
29.8077	-45.7216	-17.6590	0.8465	-0.9824	-0.5004	0.5277	0.7959	0.3010	-0.0005	-0.0286	-0.0722	-0.0132	
29.8895	-45.8237	-17.7053	0.8463	-0.9826	-0.5002	0.5576	0.7869	0.2628	0.0160	-0.0289	-0.0742	-0.0175	
29.9664	-45.9201	-17.7565	0.8460	-0.9825	-0.5003	0.5831	0.7789	0.2339	0.0103	-0.0305	-0.0706	-0.0220	
30.0508	-46.0221	-17.8118	0.8460	-0.9826	-0.5005	0.5965	0.7784	0.1952	0.0186	-0.0331	-0.0696	-0.0218	
30.1371	-46.1266	-17.8550	0.8461	-0.9829	-0.5002	0.6152	0.7727	0.1536	0.0243	-0.0357	-0.0690	-0.0235	
30.2196	-46.2256	-17.9049	0.8460	-0.9829	-0.5002	0.6256	0.7716	0.1172	0.0205	-0.0388	-0.0657	-0.0233	
30.3031	-46.3223	-17.9518	0.8459	-0.9829	-0.5001	0.6389	0.7648	0.0844	0.0195	-0.0400	-0.0633	-0.0242	
30.3856	-46.4197	-18.0035	0.8458	-0.9828	-0.5001	0.6574	0.7516	0.0412	0.0261	-0.0418	-0.0641	-0.0267	
30.4669	-46.5143	-18.0538	0.8457	-0.9827	-0.5002	0.6565	0.7544	-0.0027	0.0238	-0.0458	-0.0621	-0.0230	
30.5545	-46.6154	-18.1035	0.8458	-0.9828	-0.5001	0.6609	0.7484	-0.0489	0.0232	-0.0492	-0.0614	-0.0221	
30.6352	-46.7134	-18.1541	0.8457	-0.9828	-0.5002	0.6636	0.7438	-0.0812	0.0259	-0.0488	-0.0597	-0.0206	
30.7216	-46.8117	-18.2025	0.8457	-0.9828	-0.5001	0.6605	0.7439	-0.1071	0.0244	-0.0481	-0.0565	-0.0174	
30.8049	-46.9091	-18.2540	0.8457	-0.9827	-0.5002	0.6628	0.7331	-0.1493	0.0255	-0.0501	-0.0565	-0.0174	
30.8849	-47.0043	-18.3075	0.8455	-0.9826	-0.5003	0.6593	0.7284	-0.1855	0.0272	-0.0506	-0.0557	-0.0154	
30.9731	-47.1010	-18.3604	0.8457	-0.9826	-0.5004	0.6586	0.7167	-0.2275	0.0244	-0.0530	-0.0553	-0.0152	
31.0563	-47.2020	-18.4099	0.8456	-0.9827	-0.5004	0.6544	0.7041	-0.2737	0.0254	-0.0554	-0.0561	-0.0145	
31.1403	-47.3000	-18.4609	0.8456	-0.9827	-0.5004	0.6366	0.7086	-0.3052	0.0324	-0.0533	-0.0560	-0.0085	
31.2220	-47.3951	-18.5111	0.8455	-0.9825	-0.5004	0.6280	0.7016	-0.3359	0.0343	-0.0524	-0.0550	-0.0070	
31.3084	-47.4972	-18.5608	0.8455	-0.9827	-0.5004	0.6143	0.7035	-0.3574	0.0402	-0.0490	-0.0538	-0.0035	
31.3898	-47.5970	-18.6111	0.8454	-0.9827	-0.5004	0.6038	0.6928	-0.3923	0.0398	-0.0500	-0.0534	-0.0028	
31.4754	-47.6919	-18.6611	0.8454	-0.9826	-0.5004	0.5921	0.6944	-0.4094	0.0387	-0.0470	-0.0508	-0.0003	
31.5606	-47.7898	-18.7102	0.8455	-0.9826	-0.5004	0.5689	0.6925	-0.4416	0.0436	-0.0464	-0.0521	0.0037	
31.6426	-47.8910	-18.7591	0.8454	-0.9827	-0.5004	0.5480	0.6887	-0.4726	0.0456	-0.0462	-0.0525	0.0065	
31.7254	-47.9895	-18.8061	0.8453	-0.9827	-0.5002	0.5244	0.6927	-0.4941	0.0449	-0.0441	-0.0517	0.0104	
31.8097	-48.0890	-18.8569	0.8453	-0.9828	-0.5003	0.4923	0.6878	-0.5299	0.0580	-0.0434	-0.0555	0.0139	
31.8936	-48.1845	-18.9108	0.8453	-0.9827	-0.5004	0.4666	0.6873	-0.5529	0.0678	-0.0407	-0.0564	0.0160	
31.9752	-48.2841	-18.9614	0.8451	-0.9827	-0.5004	0.4446	0.6718	-0.5848	0.0934	-0.0389	-0.0601	0.0144	
32.0567	-48.3822	-19.0101	0.8450	-0.9827	-0.5004	0.4185	0.6593	-0.6156	0.1039	-0.0391	-0.0617	0.0152	
32.1318	-48.4827	-19.0623	0.8446	-0.9828	-0.5005	0.3902	0.6446	-0.6449	0.1257	-0.0376	-0.0649	0.0148	
32.2152	-48.5798	-19.1145	0.8446	-0.9827	-0.5006	0.3530	0.6440	-0.6643	0.1403	-0.0340	-0.0670	0.0179	
32.2992	-48.6778	-19.1645	0.8446	-0.9827	-0.5006	0.3209	0.6377	-0.6853	0.1448	-0.0334	-0.0669	0.0202	
32.3820	-48.7766	-19.2168	0.8445	-0.9828	-0.5006	0.2928	0.6145	-0.7119	0.1717	-0.0328	-0.0702	0.0175	
32.4664	-48.8733	-19.2708	0.8445	-0.9827	-0.5008	0.2750	0.6035	-0.7220	0.2005	-0.0284	-0.0705	0.0135	
32.5484	-48.9716	-19.3156	0.8444	-0.9827	-0.5006	0.2541	0.5974	-0.7321	0.2094	-0.0264	-0.0683	0.0134	
32.6315	-49.0724	-19.3626	0.8444	-0.9828	-0.5005	0.2305	0.5924	-0.7377	0.2295	-0.0224	-0.0681	0.0122	
32.7173	-49.1701	-19.4178	0.8444	-0.9828	-0.5007	0.2027	0.5670	-0.7572	0.2519	-0.0233	-0.0702	0.0104	
32.8014	-49.2704	-19.4678	0.8444	-0.9828	-0.5007	0.1775	0.5498	-0.7670	0.2793	-0.0213	-0.0718	0.0078	
32.8841	-49.3708	-19.5143	0.8443	-0.9829	-0.5005	0.1504	0.5277	-0.7796	0.3013	-0.0211	-0.0731	0.0064	
32.9669	-49.4669	-19.5647	0.8443	-0.9828	-0.5005	0.1177	0.4969	-0.7961	0.3235	-0.0224	-0.0758	0.0057	
33.0502	-49.5648	-19.6137	0.8442	-0.9828	-0.5005	0.1008	0.4874	-0.7941	0.3509	-0.0188	-0.0746	0.0018	
33.1324	-49.6667	-19.6630	0.8441	-0.9830	-0.5005	0.0776	0.4638	-0.8004	0.3718	-0.0189	-0.0746	0.0002	
33.2158	-49.7683	-19.7129	0.8441	-0.9831	-0.5005	0.0614	0.4309	-0.7999	0.4134	-0.0188	-0.0765	-0.0069	
33.2964	-49.8678	-19.7632	0.8439	-0.9831	-0.5005	0.0502	0.3978	-0.7997	0.4472	-0.0199	-0.0763	-0.0126	
33.3822	-49.9659	-19.8106	0.8440	-0.9831	-0.5004	0.0450	0.3558	-0.7987	0.4834	-0.0228	-0.0760	-0.0192	
33.4689	-50.0613	-19.8627	0.8441	-0.9830	-0.5004	0.0279	0.3207	-0.7986	0.5083	-0.0242	-0.0761	-0.0210	
33.5601	-50.1585	-19.9155	0.8444	-0.9830	-0.5006	0.0171	0.2819	-0.7968	0.5339	-0.0223	-0.0765	-0.0185	
33.6447	-50.2576	-19.9687	0.8444	-0.9830	-0.5007	0.0062	-0.2560	0.7884	-0.5593	-0.0207	-0.0773	-0.0204	
33.7340	-50.3581	-20.0215	0.8445	-0.9831	-0.5008	0.0140	-0.2126	0.7837	-0.5834	-0.0246	-0.0763	-0.0237	
33.8159	-50.4583	-20.0720	0.8445	-0.9832	-0.5008	0.0174	-0.1680	0.7796	-0.6032	-0.0289	-0.0745	-0.0260	
33.8966	-50.5560	-20.1282	0.8443	-0.9831	-0.5010	0.0188	-0.1333	0.7705	-0.6236	-0.0312	-0.0719	-0.0287	
33.9839	-50.6576	-20.1767	0.8444	-0.9833	-0.5010	0.0290	-0.0950	0.7686	-0.6323	-0.0334	-0.0707	-0.0269	
34.0709	-50.7569	-20.2277	0.8445	-0.9833	-0.5010	0.0460	-0.0513	0.7640	-0.6413	-0.0351	-0.0714	-0.0253	
34.1582	-50.8528	-20.2750	0.8446	-0.9832	-0.5009	0.0464	-0.0038	0.7622	-0.6460	-0.0400	-0.0694	-0.0238	
34.2419	-50.9478	-20.3260	0.8446	-0.9831	-0.5009	0.0511	0.0333	0.7508	-0.6579	-0.0413	-0.0680	-0.0249	
34.3269	-51.0439	-20.3757	0.8446	-0.9830	-0.5009	0.0501	0.0852	0.7421	-0.6628	-0.0463	-0.0671	-0.0244	
34.4104	-51.1473	-20.4196	0.8446	-0.9832	-0.5007	0.0420	0.1213	0.7302	-0.6718	-0.0488	-0.0636	-0.0253	
34.4969	-51.2471	-20.4684	0.8447	-0.9832	-0.5006	0.0439	0.1689	0.7230	-0.6684	-0.0517	-0.0634	-0.0224	
34.5840	-51.3463	-20.5210	0.8448	-0.9833	-0.5007	0.0434	0.2139	0.7096	-0.6698	-0.0542	-0.0626	-0.0219	
34.6649	-51.4445	-20.5733	0.8446	-0.9833	-0.5008	0.0262	0.2418	0.7030	-0.6700	-0.0560	-0.0572	-0.0206	
34.7480	-51.5449	-20.6228	0.8446	-0.9833	-0.5008	0.0336	0.2753	0.6964	-0.6625	-0.0545	-0.0573	-0.0176	
34.8279	-51.6423	-20.6690	0.8444	-0.9833	-0.5006	0.0349	0.3150	0.6893	-0.6517	-0.0552	-0.0574	-0.0143	
34.9126	-51.7408	-20.7186	0.8444	-0.9833	-0.5006	0.0453	0.3613	0.6809	-0.6352	-0.0555	-0.0601	-0.0105	
34.9946	-51.8383	-20.7693	0.8443	-0.9833	-0.5006	0.0323	0.3880	0.6729	-0.6304	-0.0564	-0.0557	-0.0095	
35.0777	-51.9356	-20.8219	0.8443	-0.9832	-0.5007	0.0355	0.4143	0.6756	-0.6102	-0.0538	-0.0553	-0.0043	
35.1640	-52.0318	-20.8727	0.8443	-0.9832	-0.5008	0.0472	0.4490	0.6625	-0.5977	-0.0524	-0.0569	-0.0039	
35.2470	-52.1311	-20.9237	0.8443	-0.9832	-0.5008	0.0502	0.4759	0.6606	-0.5793	-0.0505	-0.0565	-0.0005	
35.3313	-52.2264	-20.9735	0.8443	-0.9831	-0.5008	0.0424	0.5097	0.6510	-0.5611	-0.0524	-0.0551	0.0019	
35.4156	-52.3243	-21.0245	0.8443	-0.9831	-0.5008	0.0537	0.5484	0.6474	-0.5265	-0.0509	-0.0593	0.0070	
35.4980	-52.4204	-21.0739	0.8442	-0.9830	-0.5008	0.0641	0.5790	0.6348	-0.5078	-0.0495	-0.0604	0.0069	
35.5796	-52.5207	-21.1287	0.8441	-0.9831	-0.5010	0.0757	0.6103	0.6217	-0.4850	-0.0483	-0.0622	0.0073	
35.6629	-52.6171	-21.1762	0.8441	-0.9830	-0.5009	0.0889	0.6362	0.6182	-0.4534	-0.0451	-0.0645	0.0103	
35.7423	-52.7132	-21.2236	0.8439	-0.9829	-0.5008	0.0924	0.6626	0.6103	-0.4246	-0.0443	-0.0647	0.0127	
35.8233	-52.8076	-21.2707	0.8438	-0.9828	-0.5007	0.0957	0.6825	0.6053	-0.3993	-0.0424	-0.0637	0.0144	
35.9104	-52.9094	-21.3244	0.8439	-0.9829	-0.5008	0.1081	0.7012	0.6049	-0.3625	-0.0386	-0.0658	0.0174	
35.9940	-53.0079	-21.3730	0.8438	-0.9829	-0.5008	0.1137	0.7222	0.5924	-0.3389	-0.0381	-0.0649	0.0172	
36.0783	-53.1064	-21.4229	0.8438	-0.9829	-0.5007	0.1260	0.7305	0.5879	-0.3270	-0.0345	-0.0622	0.0148	
36.1591	-53.2036	-21.4716	0.8437	-0.9829	-0.5007	0.1417	0.7440	0.5778	-0.3053	-0.0321	-0.0625	0.0133	
36.2447	-53.3017	-21.5192	0.8437	-0.9829	-0.5006	0.1768	0.7628	0.5597	-0.2712	-0.0290	-0.0684	0.0103	
36.3308	-53.3992	-21.5731	0.8438	-0.9829	-0.5007	0.2035	0.7900	0.5229	-0.2460	-0.0315	-0.0717	0.0059	
36.4136	-53.4982	-21.6228	0.8437	-0.9829	-0.5007	0.2246	0.7995	0.5134	-0.2173	-0.0282	-0.0727	0.0055	
36.4992	-53.5951	-21.6743	0.8438	-0.9828	-0.5008	0.2534	0.8167	0.4830	-0.1865	-0.0285	-0.0762	0.0024	
36.5852	-53.6897	-21.7266	0.8438	-0.9827	-0.5009	0.2838	0.8256	0.4599	-0.1629	-0.0272	-0.0775	-0.0015	
36.6702	-53.7894	-21.7732	0.8439	-0.9828	-0.5007	0.3217	0.8253	0.4468	-0.1264	-0.0220	-0.0815	-0.0039	
36.7534	-53.8884	-21.8232	0.8438	-0.9828	-0.5007	0.3372	0.8333	0.4292	-0.0875	-0.0206	-0.0827	-0.0018	
36.8347	-53.9874	-21.8725	0.8437	-0.9828	-0.5007	0.3592	0.8364	0.4096	-0.0659	-0.0200	-0.0814	-0.0037	
36.9177	-54.0810	-21.9233	0.8437	-0.9826	-0.5007	0.3771	0.8383	0.3923	-0.0533	-0.0199	-0.0778	-0.0057	
37.0018	-54.1792	-21.9746	0.8437	-0.9826	-0.5008	0.3985	0.8460	0.3525	-0.0308	-0.0235	-0.0784	-0.0081	
37.0852	-54.2770	-22.0257	0.8436	-0.9826	-0.5008	0.4262	0.8453	0.3225	-0.0189	-0.0247	-0.0770	-0.0124	
37.1672	-54.3757	-22.0722	0.8435	-0.9826	-0.5007	0.4545	0.8438	0.2866	-0.0179	-0.0279	-0.0743	-0.0178	
37.2496	-54.4726	-22.1209	0.8435	-0.9826	-0.5006	0.4871	0.8361	0.2524	-0.0062	-0.0288	-0.0743	-0.0228	
37.3330	-54.5713	-22.1703	0.8434	-0.9826	-0.5006	0.5041	0.8341	0.2246	0.0120	-0.0287	-0.0733	-0.0226	
37.4199	-54.6687	-22.2208	0.8435	-0.9826	-0.5006	0.5287	0.8280	0.1878	0.0139	-0.0317	-0.0710	-0.0261	
37.5054	-54.7674	-22.2712	0.8436	-0.9826	-0.5006	0.5508	0.8195	0.1531	0.0343	-0.0319	-0.0720	-0.0274	
37.5904	-54.8619	-22.3210	0.8436	-0.9825	-0.5006	0.5734	0.8081	0.1348	0.0404	-0.0302	-0.0689	-0.0295	
37.6727	-54.9611	-22.3724	0.8435	-0.9825	-0.5007	0.5770	0.8109	0.0950	0.0421	-0.0347	-0.0657	-0.0265	
37.7513	-55.0550	-22.4235	0.8433	-0.9824	-0.5007	0.5889	0.8056	0.0523	0.0410	-0.0391	-0.0635	-0.0268	
37.8363	-55.1521	-22.4721	0.8434	-0.9823	-0.5007	0.6100	0.7908	0.0076	0.0441	-0.0424	-0.0633	-0.0299	
37.9157	-55.2445	-22.5232	0.8432	-0.9821	-0.5007	0.6197	0.7823	-0.0254	0.0605	-0.0416	-0.0636	-0.0287	
37.9949	-55.3397	-22.5742	0.8430	-0.9820	-0.5007	0.6259	0.7743	-0.0685	0.0640	-0.0446	-0.0627	-0.0274	
38.0744	-55.4413	-22.6226	0.8428	-0.9821	-0.5007	0.6444	0.7544	-0.1085	0.0619	-0.0470	-0.0612	-0.0307	
38.1581	-55.5391	-22.6696	0.8428	-0.9821	-0.5006	0.6471	0.7467	-0.1511	0.0455	-0.0521	-0.0573	-0.0287	
38.2449	-55.6388	-22.7187	0.8429	-0.9822	-0.5005	0.6562	0.7326	-0.1799	0.0379	-0.0525	-0.0540	-0.0292	
38.3313	-55.7371	-22.7671	0.8430	-0.9822	-0.5005	0.6606	0.7202	-0.2090	0.0437	-0.0511	-0.0532	-0.0282	
38.4150	-55.8388	-22.8153	0.8430	-0.9823	-0.5004	0.6705	0.6963	-0.2498	0.0509	-0.0521	-0.0541	-0.0302	
38.5022	-55.9371	-22.8652	0.8431	-0.9823	-0.5004	0.6757	0.6858	-0.2712	0.0402	-0.0516	-0.0498	-0.0292	
38.5859	-56.0343	-22.9182	0.8430	-0.9823	-0.5005	0.6762	0.6671	-0.3110	0.0301	-0.0549	-0.0487	-0.0284	
38.6686	-56.1328	-22.9654	0.8430	-0.9823	-0.5004	0.6651	0.6532	-0.3605	0.0274	-0.0584	-0.0504	-0.0244	
38.7544	-56.2313	-23.0150	0.8430	-0.9823	-0.5004	0.6479	0.6543	-0.3922	0.0171	-0.0584	-0.0490	-0.0177	
38.8448	-56.3297	-23.0648	0.8432	-0.9823	-0.5004	0.6362	0.6498	-0.4176	0.0121	-0.0569	-0.0474	-0.0141	
38.9328	-56.4261	-23.1155	0.8434	-0.9822	-0.5004	0.6212	0.6404	-0.4514	0.0264	-0.0545	-0.0502	-0.0114	
39.0195	-56.5254	-23.1676	0.8434	-0.9823	-0.5005	0.6008	0.6310	-0.4888	0.0480	-0.0517	-0.0547	-0.0084	
39.1005	-56.6211	-23.2185	0.8433	-0.9822	-0.5005	0.5749	0.6247	-0.5252	0.0602	-0.0502	-0.0579	-0.0042	
39.1825	-56.7175	-23.2732	0.8433	-0.9821	-0.5007	0.5530	0.6080	-0.5659	0.0615	-0.0522	-0.0594	-0.0022	
39.2681	-56.8113	-23.3266	0.8433	-0.9820	-0.5008	0.5244	0.6058	-0.5966	0.0550	-0.0521	-0.0593	0.0029	
39.3516	-56.9058	-23.3795	0.8433	-0.9819	-0.5009	0.5018	0.6035	-0.6181	0.0573	-0.0491	-0.0585	0.0055	
39.4363	-57.0058	-23.4293	0.8433	-0.9819	-0.5009	0.4837	0.5919	-0.6410	0.0736	-0.0457	-0.0595	0.0049	
39.5231	-57.1051	-23.4825	0.8434	-0.9820	-0.5010	0.4486	0.5811	-0.6738	0.0817	-0.0454	-0.0627	0.0080	
39.6087	-57.2053	-23.5353	0.8434	-0.9820	-0.5010	0.4189	0.5728	-0.6994	0.0858	-0.0443	-0.0635	0.0103	
39.6960	-57.3027	-23.5854	0.8435	-0.9820	-0.5010	0.3971	0.5573	-0.7223	0.1012	-0.0423	-0.0644	0.0090	
39.7774	-57.3990	-23.6350	0.8434	-0.9819	-0.5010	0.3698	0.5318	-0.7524	0.1168	-0.0427	-0.0668	0.0078	
39.8653	-57.4962	-23.6801	0.8435	-0.9819	-0.5009	0.3358	0.5252	-0.7702	0.1368	-0.0383	-0.0696	0.0087	
39.9522	-57.5904	-23.7282	0.8436	-0.9818	-0.5008	0.3097	0.5113	-0.7879	0.1492	-0.0365	-0.0696	0.0084	
40.0308	-57.6902	-23.7775	0.8434	-0.9818	-0.5008	0.2789	0.5108	-0.7981	0.1602	-0.0322	-0.0695	0.0098	
40.1117	-57.7889	-23.8266	0.8433	-0.9818	-0.5007	0.2397	0.4891	-0.8177	0.1840	-0.0309	-0.0738	0.0091	
40.1967	-57.8908	-23.8778	0.8433	-0.9820	-0.5008	0.2008	0.4763	-0.8276	0.2191	-0.0260	-0.0782	0.0067	
40.2787	-57.9904	-23.9265	0.8432	-0.9820	-0.5007	0.1766	0.4654	-0.8352	0.2360	-0.0238	-0.0768	0.0054	
40.3620	-58.0865	-23.9732	0.8432	-0.9819	-0.5006	0.1485	0.4456	-0.8465	0.2510	-0.0237	-0.0766	0.0047	
40.4444	-58.1834	-24.0249	0.8432	-0.9819	-0.5007	0.1349	0.4195	-0.8532	0.2810	-0.0234	-0.0753	-0.0013	
40.5268	-58.2793	-24.0752	0.8431	-0.9818	-0.5007	0.1112	0.3964	-0.8607	0.2998	-0.0234	-0.0749	-0.0030	
40.6126	-58.3750	-24.1295	0.8431	-0.9817	-0.5008	0.0808	0.3688	-0.8650	0.3296	-0.0227	-0.0772	-0.0062	
40.6996	-58.4740	-24.1823	0.8432	-0.9818	-0.5009	0.0646	0.3362	-0.8705	0.3540	-0.0244	-0.0760	-0.0099	
40.7848	-58.5719	-24.2336	0.8433	-0.9818	-0.5009	0.0492	0.3162	-0.8680	0.3808	-0.0232	-0.0744	-0.0137	
40.8670	-58.6646	-24.2852	0.8432	-0.9816	-0.5010	0.0159	0.3079	-0.8580	0.4116	-0.0285	-0.0723	-0.0117	
40.9517	-58.7648	-24.3359	0.8432	-0.9817	-0.5010	-0.0133	-0.2655	0.8568	-0.4425	-0.0318	-0.0703	-0.0180	
41.0327	-58.8620	-24.3830	0.8431	-0.9816	-0.5009	0.0076	-0.2452	0.8523	-0.4625	-0.0297	-0.0702	-0.0188	
41.1139	-58.9591	-24.4285	0.8430	-0.9816	-0.5008	0.0096	-0.2165	0.8522	-0.4774	-0.0317	-0.0663	-0.0201	
41.1988	-59.0557	-24.4772	0.8430	-0.9815	-0.5007	0.0241	-0.1641	0.8501	-0.4991	-0.0359	-0.0674	-0.0223	
41.2827	-59.1510	-24.5277	0.8430	-0.9815	-0.5007	0.0354	-0.1416	0.8491	-0.5089	-0.0354	-0.0650	-0.0212	
41.3679	-59.2508	-24.5808	0.8430	-0.9815	-0.5008	0.0417	-0.1037	0.8412	-0.5289	-0.0376	-0.0637	-0.0238	
41.4508	-59.3472	-24.6323	0.8430	-0.9815	-0.5009	0.0524	-0.0571	0.8254	-0.5585	-0.0400	-0.0648	-0.0289	
41.5359	-59.4467	-24.6853	0.8430	-0.9815	-0.5010	0.0676	-0.0196	0.8115	-0.5797	-0.0404	-0.0655	-0.0309	
41.6172	-59.5450	-24.7335	0.8429	-0.9815	-0.5009	0.0768	0.0113	0.7951	-0.6016	-0.0403	-0.0646	-0.0334	
41.7016	-59.6427	-24.7823	0.8429	-0.9815	-0.5009	0.0748	0.0386	0.7872	-0.6121	-0.0415	-0.0608	-0.0325	
41.7877	-59.7414	-24.8329	0.8430	-0.9815	-0.5009	0.0685	0.0958	0.7750	-0.6208	-0.0485	-0.0593	-0.0320	
41.8724	-59.8385	-24.8851	0.8430	-0.9815	-0.5010	0.0679	0.1466	0.7557	-0.6340	-0.0528	-0.0589	-0.0334	
41.9559	-59.9355	-24.9331	0.8430	-0.9814	-0.5009	0.0743	0.1989	0.7447	-0.6325	-0.0559	-0.0598	-0.0299	
42.0416	-60.0361	-24.9842	0.8430	-0.9815	-0.5009	0.0659	0.2264	0.7404	-0.6313	-0.0562	-0.0555	-0.0264	
42.1227	-60.1350	-25.0301	0.8429	-0.9815	-0.5008	0.0675	0.2629	0.7282	-0.6297	-0.0567	-0.0547	-0.0242	
