0.9574	-9.5910	0.4333	0.0000	0.0000	0.0000	0.6016	-0.1954	0.5186	0.5753	0.0000	0.0000	0.0000	
0.7625	-10.1844	0.2953	-0.0193	-0.0588	-0.0137	0.6248	-0.1681	0.5395	0.5415	-0.0208	0.0038	-0.0035	
0.6818	-10.3468	0.2634	-0.0362	-0.0976	-0.0211	0.6443	-0.1560	0.5549	0.5032	-0.0490	0.0060	-0.0155	
0.5992	-10.5675	0.1628	-0.0652	-0.1897	-0.0632	0.6588	-0.0717	0.5572	0.5059	-0.0783	0.0349	0.0334	
0.4986	-10.7631	0.0235	-0.1222	-0.3016	-0.1435	0.6830	-0.0740	0.5648	0.4631	-0.0803	0.0111	0.0067	
0.4100	-10.8475	-0.0036	-0.1772	-0.3424	-0.1549	0.6940	-0.0448	0.5249	0.5004	-0.0498	-0.0019	0.0399	
0.4076	-10.9436	-0.0783	-0.1689	-0.4016	-0.2079	0.7140	0.0079	0.5117	0.4770	-0.0667	0.0021	0.0468	
0.3925	-11.0677	-0.1539	-0.1533	-0.4832	-0.2582	0.7135	0.0053	0.5084	0.4883	-0.0430	-0.0002	0.0387	
0.5125	-11.2491	-0.2644	-0.0096	-0.6205	-0.3405	0.6974	0.0369	0.5083	0.5060	-0.0299	0.0099	0.0431	
0.5371	-11.3162	-0.2297	0.0030	-0.6257	-0.2739	0.7031	0.0906	0.4984	0.4986	-0.0398	0.0148	0.0484	
0.6049	-11.3713	-0.3109	0.0732	-0.6192	-0.3244	0.7041	0.1118	0.5016	0.4911	-0.0381	0.0160	0.0432	
0.5801	-11.3548	-0.3473	0.0294	-0.5424	-0.3271	0.7013	0.1576	0.5021	0.4805	-0.0434	0.0216	0.0445	
0.5936	-11.4285	-0.3744	0.0237	-0.5631	-0.3203	0.7135	0.1852	0.5177	0.4368	-0.0537	0.0239	0.0326	
0.7960	-11.5051	-0.3576	0.2063	-0.5811	-0.2748	0.7200	0.2125	0.5186	0.4094	-0.0559	0.0234	0.0285	
0.8614	-11.5863	-0.3880	0.2459	-0.6003	-0.2772	0.6982	0.2714	0.5114	0.4228	-0.0516	0.0294	0.0390	
0.9495	-11.6877	-0.3796	0.3035	-0.6347	-0.2463	0.6843	0.3085	0.5075	0.4235	-0.0481	0.0313	0.0410	
1.0406	-11.7521	-0.4350	0.3484	-0.6349	-0.2721	0.6912	0.3449	0.4939	0.3990	-0.0524	0.0291	0.0411	
1.0644	-11.7910	-0.4529	0.3410	-0.6179	-0.2618	0.6827	0.3628	0.5107	0.3789	-0.0506	0.0321	0.0343	
1.0986	-11.8872	-0.4396	0.3388	-0.6437	-0.2309	0.6650	0.3983	0.5175	0.3625	-0.0499	0.0366	0.0332	
1.1884	-11.9841	-0.4379	0.3789	-0.6658	-0.2135	0.6508	0.4402	0.5053	0.3565	-0.0494	0.0369	0.0371	
1.2985	-12.0369	-0.5049	0.4279	-0.6584	-0.2415	0.6360	0.4611	0.5239	0.3315	-0.0478	0.0408	0.0320	
1.3775	-12.0851	-0.5427	0.4525	-0.6481	-0.2487	0.6118	0.4926	0.5275	0.3243	-0.0450	0.0433	0.0332	
1.5505	-12.1959	-0.5491	0.5324	-0.6750	-0.2369	0.5996	0.5321	0.5134	0.3053	-0.0474	0.0425	0.0354	
1.7136	-12.3204	-0.5939	0.5994	-0.7092	-0.2492	0.5828	0.5638	0.5074	0.2915	-0.0467	0.0424	0.0361	
1.8152	-12.4019	-0.6776	0.6234	-0.7155	-0.2821	0.5557	0.6021	0.4981	0.2833	-0.0460	0.0434	0.0395	
1.8772	-12.4976	-0.7869	0.6224	-0.7294	-0.3268	0.5309	0.6336	0.4936	0.2699	-0.0450	0.0445	0.0405	
1.9276	-12.5417	-0.8084	0.6161	-0.7148	-0.3197	0.5009	0.6640	0.4904	0.2599	-0.0432	0.0467	0.0421	
2.0195	-12.6436	-0.8321	0.6316	-0.7296	-0.3143	0.4693	0.7048	0.4743	0.2387	-0.0456	0.0492	0.0450	
2.1315	-12.7360	-0.8326	0.6570	-0.7398	-0.2985	0.4445	0.7298	0.4669	0.2286	-0.0436	0.0489	0.0455	
2.1444	-12.7689	-0.8735	0.6307	-0.7216	-0.3031	0.4053	0.7506	0.4733	0.2219	-0.0385	0.0518	0.0467	
2.2747	-12.8564	-0.8695	0.6633	-0.7293	-0.2872	0.3859	0.7641	0.4750	0.2075	-0.0359	0.0512	0.0444	
2.3608	-12.8924	-0.9608	0.6723	-0.7129	-0.3153	0.3546	0.7836	0.4760	0.1833	-0.0357	0.0537	0.0434	
2.4212	-12.9696	-1.0110	0.6687	-0.7164	-0.3230	0.3119	0.8010	0.4806	0.1748	-0.0311	0.0557	0.0456	
2.5023	-13.0538	-1.0251	0.6751	-0.7221	-0.3148	0.2706	0.8190	0.4815	0.1545	-0.0293	0.0592	0.0467	
2.5898	-13.0819	-1.0712	0.6830	-0.7048	-0.3208	0.2386	0.8285	0.4829	0.1589	-0.0251	0.0558	0.0478	
2.6793	-13.1634	-1.1053	0.6915	-0.7096	-0.3217	0.2055	0.8376	0.4835	0.1523	-0.0221	0.0549	0.0481	
2.7051	-13.2338	-1.1553	0.6733	-0.7096	-0.3286	0.1662	0.8474	0.4818	0.1497	-0.0191	0.0539	0.0501	
2.8107	-13.2957	-1.2540	0.6878	-0.7067	-0.3536	0.1214	0.8548	0.4815	0.1516	-0.0159	0.0526	0.0530	
2.8724	-13.3635	-1.2860	0.6849	-0.7059	-0.3522	0.0790	0.8646	0.4727	0.1506	-0.0148	0.0518	0.0557	
2.9449	-13.4245	-1.3041	0.6862	-0.7027	-0.3458	0.0367	0.8719	0.4639	0.1521	-0.0135	0.0506	0.0583	
3.0357	-13.5462	-1.3377	0.6945	-0.7205	-0.3456	-0.0101	0.8799	0.4503	0.1490	-0.0137	0.0502	0.0557	
3.1262	-13.5973	-1.3595	0.7019	-0.7137	-0.3412	0.0523	-0.8820	-0.4442	-0.1484	-0.0120	0.0497	0.0578	
3.1917	-13.6503	-1.4105	0.7000	-0.7075	-0.3469	0.0857	-0.8842	-0.4359	-0.1459	-0.0115	0.0480	0.0578	
3.3007	-13.7072	-1.4586	0.7133	-0.7033	-0.3513	0.1274	-0.8852	-0.4225	-0.1463	-0.0114	0.0471	0.0599	
3.3941	-13.7980	-1.5025	0.7207	-0.7098	-0.3541	0.1580	-0.8890	-0.4049	-0.1455	-0.0126	0.0450	0.0599	
3.5011	-13.8346	-1.5356	0.7321	-0.6994	-0.3536	0.2018	-0.8818	-0.4039	-0.1363	-0.0097	0.0469	0.0609	
3.5876	-13.8693	-1.6029	0.7362	-0.6887	-0.3634	0.2250	-0.8859	-0.3850	-0.1317	-0.0125	0.0449	0.0585	
3.6900	-13.9211	-1.6373	0.7452	-0.6837	-0.3630	0.2739	-0.8758	-0.3709	-0.1426	-0.0111	0.0428	0.0635	
3.7802	-14.0277	-1.6770	0.7501	-0.6949	-0.3640	0.3032	-0.8724	-0.3577	-0.1401	-0.0109	0.0414	0.0628	
3.8688	-14.1013	-1.7550	0.7542	-0.6959	-0.3764	0.3409	-0.8549	-0.3618	-0.1524	-0.0065	0.0372	0.0650	
3.9780	-14.1598	-1.7727	0.7641	-0.6929	-0.3707	0.3751	-0.8422	-0.3524	-0.1615	-0.0057	0.0348	0.0663	
4.0848	-14.2300	-1.8167	0.7729	-0.6933	-0.3727	0.4008	-0.8333	-0.3447	-0.1643	-0.0052	0.0330	0.0650	
4.1600	-14.2836	-1.8289	0.7722	-0.6890	-0.3658	0.4323	-0.8168	-0.3448	-0.1662	-0.0025	0.0318	0.0650	
4.2638	-14.3311	-1.8364	0.7794	-0.6835	-0.3578	0.4632	-0.8082	-0.3222	-0.1687	-0.0049	0.0320	0.0652	
4.3624	-14.3762	-1.8762	0.7851	-0.6775	-0.3591	0.5008	-0.7877	-0.3158	-0.1702	-0.0027	0.0317	0.0670	
4.4757	-14.4431	-1.8810	0.7944	-0.6774	-0.3511	0.5363	-0.7626	-0.3141	-0.1799	-0.0000	0.0295	0.0694	
4.5442	-14.5063	-1.8805	0.7913	-0.6762	-0.3418	0.5635	-0.7454	-0.3046	-0.1854	0.0001	0.0280	0.0690	
4.6416	-14.5819	-1.9275	0.7961	-0.6783	-0.3451	0.5859	-0.7327	-0.2852	-0.1980	-0.0028	0.0254	0.0685	
4.7344	-14.6406	-1.9272	0.7993	-0.6761	-0.3364	0.6166	-0.7073	-0.2819	-0.2007	-0.0000	0.0247	0.0694	
4.7998	-14.6970	-1.9524	0.7957	-0.6734	-0.3343	0.6442	-0.6853	-0.2748	-0.2003	0.0015	0.0243	0.0692	
4.8883	-14.7379	-1.9798	0.7978	-0.6672	-0.3329	0.6713	-0.6635	-0.2619	-0.2012	0.0016	0.0245	0.0692	
4.9683	-14.7614	-1.9922	0.7976	-0.6571	-0.3281	0.6932	-0.6362	-0.2574	-0.2222	0.0006	0.0199	0.0700	
5.0352	-14.8111	-2.0098	0.7944	-0.6534	-0.3244	0.7120	-0.6114	-0.2570	-0.2325	0.0016	0.0169	0.0692	
5.1131	-14.8537	-2.0401	0.7940	-0.6482	-0.3240	0.7293	-0.5848	-0.2527	-0.2510	0.0007	0.0131	0.0693	
5.1863	-14.9209	-2.0902	0.7927	-0.6486	-0.3281	0.7511	-0.5566	-0.2532	-0.2497	0.0041	0.0121	0.0691	
5.2689	-14.9837	-2.1159	0.7934	-0.6482	-0.3265	0.7625	-0.5427	-0.2400	-0.2600	0.0015	0.0114	0.0663	
5.3489	-15.0418	-2.1487	0.7935	-0.6468	-0.3265	0.7797	-0.5210	-0.2283	-0.2621	0.0016	0.0117	0.0654	
5.4250	-15.0934	-2.1954	0.7929	-0.6439	-0.3296	0.8000	-0.4897	-0.2249	-0.2639	0.0039	0.0103	0.0663	
5.5239	-15.1701	-2.1857	0.7970	-0.6465	-0.3205	0.8122	-0.4565	-0.2245	-0.2865	0.0032	0.0060	0.0673	
5.6022	-15.2442	-2.2288	0.7967	-0.6484	-0.3229	0.8320	-0.4184	-0.2155	-0.2929	0.0044	0.0048	0.0699	
5.7017	-15.3100	-2.2573	0.8009	-0.6487	-0.3222	0.8428	-0.3958	-0.1951	-0.3091	0.0006	0.0052	0.0693	
5.7758	-15.3681	-2.2975	0.7996	-0.6472	-0.3238	0.8536	-0.3677	-0.1815	-0.3213	-0.0009	0.0043	0.0694	
5.8520	-15.4340	-2.3268	0.7989	-0.6474	-0.3232	0.8639	-0.3310	-0.1926	-0.3284	0.0025	-0.0006	0.0691	
5.9412	-15.4957	-2.3716	0.8009	-0.6467	-0.3258	0.8803	-0.2878	-0.1780	-0.3315	0.0035	-0.0005	0.0724	
6.0127	-15.5576	-2.4184	0.7992	-0.6462	-0.3285	0.8965	-0.2609	-0.1659	-0.3185	0.0062	0.0018	0.0711	
6.1204	-15.6221	-2.4465	0.8047	-0.6461	-0.3277	0.9039	-0.2216	-0.1528	-0.3319	0.0048	0.0005	0.0729	
6.2069	-15.7065	-2.4521	0.8058	-0.6500	-0.3224	0.9113	-0.1892	-0.1477	-0.3350	0.0058	-0.0006	0.0719	
6.3076	-15.7330	-2.4624	0.8096	-0.6428	-0.3184	0.9164	-0.1518	-0.1416	-0.3420	0.0056	-0.0022	0.0723	
6.3735	-15.7905	-2.5072	0.8068	-0.6414	-0.3208	0.9201	-0.1154	-0.1336	-0.3495	0.0048	-0.0034	0.0728	
6.4610	-15.8642	-2.5430	0.8081	-0.6432	-0.3215	0.9258	-0.0941	-0.1265	-0.3453	0.0058	-0.0027	0.0696	
6.5432	-15.9287	-2.5650	0.8084	-0.6432	-0.3196	0.9243	-0.0489	-0.1263	-0.3564	0.0053	-0.0067	0.0714	
6.6426	-15.9792	-2.6091	0.8118	-0.6407	-0.3219	0.9254	-0.0129	-0.1188	-0.3597	0.0051	-0.0075	0.0717	
6.7066	-16.0367	-2.6672	0.8088	-0.6395	-0.3265	0.9248	0.0137	-0.1185	-0.3625	0.0047	-0.0089	0.0694	
6.7939	-16.1133	-2.6720	0.8099	-0.6417	-0.3215	0.9220	0.0636	-0.1107	-0.3644	0.0055	-0.0105	0.0725	
6.8631	-16.1531	-2.6819	0.8078	-0.6375	-0.3175	0.9144	0.0929	-0.1165	-0.3778	0.0030	-0.0135	0.0703	
6.9437	-16.2355	-2.7291	0.8078	-0.6408	-0.3202	0.9049	0.1086	-0.1192	-0.3966	-0.0007	-0.0149	0.0656	
7.0224	-16.2865	-2.7623	0.8075	-0.6385	-0.3204	0.8936	0.1508	-0.1205	-0.4047	-0.0017	-0.0178	0.0673	
7.1088	-16.3468	-2.8033	0.8085	-0.6379	-0.3219	0.8837	0.1844	-0.1142	-0.4147	-0.0032	-0.0181	0.0676	
7.1895	-16.4219	-2.8203	0.8084	-0.6398	-0.3193	0.8750	0.2197	-0.1202	-0.4145	-0.0023	-0.0208	0.0668	
7.2875	-16.4631	-2.8541	0.8113	-0.6360	-0.3197	0.8582	0.2686	-0.1215	-0.4193	-0.0031	-0.0241	0.0701	
7.3775	-16.5345	-2.8887	0.8128	-0.6372	-0.3201	0.8340	0.3114	-0.1241	-0.4380	-0.0070	-0.0270	0.0717	
7.4640	-16.5862	-2.9305	0.8137	-0.6353	-0.3217	0.8118	0.3436	-0.1281	-0.4547	-0.0106	-0.0287	0.0710	
7.5447	-16.6470	-2.9780	0.8136	-0.6348	-0.3241	0.7922	0.3823	-0.1289	-0.4575	-0.0107	-0.0301	0.0717	
7.6196	-16.7126	-3.0184	0.8126	-0.6351	-0.3254	0.7787	0.4045	-0.1343	-0.4619	-0.0111	-0.0302	0.0682	
7.7094	-16.7755	-3.0366	0.8140	-0.6351	-0.3232	0.7576	0.4406	-0.1309	-0.4632	-0.0109	-0.0305	0.0692	
7.7800	-16.8404	-3.0564	0.8123	-0.6353	-0.3212	0.7388	0.4647	-0.1363	-0.4695	-0.0122	-0.0308	0.0669	
7.8719	-16.8924	-3.0830	0.8139	-0.6336	-0.3203	0.7158	0.4952	-0.1354	-0.4732	-0.0129	-0.0310	0.0671	
7.9536	-16.9303	-3.1343	0.8140	-0.6297	-0.3233	0.6926	0.5201	-0.1316	-0.4825	-0.0145	-0.0297	0.0666	
8.0430	-16.9655	-3.1641	0.8153	-0.6255	-0.3230	0.6686	0.5378	-0.1499	-0.4925	-0.0184	-0.0316	0.0632	
8.1337	-17.0197	-3.2022	0.8167	-0.6243	-0.3239	0.6366	0.5731	-0.1672	-0.4880	-0.0196	-0.0366	0.0637	
8.2085	-17.0743	-3.2358	0.8157	-0.6231	-0.3241	0.6056	0.5999	-0.1818	-0.4902	-0.0216	-0.0389	0.0630	
8.2931	-17.1264	-3.2591	0.8161	-0.6217	-0.3228	0.5840	0.6201	-0.1823	-0.4918	-0.0210	-0.0374	0.0616	
8.3812	-17.1861	-3.2947	0.8171	-0.6213	-0.3232	0.5518	0.6428	-0.1937	-0.4948	-0.0231	-0.0388	0.0608	
8.4571	-17.2560	-3.3292	0.8162	-0.6224	-0.3236	0.5187	0.6601	-0.2153	-0.4994	-0.0268	-0.0408	0.0582	
8.5501	-17.3143	-3.3791	0.8179	-0.6218	-0.3261	0.4789	0.6779	-0.2308	-0.5077	-0.0308	-0.0419	0.0575	
8.6322	-17.3873	-3.4266	0.8179	-0.6233	-0.3282	0.4528	0.6923	-0.2460	-0.5058	-0.0314	-0.0425	0.0544	
8.7313	-17.4425	-3.4423	0.8203	-0.6223	-0.3258	0.4206	0.7087	-0.2684	-0.4989	-0.0330	-0.0453	0.0525	
8.8223	-17.5141	-3.4624	0.8216	-0.6236	-0.3241	0.3860	0.7202	-0.2789	-0.5048	-0.0350	-0.0442	0.0517	
8.8969	-17.5889	-3.4908	0.8205	-0.6254	-0.3235	0.3508	0.7206	-0.3006	-0.5179	-0.0399	-0.0423	0.0486	
8.9821	-17.6539	-3.5325	0.8210	-0.6257	-0.3248	0.3199	0.7298	-0.3150	-0.5159	-0.0404	-0.0425	0.0468	
9.0654	-17.7152	-3.5669	0.8211	-0.6255	-0.3251	0.2847	0.7427	-0.3206	-0.5143	-0.0399	-0.0423	0.0475	
9.1455	-17.7710	-3.5985	0.8209	-0.6246	-0.3250	0.2490	0.7426	-0.3406	-0.5205	-0.0434	-0.0411	0.0454	
9.2232	-17.8192	-3.6215	0.8203	-0.6227	-0.3237	0.2131	0.7469	-0.3646	-0.5135	-0.0455	-0.0429	0.0436	
9.3097	-17.8726	-3.6543	0.8209	-0.6216	-0.3238	0.1663	0.7571	-0.3756	-0.5073	-0.0466	-0.0448	0.0454	
9.3780	-17.9366	-3.6904	0.8191	-0.6218	-0.3242	0.1379	0.7568	-0.3910	-0.5062	-0.0469	-0.0431	0.0429	
9.4452	-17.9808	-3.7163	0.8172	-0.6195	-0.3234	0.0986	0.7595	-0.3928	-0.5092	-0.0464	-0.0414	0.0445	
9.5275	-18.0397	-3.7393	0.8173	-0.6192	-0.3222	0.0707	0.7505	-0.4112	-0.5136	-0.0485	-0.0383	0.0418	
9.6170	-18.1241	-3.7790	0.8183	-0.6220	-0.3231	0.0179	0.7360	-0.4283	-0.5237	-0.0425	-0.0408	0.0398	
9.6975	-18.1842	-3.8082	0.8181	-0.6217	-0.3228	0.0179	-0.7349	0.4329	0.5217	-0.0429	-0.0399	0.0402	
9.7732	-18.2370	-3.8333	0.8174	-0.6206	-0.3219	0.0568	-0.7304	0.4343	0.5241	-0.0437	-0.0381	0.0417	
9.8572	-18.2948	-3.8668	0.8176	-0.6201	-0.3220	0.0951	-0.7297	0.4256	0.5268	-0.0424	-0.0363	0.0441	
9.9383	-18.3599	-3.9110	0.8176	-0.6204	-0.3235	0.1302	-0.7190	0.4325	0.5284	-0.0444	-0.0340	0.0438	
10.0105	-18.4125	-3.9555	0.8164	-0.6193	-0.3250	0.1744	-0.7116	0.4257	0.5308	-0.0447	-0.0327	0.0467	
10.0941	-18.4709	-3.9889	0.8167	-0.6188	-0.3252	0.1939	-0.6972	0.4371	0.5357	-0.0451	-0.0284	0.0438	
10.1737	-18.5348	-4.0097	0.8164	-0.6191	-0.3237	0.2410	-0.6817	0.4366	0.5346	-0.0478	-0.0282	0.0466	
10.2524	-18.5986	-4.0468	0.8161	-0.6193	-0.3243	0.2668	-0.6636	0.4412	0.5429	-0.0479	-0.0239	0.0460	
10.3360	-18.6521	-4.0826	0.8163	-0.6183	-0.3247	0.2949	-0.6486	0.4435	0.5442	-0.0478	-0.0219	0.0455	
10.4217	-18.7111	-4.1162	0.8168	-0.6180	-0.3249	0.3184	-0.6295	0.4524	0.5463	-0.0485	-0.0192	0.0438	
10.4958	-18.7640	-4.1610	0.8159	-0.6169	-0.3264	0.3392	-0.6033	0.4498	0.5657	-0.0470	-0.0129	0.0451	
10.5911	-18.8235	-4.1932	0.8175	-0.6167	-0.3263	0.3704	-0.5758	0.4596	0.5656	-0.0502	-0.0112	0.0448	
10.6797	-18.8853	-4.2389	0.8183	-0.6166	-0.3278	0.3987	-0.5511	0.4684	0.5638	-0.0522	-0.0098	0.0440	
10.7693	-18.9359	-4.2637	0.8192	-0.6154	-0.3269	0.4265	-0.5290	0.4811	0.5540	-0.0547	-0.0100	0.0416	
10.8504	-19.0041	-4.3010	0.8191	-0.6161	-0.3274	0.4446	-0.4877	0.4928	0.5681	-0.0561	-0.0037	0.0420	
10.9246	-19.0634	-4.3308	0.8182	-0.6159	-0.3271	0.4702	-0.4597	0.4929	0.5697	-0.0562	-0.0025	0.0428	
11.0135	-19.1285	-4.3681	0.8190	-0.6162	-0.3276	0.4959	-0.4400	0.4902	0.5661	-0.0553	-0.0030	0.0428	
11.0884	-19.1933	-4.4023	0.8183	-0.6166	-0.3278	0.5086	-0.4181	0.4998	0.5637	-0.0546	-0.0013	0.0397	
11.1786	-19.2553	-4.4348	0.8192	-0.6166	-0.3277	0.5374	-0.3826	0.5032	0.5577	-0.0575	-0.0004	0.0406	
11.2543	-19.3206	-4.4684	0.8185	-0.6170	-0.3278	0.5545	-0.3576	0.5143	0.5483	-0.0584	0.0004	0.0377	
11.3480	-19.3708	-4.5023	0.8198	-0.6158	-0.3280	0.5804	-0.3298	0.5081	0.5441	-0.0580	0.0001	0.0394	
11.4457	-19.4297	-4.5371	0.8214	-0.6154	-0.3282	0.5905	-0.2814	0.5252	0.5449	-0.0605	0.0061	0.0383	
11.5274	-19.5024	-4.5798	0.8214	-0.6166	-0.3292	0.5946	-0.2628	0.5356	0.5406	-0.0580	0.0078	0.0345	
11.6038	-19.5659	-4.6120	0.8208	-0.6168	-0.3291	0.6085	-0.2289	0.5424	0.5320	-0.0593	0.0093	0.0336	
11.6744	-19.6278	-4.6478	0.8196	-0.6169	-0.3294	0.6173	-0.2013	0.5515	0.5242	-0.0591	0.0109	0.0315	
11.7610	-19.6789	-4.6945	0.8201	-0.6157	-0.3309	0.6317	-0.1643	0.5562	0.5141	-0.0605	0.0123	0.0317	
11.8544	-19.7449	-4.7297	0.8212	-0.6162	-0.3311	0.6506	-0.1292	0.5505	0.5067	-0.0609	0.0118	0.0337	
11.9399	-19.8114	-4.7687	0.8216	-0.6166	-0.3317	0.6622	-0.0886	0.5499	0.5009	-0.0616	0.0135	0.0350	
12.0272	-19.8659	-4.8085	0.8221	-0.6159	-0.3324	0.6809	-0.0523	0.5521	0.4780	-0.0647	0.0133	0.0341	
12.1012	-19.9204	-4.8359	0.8213	-0.6152	-0.3318	0.6912	-0.0120	0.5478	0.4710	-0.0648	0.0142	0.0356	
12.1873	-19.9804	-4.8898	0.8217	-0.6150	-0.3339	0.6962	0.0127	0.5457	0.4675	-0.0616	0.0144	0.0352	
12.2655	-20.0438	-4.9202	0.8213	-0.6152	-0.3336	0.7029	0.0482	0.5445	0.4550	-0.0620	0.0154	0.0350	
12.3457	-20.0938	-4.9535	0.8211	-0.6140	-0.3336	0.7078	0.0798	0.5464	0.4408	-0.0619	0.0166	0.0337	
12.4359	-20.1548	-4.9844	0.8219	-0.6140	-0.3334	0.7140	0.1118	0.5426	0.4283	-0.0615	0.0167	0.0336	
12.5158	-20.2163	-5.0067	0.8217	-0.6140	-0.3323	0.7178	0.1553	0.5313	0.4220	-0.0617	0.0174	0.0363	
12.5981	-20.2812	-5.0406	0.8217	-0.6144	-0.3323	0.7107	0.1823	0.5392	0.4151	-0.0587	0.0205	0.0342	
12.6756	-20.3432	-5.0684	0.8212	-0.6144	-0.3318	0.7129	0.2126	0.5285	0.4095	-0.0572	0.0194	0.0353	
12.7670	-20.3914	-5.1046	0.8221	-0.6132	-0.3321	0.7113	0.2399	0.5363	0.3867	-0.0575	0.0219	0.0320	
12.8450	-20.4550	-5.1380	0.8217	-0.6134	-0.3321	0.7119	0.2693	0.5306	0.3734	-0.0571	0.0217	0.0319	
12.9209	-20.5234	-5.1629	0.8211	-0.6141	-0.3313	0.7041	0.3085	0.5335	0.3525	-0.0585	0.0256	0.0313	
13.0051	-20.5749	-5.1894	0.8213	-0.6131	-0.3307	0.6959	0.3480	0.5338	0.3304	-0.0600	0.0287	0.0313	
13.0957	-20.6489	-5.2347	0.8221	-0.6143	-0.3318	0.6921	0.3757	0.5320	0.3117	-0.0593	0.0289	0.0302	
13.1799	-20.7096	-5.2651	0.8223	-0.6142	-0.3316	0.6832	0.4046	0.5311	0.2962	-0.0581	0.0301	0.0297	
13.2526	-20.7716	-5.2924	0.8214	-0.6143	-0.3310	0.6627	0.4281	0.5453	0.2860	-0.0535	0.0346	0.0279	
13.3470	-20.8345	-5.3246	0.8225	-0.6145	-0.3309	0.6338	0.4722	0.5457	0.2785	-0.0522	0.0393	0.0314	
13.4310	-20.8920	-5.3622	0.8227	-0.6141	-0.3313	0.6062	0.5148	0.5428	0.2694	-0.0516	0.0425	0.0346	
13.5189	-20.9546	-5.4019	0.8232	-0.6142	-0.3319	0.5857	0.5509	0.5391	0.2497	-0.0523	0.0444	0.0355	
13.6049	-21.0215	-5.4499	0.8235	-0.6147	-0.3333	0.5625	0.5848	0.5341	0.2368	-0.0514	0.0454	0.0370	
13.6963	-21.0850	-5.4849	0.8243	-0.6149	-0.3334	0.5387	0.6132	0.5280	0.2362	-0.0480	0.0447	0.0390	
13.7823	-21.1482	-5.5181	0.8246	-0.6150	-0.3334	0.5109	0.6355	0.5365	0.2190	-0.0450	0.0481	0.0379	
13.8721	-21.2075	-5.5553	0.8253	-0.6148	-0.3337	0.4762	0.6563	0.5466	0.2111	-0.0400	0.0512	0.0384	
13.9457	-21.2743	-5.5796	0.8245	-0.6153	-0.3329	0.4459	0.6819	0.5424	0.2052	-0.0379	0.0516	0.0402	
14.0274	-21.3322	-5.6196	0.8244	-0.6150	-0.3335	0.4168	0.7026	0.5439	0.1923	-0.0360	0.0527	0.0402	
14.1019	-21.3835	-5.6423	0.8237	-0.6141	-0.3326	0.3784	0.7262	0.5395	0.1973	-0.0323	0.0525	0.0440	
14.1817	-21.4387	-5.6763	0.8235	-0.6136	-0.3327	0.3423	0.7523	0.5318	0.1832	-0.0328	0.0542	0.0456	
14.2642	-21.4988	-5.7009	0.8235	-0.6135	-0.3319	0.3177	0.7724	0.5219	0.1747	-0.0326	0.0524	0.0456	
14.3558	-21.5608	-5.7376	0.8243	-0.6135	-0.3322	0.2742	0.7955	0.5142	0.1645	-0.0317	0.0545	0.0485	
14.4318	-21.6215	-5.7680	0.8238	-0.6135	-0.3320	0.2307	0.8109	0.5147	0.1563	-0.0285	0.0563	0.0504	
14.5085	-21.6799	-5.8052	0.8233	-0.6132	-0.3323	0.1949	0.8233	0.5120	0.1498	-0.0262	0.0559	0.0510	
14.6065	-21.7497	-5.8425	0.8246	-0.6139	-0.3326	0.1581	0.8390	0.5001	0.1451	-0.0257	0.0547	0.0527	
14.6982	-21.8183	-5.8783	0.8254	-0.6145	-0.3328	0.1194	0.8484	0.4966	0.1401	-0.0232	0.0544	0.0538	
14.7699	-21.8820	-5.8991	0.8245	-0.6147	-0.3318	0.0734	0.8619	0.4787	0.1505	-0.0220	0.0515	0.0589	
14.8545	-21.9367	-5.9317	0.8246	-0.6142	-0.3318	0.0394	0.8691	0.4709	0.1481	-0.0208	0.0500	0.0590	
14.9347	-21.9980	-5.9621	0.8244	-0.6142	-0.3315	-0.0015	0.8772	0.4601	0.1360	-0.0218	0.0482	0.0587	
15.0211	-22.0538	-5.9951	0.8248	-0.6137	-0.3315	0.0458	-0.8788	-0.4583	-0.1250	-0.0189	0.0506	0.0594	
15.1080	-22.1237	-6.0391	0.8251	-0.6144	-0.3324	0.0815	-0.8797	-0.4545	-0.1165	-0.0169	0.0506	0.0588	
15.1926	-22.1908	-6.0665	0.8253	-0.6149	-0.3319	0.1162	-0.8717	-0.4625	-0.1207	-0.0116	0.0482	0.0592	
15.2771	-22.2567	-6.1026	0.8254	-0.6152	-0.3321	0.1550	-0.8677	-0.4556	-0.1256	-0.0099	0.0460	0.0610	
15.3671	-22.3186	-6.1435	0.8260	-0.6152	-0.3328	0.1865	-0.8699	-0.4377	-0.1322	-0.0115	0.0428	0.0616	
15.4460	-22.3883	-6.1699	0.8257	-0.6159	-0.3322	0.2213	-0.8671	-0.4269	-0.1309	-0.0108	0.0421	0.0619	
15.5276	-22.4499	-6.2026	0.8257	-0.6159	-0.3322	0.2605	-0.8589	-0.4204	-0.1334	-0.0089	0.0412	0.0634	
15.6024	-22.5110	-6.2335	0.8251	-0.6159	-0.3320	0.2907	-0.8523	-0.4128	-0.1390	-0.0080	0.0386	0.0632	
15.6797	-22.5694	-6.2645	0.8246	-0.6156	-0.3318	0.3294	-0.8408	-0.4101	-0.1286	-0.0052	0.0406	0.0631	
15.7615	-22.6270	-6.2959	0.8246	-0.6153	-0.3317	0.3631	-0.8323	-0.3993	-0.1273	-0.0049	0.0401	0.0632	
15.8442	-22.6901	-6.3385	0.8246	-0.6154	-0.3324	0.3990	-0.8167	-0.3949	-0.1349	-0.0030	0.0377	0.0648	
15.9254	-22.7458	-6.3789	0.8245	-0.6149	-0.3330	0.4169	-0.8105	-0.3904	-0.1365	-0.0030	0.0350	0.0615	
16.0101	-22.8014	-6.4104	0.8247	-0.6145	-0.3328	0.4404	-0.8011	-0.3846	-0.1307	-0.0022	0.0349	0.0592	
16.0935	-22.8647	-6.4503	0.8248	-0.6146	-0.3333	0.4669	-0.7888	-0.3766	-0.1357	-0.0019	0.0328	0.0592	
16.1800	-22.9229	-6.4803	0.8251	-0.6144	-0.3331	0.5033	-0.7743	-0.3560	-0.1407	-0.0032	0.0327	0.0617	
16.2552	-22.9840	-6.5150	0.8245	-0.6144	-0.3332	0.5258	-0.7581	-0.3574	-0.1492	-0.0015	0.0292	0.0611	
16.3291	-23.0482	-6.5474	0.8239	-0.6146	-0.3331	0.5542	-0.7367	-0.3531	-0.1600	-0.0003	0.0264	0.0627	
16.4089	-23.1160	-6.5722	0.8237	-0.6150	-0.3325	0.5767	-0.7215	-0.3461	-0.1657	-0.0001	0.0248	0.0620	
16.4882	-23.1708	-6.6080	0.8234	-0.6145	-0.3327	0.5976	-0.7045	-0.3380	-0.1812	-0.0011	0.0214	0.0621	
16.5611	-23.2328	-6.6418	0.8227	-0.6146	-0.3327	0.6316	-0.6767	-0.3272	-0.1882	0.0002	0.0210	0.0653	
16.6354	-23.2877	-6.6735	0.8222	-0.6141	-0.3326	0.6582	-0.6515	-0.3181	-0.2028	-0.0001	0.0187	0.0672	
16.7172	-23.3481	-6.7090	0.8221	-0.6140	-0.3328	0.6850	-0.6262	-0.3083	-0.2085	0.0009	0.0182	0.0682	
16.8026	-23.4130	-6.7432	0.8224	-0.6143	-0.3329	0.7080	-0.6094	-0.2948	-0.2025	0.0017	0.0201	0.0664	
16.8926	-23.4709	-6.7731	0.8229	-0.6140	-0.3326	0.7310	-0.5860	-0.2801	-0.2088	0.0011	0.0198	0.0669	
16.9756	-23.5300	-6.8057	0.8230	-0.6139	-0.3326	0.7506	-0.5595	-0.2597	-0.2377	-0.0035	0.0162	0.0694	
17.0581	-23.5827	-6.8397	0.8230	-0.6132	-0.3326	0.7714	-0.5290	-0.2561	-0.2446	-0.0013	0.0144	0.0701	
17.1391	-23.6345	-6.8625	0.8229	-0.6125	-0.3319	0.7867	-0.5048	-0.2545	-0.2498	0.0004	0.0129	0.0685	
17.2189	-23.6997	-6.8959	0.8227	-0.6128	-0.3319	0.8056	-0.4728	-0.2448	-0.2595	0.0008	0.0115	0.0699	
17.3004	-23.7605	-6.9285	0.8227	-0.6128	-0.3319	0.8230	-0.4378	-0.2374	-0.2729	0.0011	0.0091	0.0716	
17.3865	-23.8076	-6.9531	0.8230	-0.6118	-0.3312	0.8344	-0.4067	-0.2367	-0.2879	0.0014	0.0060	0.0713	
17.4628	-23.8640	-6.9796	0.8225	-0.6114	-0.3308	0.8499	-0.3708	-0.2200	-0.3022	-0.0001	0.0055	0.0734	
17.5503	-23.9257	-7.0104	0.8229	-0.6115	-0.3306	0.8648	-0.3337	-0.2122	-0.3090	0.0013	0.0043	0.0745	
17.6352	-23.9885	-7.0437	0.8231	-0.6116	-0.3306	0.8807	-0.2996	-0.2032	-0.3058	0.0040	0.0045	0.0744	
17.7074	-24.0461	-7.0744	0.8224	-0.6113	-0.3305	0.8869	-0.2697	-0.2094	-0.3131	0.0054	0.0010	0.0723	
17.7893	-24.1087	-7.1095	0.8224	-0.6114	-0.3306	0.8906	-0.2375	-0.1987	-0.3334	0.0024	-0.0007	0.0726	
17.8795	-24.1689	-7.1411	0.8229	-0.6114	-0.3305	0.8972	-0.2038	-0.1979	-0.3387	0.0037	-0.0028	0.0718	
17.9665	-24.2336	-7.1602	0.8232	-0.6116	-0.3296	0.9057	-0.1797	-0.1842	-0.3379	0.0042	-0.0008	0.0698	
18.0525	-24.2878	-7.1967	0.8235	-0.6112	-0.3298	0.9091	-0.1492	-0.1728	-0.3486	0.0028	-0.0013	0.0696	
18.1274	-24.3513	-7.2328	0.8230	-0.6113	-0.3300	0.9061	-0.1126	-0.1801	-0.3668	0.0017	-0.0068	0.0694	
18.2032	-24.4099	-7.2699	0.8225	-0.6111	-0.3303	0.9038	-0.0720	-0.1775	-0.3825	0.0005	-0.0098	0.0707	
18.2882	-24.4704	-7.3040	0.8227	-0.6111	-0.3304	0.9052	-0.0363	-0.1768	-0.3849	0.0019	-0.0115	0.0703	
18.3720	-24.5209	-7.3380	0.8228	-0.6104	-0.3304	0.9064	0.0118	-0.1745	-0.3838	0.0042	-0.0137	0.0726	
18.4481	-24.5820	-7.3716	0.8224	-0.6104	-0.3305	0.9173	0.0473	-0.1594	-0.3631	0.0090	-0.0103	0.0727	
18.5333	-24.6424	-7.3991	0.8226	-0.6103	-0.3301	0.9122	0.0917	-0.1612	-0.3651	0.0095	-0.0136	0.0736	
18.6153	-24.7006	-7.4298	0.8226	-0.6102	-0.3299	0.9001	0.1305	-0.1551	-0.3860	0.0055	-0.0152	0.0743	
18.6930	-24.7641	-7.4665	0.8223	-0.6103	-0.3302	0.8920	0.1563	-0.1641	-0.3929	0.0042	-0.0182	0.0707	
18.7726	-24.8259	-7.4969	0.8221	-0.6104	-0.3300	0.8858	0.1995	-0.1580	-0.3875	0.0061	-0.0187	0.0722	
18.8600	-24.8901	-7.5264	0.8225	-0.6106	-0.3298	0.8776	0.2415	-0.1504	-0.3853	0.0071	-0.0191	0.0734	
18.9424	-24.9487	-7.5556	0.8225	-0.6104	-0.3295	0.8648	0.2729	-0.1462	-0.3960	0.0046	-0.0194	0.0725	
19.0221	-25.0060	-7.5938	0.8223	-0.6102	-0.3299	0.8483	0.3069	-0.1492	-0.4052	0.0023	-0.0216	0.0718	
19.1030	-25.0695	-7.6293	0.8222	-0.6103	-0.3300	0.8409	0.3356	-0.1585	-0.3953	0.0041	-0.0240	0.0688	
19.1807	-25.1262	-7.6560	0.8219	-0.6101	-0.3296	0.8173	0.3651	-0.1704	-0.4131	-0.0010	-0.0272	0.0675	
19.2652	-25.1866	-7.6842	0.8221	-0.6100	-0.3293	0.7999	0.3972	-0.1707	-0.4163	-0.0017	-0.0279	0.0672	
19.3483	-25.2450	-7.7236	0.8222	-0.6099	-0.3297	0.7767	0.4401	-0.1673	-0.4175	-0.0019	-0.0292	0.0699	
19.4322	-25.3127	-7.7555	0.8223	-0.6103	-0.3297	0.7595	0.4704	-0.1710	-0.4159	-0.0019	-0.0303	0.0686	
19.5091	-25.3701	-7.7959	0.8219	-0.6100	-0.3301	0.7280	0.5049	-0.1802	-0.4273	-0.0060	-0.0330	0.0692	
19.5894	-25.4294	-7.8382	0.8218	-0.6099	-0.3307	0.7052	0.5290	-0.1922	-0.4321	-0.0082	-0.0345	0.0669	
19.6737	-25.4860	-7.8676	0.8219	-0.6097	-0.3305	0.6800	0.5553	-0.2036	-0.4336	-0.0099	-0.0364	0.0655	
19.7555	-25.5521	-7.9033	0.8219	-0.6100	-0.3307	0.6407	0.5881	-0.2142	-0.4441	-0.0140	-0.0388	0.0670	
19.8428	-25.6197	-7.9328	0.8222	-0.6104	-0.3304	0.6098	0.6176	-0.2190	-0.4455	-0.0148	-0.0398	0.0672	
19.9208	-25.6758	-7.9671	0.8220	-0.6101	-0.3305	0.5830	0.6418	-0.2290	-0.4428	-0.0152	-0.0409	0.0658	
20.0011	-25.7381	-7.9967	0.8219	-0.6102	-0.3303	0.5544	0.6642	-0.2286	-0.4466	-0.0158	-0.0396	0.0654	
20.0818	-25.7978	-8.0286	0.8218	-0.6101	-0.3302	0.5138	0.6846	-0.2445	-0.4557	-0.0205	-0.0412	0.0649	
20.1667	-25.8551	-8.0627	0.8219	-0.6099	-0.3303	0.4718	0.7028	-0.2557	-0.4671	-0.0249	-0.0414	0.0650	
20.2450	-25.9209	-8.0925	0.8217	-0.6102	-0.3301	0.4374	0.7188	-0.2710	-0.4679	-0.0269	-0.0425	0.0630	
20.3232	-25.9818	-8.1313	0.8215	-0.6102	-0.3305	0.4016	0.7284	-0.2876	-0.4754	-0.0305	-0.0423	0.0607	
20.4134	-26.0372	-8.1648	0.8219	-0.6098	-0.3305	0.3643	0.7292	-0.3133	-0.4885	-0.0367	-0.0417	0.0570	
20.4949	-26.0974	-8.1912	0.8219	-0.6098	-0.3301	0.3238	0.7396	-0.3222	-0.4942	-0.0384	-0.0412	0.0571	
20.5770	-26.1541	-8.2303	0.8219	-0.6095	-0.3305	0.2965	0.7413	-0.3367	-0.5004	-0.0399	-0.0393	0.0536	
20.6641	-26.2246	-8.2620	0.8222	-0.6101	-0.3304	0.2563	0.7499	-0.3562	-0.4949	-0.0419	-0.0417	0.0524	
20.7483	-26.2833	-8.3019	0.8223	-0.6099	-0.3308	0.2199	0.7513	-0.3645	-0.5047	-0.0436	-0.0392	0.0516	
20.8331	-26.3456	-8.3354	0.8225	-0.6100	-0.3308	0.1932	0.7551	-0.3745	-0.5032	-0.0428	-0.0382	0.0492	
20.9097	-26.4044	-8.3782	0.8221	-0.6099	-0.3314	0.1581	0.7544	-0.3788	-0.5128	-0.0436	-0.0353	0.0490	
20.9880	-26.4644	-8.4055	0.8219	-0.6098	-0.3310	0.1198	0.7529	-0.3854	-0.5199	-0.0449	-0.0336	0.0493	
21.0707	-26.5210	-8.4335	0.8219	-0.6096	-0.3307	0.0947	0.7441	-0.3907	-0.5350	-0.0454	-0.0285	0.0476	
21.1532	-26.5786	-8.4640	0.8220	-0.6094	-0.3306	0.0686	0.7423	-0.4065	-0.5289	-0.0456	-0.0293	0.0446	
21.2372	-26.6313	-8.4992	0.8221	-0.6089	-0.3307	0.0464	0.7407	-0.4200	-0.5232	-0.0459	-0.0296	0.0475	
21.3199	-26.6973	-8.5387	0.8221	-0.6092	-0.3311	0.0036	0.7416	-0.4262	-0.5175	-0.0463	-0.0314	0.0482	
21.4061	-26.7541	-8.5728	0.8223	-0.6090	-0.3311	0.0306	-0.7365	0.4330	0.5190	-0.0455	-0.0320	0.0489	
21.4927	-26.8179	-8.6122	0.8226	-0.6091	-0.3315	0.0689	-0.7300	0.4383	0.5197	-0.0450	-0.0319	0.0495	
21.5804	-26.8834	-8.6463	0.8229	-0.6094	-0.3316	0.1022	-0.7194	0.4459	0.5230	-0.0446	-0.0301	0.0506	
21.6603	-26.9454	-8.6809	0.8227	-0.6094	-0.3316	0.1353	-0.7097	0.4545	0.5212	-0.0456	-0.0287	0.0501	
21.7402	-27.0014	-8.7052	0.8226	-0.6092	-0.3311	0.1727	-0.7060	0.4488	0.5200	-0.0440	-0.0294	0.0511	
21.8248	-27.0631	-8.7468	0.8227	-0.6092	-0.3316	0.1993	-0.7002	0.4522	0.5160	-0.0429	-0.0284	0.0483	
21.9072	-27.1271	-8.7860	0.8227	-0.6094	-0.3319	0.2427	-0.6814	0.4581	0.5163	-0.0471	-0.0270	0.0509	
21.9948	-27.1859	-8.8134	0.8230	-0.6093	-0.3316	0.2800	-0.6568	0.4592	0.5288	-0.0484	-0.0219	0.0542	
22.0769	-27.2434	-8.8490	0.8230	-0.6091	-0.3318	0.3191	-0.6378	0.4591	0.5293	-0.0498	-0.0212	0.0554	
22.1626	-27.3004	-8.8833	0.8232	-0.6088	-0.3318	0.3415	-0.6076	0.4798	0.5345	-0.0534	-0.0154	0.0515	
22.2422	-27.3628	-8.9175	0.8231	-0.6089	-0.3319	0.3674	-0.5813	0.4893	0.5368	-0.0548	-0.0125	0.0499	
22.3276	-27.4220	-8.9537	0.8232	-0.6088	-0.3320	0.4005	-0.5619	0.4835	0.5386	-0.0537	-0.0124	0.0512	
22.4091	-27.4795	-8.9894	0.8232	-0.6086	-0.3322	0.4308	-0.5388	0.4988	0.5250	-0.0573	-0.0130	0.0478	
22.4918	-27.5399	-9.0214	0.8232	-0.6086	-0.3321	0.4549	-0.5178	0.4966	0.5281	-0.0555	-0.0115	0.0477	
22.5722	-27.6042	-9.0496	0.8231	-0.6088	-0.3318	0.4754	-0.5002	0.4964	0.5274	-0.0536	-0.0106	0.0462	
22.6505	-27.6629	-9.0812	0.8229	-0.6087	-0.3318	0.5019	-0.4695	0.5017	0.5252	-0.0554	-0.0090	0.0460	
22.7337	-27.7272	-9.1175	0.8229	-0.6089	-0.3319	0.5245	-0.4391	0.5024	0.5290	-0.0552	-0.0067	0.0465	
22.8153	-27.7869	-9.1500	0.8229	-0.6088	-0.3319	0.5432	-0.4225	0.5065	0.5204	-0.0544	-0.0070	0.0435	
22.9000	-27.8487	-9.1843	0.8230	-0.6089	-0.3319	0.5630	-0.3955	0.5200	0.5066	-0.0569	-0.0061	0.0403	
22.9749	-27.9092	-9.2174	0.8226	-0.6088	-0.3319	0.5834	-0.3564	0.5305	0.5010	-0.0597	-0.0034	0.0398	
23.0590	-27.9699	-9.2537	0.8227	-0.6088	-0.3321	0.6004	-0.3229	0.5391	0.4947	-0.0608	-0.0013	0.0388	
23.1363	-28.0339	-9.2871	0.8225	-0.6090	-0.3321	0.6096	-0.2965	0.5531	0.4854	-0.0609	0.0009	0.0352	
23.2163	-28.0952	-9.3247	0.8224	-0.6090	-0.3324	0.6254	-0.2656	0.5577	0.4768	-0.0614	0.0019	0.0346	
23.3015	-28.1538	-9.3555	0.8225	-0.6089	-0.3322	0.6396	-0.2284	0.5589	0.4758	-0.0611	0.0040	0.0358	
23.3803	-28.2203	-9.3917	0.8223	-0.6092	-0.3324	0.6433	-0.1946	0.5659	0.4785	-0.0595	0.0075	0.0353	
23.4639	-28.2804	-9.4208	0.8224	-0.6091	-0.3322	0.6568	-0.1754	0.5615	0.4728	-0.0570	0.0062	0.0346	
23.5424	-28.3408	-9.4558	0.8222	-0.6091	-0.3323	0.6660	-0.1532	0.5595	0.4697	-0.0548	0.0063	0.0341	
23.6247	-28.3956	-9.4869	0.8222	-0.6088	-0.3322	0.6756	-0.1182	0.5616	0.4627	-0.0555	0.0080	0.0341	
23.7060	-28.4558	-9.5242	0.8222	-0.6088	-0.3324	0.6808	-0.0889	0.5650	0.4579	-0.0546	0.0097	0.0334	
23.7870	-28.5155	-9.5587	0.8221	-0.6087	-0.3324	0.6945	-0.0496	0.5687	0.4373	-0.0585	0.0108	0.0328	
23.8705	-28.5729	-9.5900	0.8222	-0.6085	-0.3323	0.6951	-0.0200	0.5779	0.4278	-0.0578	0.0135	0.0308	
23.9563	-28.6313	-9.6199	0.8223	-0.6084	-0.3322	0.7040	0.0229	0.5750	0.4155	-0.0598	0.0145	0.0324	
24.0379	-28.6872	-9.6489	0.8223	-0.6081	-0.3319	0.7065	0.0522	0.5799	0.4027	-0.0594	0.0160	0.0308	
24.1194	-28.7479	-9.6802	0.8223	-0.6081	-0.3319	0.6993	0.1001	0.5866	0.3960	-0.0602	0.0209	0.0319	
24.2004	-28.8119	-9.7135	0.8222	-0.6083	-0.3319	0.7016	0.1428	0.5841	0.3816	-0.0619	0.0220	0.0329	
24.2838	-28.8740	-9.7466	0.8223	-0.6084	-0.3318	0.7048	0.1796	0.5799	0.3667	-0.0626	0.0220	0.0333	
24.3656	-28.9340	-9.7775	0.8223	-0.6083	-0.3317	0.7103	0.2212	0.5749	0.3395	-0.0662	0.0223	0.0331	
24.4543	-28.9928	-9.8151	0.8226	-0.6082	-0.3320	0.7114	0.2528	0.5650	0.3338	-0.0640	0.0209	0.0345	
24.5409	-29.0542	-9.8456	0.8228	-0.6082	-0.3318	0.7021	0.2905	0.5626	0.3262	-0.0625	0.0230	0.0353	
24.6252	-29.1220	-9.8795	0.8229	-0.6086	-0.3319	0.6884	0.3248	0.5642	0.3210	-0.0597	0.0258	0.0354	
24.7044	-29.1839	-9.9099	0.8227	-0.6087	-0.3317	0.6821	0.3551	0.5645	0.3005	-0.0599	0.0274	0.0336	
24.7872	-29.2425	-9.9427	0.8228	-0.6085	-0.3317	0.6584	0.4012	0.5668	0.2902	-0.0594	0.0327	0.0355	
24.8750	-29.3036	-9.9728	0.8230	-0.6086	-0.3315	0.6444	0.4392	0.5611	0.2771	-0.0592	0.0339	0.0365	
24.9551	-29.3589	-10.0089	0.8229	-0.6083	-0.3317	0.6147	0.4788	0.5642	0.2743	-0.0561	0.0385	0.0385	
25.0412	-29.4211	-10.0411	0.8231	-0.6083	-0.3316	0.6037	0.5090	0.5640	0.2420	-0.0581	0.0403	0.0358	
25.1252	-29.4773	-10.0781	0.8232	-0.6081	-0.3318	0.5798	0.5344	0.5675	0.2401	-0.0530	0.0417	0.0363	
25.2081	-29.5365	-10.1168	0.8232	-0.6080	-0.3321	0.5661	0.5630	0.5607	0.2198	-0.0537	0.0414	0.0356	
25.2882	-29.5916	-10.1521	0.8231	-0.6078	-0.3322	0.5456	0.5883	0.5637	0.1969	-0.0529	0.0439	0.0341	
25.3710	-29.6509	-10.1881	0.8231	-0.6077	-0.3323	0.5107	0.6224	0.5624	0.1887	-0.0506	0.0471	0.0369	
25.4573	-29.7103	-10.2241	0.8233	-0.6076	-0.3325	0.4773	0.6468	0.5678	0.1788	-0.0468	0.0500	0.0377	
25.5399	-29.7690	-10.2565	0.8234	-0.6075	-0.3324	0.4436	0.6745	0.5650	0.1704	-0.0447	0.0515	0.0397	
25.6242	-29.8302	-10.2897	0.8234	-0.6075	-0.3324	0.4101	0.7034	0.5565	0.1652	-0.0432	0.0518	0.0424	
25.7060	-29.8950	-10.3279	0.8234	-0.6077	-0.3327	0.3706	0.7317	0.5495	0.1580	-0.0416	0.0533	0.0453	
25.7901	-29.9528	-10.3632	0.8235	-0.6076	-0.3328	0.3270	0.7575	0.5453	0.1463	-0.0401	0.0561	0.0477	
25.8748	-30.0107	-10.3992	0.8236	-0.6074	-0.3329	0.3017	0.7760	0.5373	0.1376	-0.0390	0.0541	0.0472	
25.9592	-30.0683	-10.4334	0.8237	-0.6073	-0.3329	0.2677	0.7867	0.5419	0.1299	-0.0347	0.0546	0.0471	
26.0410	-30.1292	-10.4682	0.8237	-0.6073	-0.3330	0.2340	0.7963	0.5429	0.1335	-0.0300	0.0526	0.0485	
26.1225	-30.1907	-10.5037	0.8236	-0.6073	-0.3331	0.1983	0.8151	0.5280	0.1322	-0.0299	0.0510	0.0508	
26.2058	-30.2498	-10.5411	0.8237	-0.6073	-0.3333	0.1617	0.8206	0.5334	0.1304	-0.0252	0.0509	0.0514	
26.2900	-30.3121	-10.5699	0.8238	-0.6073	-0.3331	0.1222	0.8397	0.5123	0.1308	-0.0265	0.0496	0.0545	
26.3712	-30.3692	-10.6073	0.8237	-0.6072	-0.3333	0.1013	0.8498	0.5031	0.1255	-0.0264	0.0469	0.0522	
26.4491	-30.4288	-10.6376	0.8235	-0.6071	-0.3331	0.0548	0.8545	0.5028	0.1183	-0.0229	0.0494	0.0543	
26.5284	-30.4958	-10.6706	0.8234	-0.6074	-0.3331	0.0274	0.8582	0.5000	0.1184	-0.0256	0.0515	0.0552	
26.6063	-30.5567	-10.6973	0.8232	-0.6074	-0.3328	0.0149	-0.8628	-0.4945	-0.1042	-0.0237	0.0541	0.0555	
26.6880	-30.6145	-10.7258	0.8231	-0.6073	-0.3326	0.0420	-0.8664	-0.4886	-0.1004	-0.0222	0.0518	0.0541	
26.7719	-30.6750	-10.7610	0.8232	-0.6073	-0.3327	0.0815	-0.8705	-0.4756	-0.0965	-0.0216	0.0514	0.0556	
26.8536	-30.7387	-10.7984	0.8232	-0.6074	-0.3329	0.1151	-0.8690	-0.4736	-0.0899	-0.0189	0.0510	0.0550	
26.9348	-30.8034	-10.8388	0.8231	-0.6076	-0.3332	0.1539	-0.8634	-0.4733	-0.0861	-0.0154	0.0507	0.0560	
27.0174	-30.8628	-10.8690	0.8231	-0.6075	-0.3331	0.1948	-0.8588	-0.4650	-0.0922	-0.0138	0.0486	0.0587	
27.0977	-30.9261	-10.9003	0.8230	-0.6076	-0.3330	0.2372	-0.8605	-0.4412	-0.0898	-0.0156	0.0487	0.0608	
27.1802	-30.9892	-10.9299	0.8231	-0.6078	-0.3328	0.2675	-0.8538	-0.4389	-0.0899	-0.0132	0.0467	0.0600	
27.2628	-31.0476	-10.9661	0.8231	-0.6076	-0.3329	0.3036	-0.8463	-0.4267	-0.0997	-0.0127	0.0436	0.0620	
27.3470	-31.1051	-10.9973	0.8232	-0.6075	-0.3328	0.3362	-0.8339	-0.4247	-0.1102	-0.0102	0.0402	0.0631	
27.4317	-31.1616	-11.0337	0.8233	-0.6073	-0.3330	0.3695	-0.8310	-0.4032	-0.1017	-0.0118	0.0418	0.0621	
27.5129	-31.2251	-11.0680	0.8232	-0.6074	-0.3330	0.3995	-0.8180	-0.4023	-0.1017	-0.0089	0.0404	0.0616	
27.5975	-31.2845	-11.0994	0.8233	-0.6074	-0.3329	0.4320	-0.7995	-0.4025	-0.1147	-0.0062	0.0366	0.0635	
27.6795	-31.3436	-11.1339	0.8233	-0.6073	-0.3330	0.4609	-0.7916	-0.3853	-0.1127	-0.0072	0.0368	0.0625	
27.7635	-31.4036	-11.1639	0.8234	-0.6073	-0.3329	0.4986	-0.7664	-0.3857	-0.1253	-0.0039	0.0339	0.0659	
27.8498	-31.4649	-11.1971	0.8235	-0.6073	-0.3328	0.5270	-0.7467	-0.3840	-0.1335	-0.0020	0.0315	0.0663	
27.9287	-31.5201	-11.2304	0.8234	-0.6070	-0.3329	0.5581	-0.7326	-0.3602	-0.1486	-0.0051	0.0295	0.0679	
28.0103	-31.5831	-11.2624	0.8234	-0.6071	-0.3328	0.5962	-0.7119	-0.3400	-0.1466	-0.0047	0.0316	0.0696	
28.0931	-31.6482	-11.2971	0.8234	-0.6073	-0.3329	0.6151	-0.6983	-0.3369	-0.1485	-0.0035	0.0297	0.0668	
28.1728	-31.7063	-11.3291	0.8233	-0.6072	-0.3328	0.6272	-0.6832	-0.3425	-0.1578	-0.0018	0.0254	0.0636	
28.2537	-31.7615	-11.3643	0.8232	-0.6070	-0.3329	0.6505	-0.6629	-0.3370	-0.1557	0.0001	0.0254	0.0628	
28.3375	-31.8222	-11.3940	0.8233	-0.6070	-0.3327	0.6812	-0.6297	-0.3312	-0.1720	0.0012	0.0225	0.0668	
28.4197	-31.8812	-11.4276	0.8233	-0.6069	-0.3327	0.7108	-0.6013	-0.3160	-0.1814	0.0009	0.0220	0.0693	
28.4965	-31.9417	-11.4625	0.8230	-0.6069	-0.3328	0.7385	-0.5774	-0.2988	-0.1780	0.0015	0.0237	0.0695	
28.5772	-31.9957	-11.4939	0.8230	-0.6066	-0.3327	0.7598	-0.5494	-0.2960	-0.1835	0.0033	0.0219	0.0695	
28.6632	-32.0573	-11.5302	0.8231	-0.6066	-0.3329	0.7780	-0.5316	-0.2768	-0.1896	0.0011	0.0220	0.0682	
28.7427	-32.1187	-11.5662	0.8230	-0.6067	-0.3330	0.8030	-0.4938	-0.2677	-0.1984	0.0023	0.0203	0.0713	
28.8233	-32.1772	-11.5979	0.8229	-0.6066	-0.3329	0.8191	-0.4636	-0.2611	-0.2155	0.0014	0.0171	0.0720	
28.9026	-32.2349	-11.6271	0.8228	-0.6065	-0.3327	0.8348	-0.4435	-0.2327	-0.2294	-0.0031	0.0180	0.0713	
28.9828	-32.2957	-11.6578	0.8227	-0.6065	-0.3326	0.8434	-0.4200	-0.2420	-0.2362	-0.0002	0.0139	0.0684	
29.0656	-32.3546	-11.6903	0.8227	-0.6064	-0.3326	0.8588	-0.3880	-0.2353	-0.2378	0.0018	0.0130	0.0687	
29.1429	-32.4168	-11.7230	0.8225	-0.6065	-0.3326	0.8692	-0.3545	-0.2301	-0.2572	0.0005	0.0096	0.0699	
29.2249	-32.4793	-11.7558	0.8225	-0.6065	-0.3326	0.8831	-0.3256	-0.2176	-0.2584	0.0015	0.0101	0.0696	
29.3084	-32.5385	-11.7953	0.8226	-0.6065	-0.3328	0.8893	-0.3001	-0.2126	-0.2732	0.0002	0.0076	0.0684	
29.3927	-32.5981	-11.8254	0.8226	-0.6064	-0.3327	0.8973	-0.2662	-0.2011	-0.2888	-0.0012	0.0062	0.0696	
29.4751	-32.6557	-11.8545	0.8227	-0.6063	-0.3325	0.9013	-0.2358	-0.2008	-0.3038	-0.0015	0.0030	0.0689	
29.5598	-32.7136	-11.8841	0.8228	-0.6062	-0.3324	0.9145	-0.2028	-0.1999	-0.2891	0.0041	0.0027	0.0680	
29.6440	-32.7747	-11.9216	0.8228	-0.6062	-0.3325	0.9187	-0.1683	-0.1913	-0.3017	0.0029	0.0013	0.0688	
29.7283	-32.8401	-11.9500	0.8229	-0.6064	-0.3323	0.9222	-0.1404	-0.1785	-0.3132	0.0013	0.0014	0.0682	
29.8122	-32.8986	-11.9804	0.8230	-0.6063	-0.3322	0.9272	-0.1035	-0.1755	-0.3143	0.0031	-0.0004	0.0687	
29.8949	-32.9582	-12.0116	0.8230	-0.6063	-0.3321	0.9259	-0.0601	-0.1738	-0.3296	0.0022	-0.0039	0.0708	
29.9762	-33.0247	-12.0466	0.8230	-0.6065	-0.3322	0.9224	-0.0204	-0.1808	-0.3412	0.0023	-0.0086	0.0710	
30.0595	-33.0860	-12.0763	0.8230	-0.6065	-0.3321	0.9185	0.0250	-0.1855	-0.3480	0.0031	-0.0125	0.0724	
30.1423	-33.1400	-12.1094	0.8230	-0.6063	-0.3321	0.9141	0.0619	-0.1903	-0.3529	0.0036	-0.0153	0.0719	
30.2294	-33.1976	-12.1373	0.8232	-0.6061	-0.3318	0.9120	0.0963	-0.1878	-0.3520	0.0048	-0.0157	0.0712	
30.3114	-33.2542	-12.1676	0.8232	-0.6060	-0.3317	0.9084	0.1285	-0.1835	-0.3534	0.0051	-0.0156	0.0703	
30.3986	-33.3154	-12.2051	0.8234	-0.6060	-0.3319	0.9032	0.1553	-0.1811	-0.3577	0.0046	-0.0157	0.0683	
30.4839	-33.3753	-12.2421	0.8235	-0.6060	-0.3321	0.8967	0.1922	-0.1852	-0.3531	0.0061	-0.0180	0.0680	
30.5667	-33.4387	-12.2716	0.8235	-0.6061	-0.3319	0.8826	0.2367	-0.1860	-0.3604	0.0052	-0.0206	0.0700	
30.6445	-33.5015	-12.3054	0.8234	-0.6062	-0.3319	0.8752	0.2661	-0.1909	-0.3570	0.0060	-0.0218	0.0679	
30.7269	-33.5636	-12.3397	0.8234	-0.6062	-0.3320	0.8537	0.3057	-0.1849	-0.3790	0.0016	-0.0225	0.0702	
30.8068	-33.6250	-12.3716	0.8233	-0.6063	-0.3319	0.8236	0.3526	-0.1925	-0.4001	-0.0029	-0.0270	0.0731	
30.8890	-33.6880	-12.4010	0.8233	-0.6064	-0.3318	0.8040	0.3907	-0.2069	-0.3979	-0.0026	-0.0313	0.0723	
30.9753	-33.7503	-12.4323	0.8234	-0.6064	-0.3317	0.7890	0.4169	-0.2225	-0.3942	-0.0024	-0.0339	0.0689	
31.0594	-33.8108	-12.4655	0.8235	-0.6064	-0.3317	0.7643	0.4516	-0.2254	-0.4012	-0.0039	-0.0349	0.0694	
31.1428	-33.8672	-12.4983	0.8235	-0.6063	-0.3317	0.7374	0.4891	-0.2180	-0.4112	-0.0053	-0.0340	0.0716	
31.2225	-33.9213	-12.5326	0.8234	-0.6060	-0.3317	0.7122	0.5186	-0.2338	-0.4117	-0.0067	-0.0371	0.0700	
31.3029	-33.9820	-12.5657	0.8234	-0.6060	-0.3317	0.6754	0.5609	-0.2397	-0.4132	-0.0078	-0.0401	0.0727	
31.3858	-34.0409	-12.6011	0.8234	-0.6059	-0.3318	0.6525	0.5848	-0.2392	-0.4194	-0.0088	-0.0385	0.0711	
31.4668	-34.0955	-12.6272	0.8233	-0.6057	-0.3315	0.6240	0.6063	-0.2513	-0.4250	-0.0114	-0.0394	0.0690	
31.5499	-34.1606	-12.6579	0.8234	-0.6059	-0.3314	0.5968	0.6295	-0.2593	-0.4252	-0.0122	-0.0401	0.0674	
31.6319	-34.2186	-12.6933	0.8233	-0.6058	-0.3315	0.5639	0.6496	-0.2696	-0.4333	-0.0153	-0.0404	0.0663	
31.7192	-34.2827	-12.7262	0.8235	-0.6059	-0.3315	0.5326	0.6680	-0.2775	-0.4399	-0.0175	-0.0402	0.0650	
31.8011	-34.3385	-12.7583	0.8235	-0.6057	-0.3315	0.5062	0.6835	-0.2931	-0.4376	-0.0186	-0.0414	0.0621	
31.8831	-34.3965	-12.7892	0.8235	-0.6056	-0.3314	0.4677	0.6982	-0.3034	-0.4493	-0.0225	-0.0409	0.0619	
31.9681	-34.4566	-12.8195	0.8236	-0.6056	-0.3313	0.4362	0.7175	-0.3066	-0.4484	-0.0221	-0.0409	0.0616	
32.0504	-34.5153	-12.8509	0.8236	-0.6055	-0.3312	0.4130	0.7253	-0.3129	-0.4548	-0.0230	-0.0386	0.0587	
32.1322	-34.5760	-12.8857	0.8236	-0.6055	-0.3313	0.3718	0.7348	-0.3258	-0.4644	-0.0272	-0.0385	0.0587	
32.2123	-34.6344	-12.9155	0.8235	-0.6055	-0.3311	0.3358	0.7424	-0.3431	-0.4675	-0.0301	-0.0393	0.0571	
32.2965	-34.6938	-12.9440	0.8236	-0.6054	-0.3310	0.3010	0.7532	-0.3572	-0.4633	-0.0310	-0.0409	0.0558	
32.3748	-34.7527	-12.9809	0.8234	-0.6054	-0.3311	0.2581	0.7632	-0.3676	-0.4640	-0.0329	-0.0417	0.0563	
32.4584	-34.8146	-13.0107	0.8235	-0.6054	-0.3310	0.2238	0.7774	-0.3656	-0.4606	-0.0311	-0.0416	0.0567	
32.5426	-34.8743	-13.0456	0.8235	-0.6054	-0.3311	0.1808	0.7870	-0.3748	-0.4551	-0.0324	-0.0432	0.0570	
32.6198	-34.9373	-13.0824	0.8233	-0.6055	-0.3312	0.1448	0.7786	-0.3930	-0.4687	-0.0371	-0.0398	0.0551	
32.7006	-35.0016	-13.1153	0.8233	-0.6056	-0.3312	0.1125	0.7769	-0.4106	-0.4645	-0.0388	-0.0402	0.0523	
32.7843	-35.0632	-13.1508	0.8233	-0.6057	-0.3313	0.0846	0.7719	-0.4126	-0.4777	-0.0391	-0.0354	0.0514	
32.8655	-35.1254	-13.1849	0.8233	-0.6057	-0.3313	0.0447	0.7677	-0.4135	-0.4875	-0.0403	-0.0329	0.0528	
32.9452	-35.1823	-13.2206	0.8232	-0.6056	-0.3314	0.0159	0.7725	-0.4080	-0.4872	-0.0426	-0.0342	0.0530	
33.0239	-35.2410	-13.2545	0.8231	-0.6055	-0.3314	0.0245	-0.7646	0.4187	0.4893	-0.0448	-0.0335	0.0529	
33.1046	-35.3022	-13.2928	0.8230	-0.6055	-0.3316	0.0670	-0.7627	0.4218	0.4853	-0.0452	-0.0342	0.0535	
33.1904	-35.3624	-13.3251	0.8231	-0.6055	-0.3316	0.0935	-0.7505	0.4315	0.4931	-0.0458	-0.0306	0.0515	
33.2695	-35.4285	-13.3584	0.8230	-0.6057	-0.3316	0.1164	-0.7407	0.4445	0.4915	-0.0459	-0.0291	0.0480	
33.3530	-35.4876	-13.3882	0.8230	-0.6057	-0.3315	0.1518	-0.7313	0.4517	0.4880	-0.0468	-0.0292	0.0475	
33.4349	-35.5506	-13.4208	0.8230	-0.6058	-0.3315	0.1888	-0.7144	0.4729	0.4800	-0.0508	-0.0298	0.0456	
33.5174	-35.6113	-13.4525	0.8230	-0.6058	-0.3314	0.2229	-0.7022	0.4756	0.4809	-0.0506	-0.0285	0.0461	
33.6015	-35.6725	-13.4855	0.8231	-0.6058	-0.3314	0.2565	-0.6755	0.4961	0.4818	-0.0546	-0.0261	0.0448	
33.6809	-35.7325	-13.5151	0.8230	-0.6058	-0.3313	0.2986	-0.6546	0.5008	0.4805	-0.0564	-0.0257	0.0466	
33.7623	-35.7947	-13.5458	0.8230	-0.6058	-0.3312	0.3289	-0.6308	0.5131	0.4806	-0.0579	-0.0236	0.0455	
33.8432	-35.8523	-13.5770	0.8229	-0.6057	-0.3311	0.3499	-0.6187	0.5078	0.4885	-0.0538	-0.0208	0.0454	
33.9258	-35.9122	-13.6110	0.8229	-0.6057	-0.3311	0.3750	-0.6014	0.5177	0.4798	-0.0543	-0.0206	0.0429	
34.0048	-35.9758	-13.6423	0.8228	-0.6058	-0.3311	0.4039	-0.5686	0.5232	0.4901	-0.0555	-0.0166	0.0446	
34.0889	-36.0370	-13.6757	0.8229	-0.6058	-0.3311	0.4347	-0.5441	0.5284	0.4854	-0.0568	-0.0162	0.0444	
34.1717	-36.0985	-13.7082	0.8229	-0.6059	-0.3311	0.4615	-0.5239	0.5333	0.4780	-0.0570	-0.0162	0.0431	
34.2520	-36.1567	-13.7407	0.8228	-0.6058	-0.3310	0.4882	-0.4953	0.5343	0.4806	-0.0570	-0.0142	0.0441	
34.3388	-36.2171	-13.7726	0.8230	-0.6058	-0.3310	0.5052	-0.4607	0.5435	0.4877	-0.0572	-0.0098	0.0436	
34.4182	-36.2764	-13.8029	0.8229	-0.6057	-0.3309	0.5174	-0.4219	0.5611	0.4904	-0.0590	-0.0050	0.0414	
34.4988	-36.3362	-13.8380	0.8228	-0.6057	-0.3310	0.5428	-0.4035	0.5476	0.4933	-0.0556	-0.0060	0.0435	
34.5829	-36.3998	-13.8745	0.8229	-0.6058	-0.3311	0.5618	-0.3728	0.5484	0.4948	-0.0553	-0.0041	0.0437	
34.6640	-36.4601	-13.9071	0.8228	-0.6058	-0.3311	0.5815	-0.3376	0.5502	0.4950	-0.0561	-0.0023	0.0442	
34.7455	-36.5203	-13.9397	0.8228	-0.6058	-0.3311	0.6028	-0.3101	0.5458	0.4926	-0.0555	-0.0023	0.0446	
34.8269	-36.5802	-13.9697	0.8228	-0.6058	-0.3309	0.6173	-0.2773	0.5537	0.4855	-0.0569	-0.0004	0.0426	
34.9080	-36.6413	-14.0033	0.8227	-0.6058	-0.3310	0.6217	-0.2511	0.5652	0.4820	-0.0559	0.0026	0.0391	
34.9895	-36.7035	-14.0368	0.8227	-0.6058	-0.3310	0.6243	-0.2218	0.5725	0.4842	-0.0542	0.0059	0.0374	
35.0744	-36.7648	-14.0697	0.8228	-0.6059	-0.3310	0.6433	-0.1803	0.5739	0.4730	-0.0575	0.0067	0.0382	
35.1548	-36.8255	-14.1030	0.8227	-0.6059	-0.3310	0.6546	-0.1554	0.5814	0.4582	-0.0582	0.0071	0.0351	
35.2396	-36.8821	-14.1347	0.8228	-0.6057	-0.3309	0.6541	-0.1254	0.5951	0.4508	-0.0577	0.0107	0.0321	
35.3236	-36.9362	-14.1692	0.8229	-0.6055	-0.3310	0.6721	-0.0858	0.5903	0.4381	-0.0600	0.0100	0.0338	
35.4074	-36.9965	-14.2029	0.8229	-0.6055	-0.3310	0.6893	-0.0475	0.5887	0.4188	-0.0630	0.0096	0.0340	
35.4887	-37.0566	-14.2373	0.8229	-0.6055	-0.3310	0.6980	-0.0195	0.5844	0.4141	-0.0611	0.0093	0.0342	
35.5681	-37.1155	-14.2656	0.8228	-0.6054	-0.3309	0.6983	0.0228	0.5836	0.4141	-0.0603	0.0123	0.0358	
35.6470	-37.1731	-14.3010	0.8227	-0.6053	-0.3310	0.7003	0.0577	0.5903	0.3975	-0.0614	0.0148	0.0338	
35.7332	-37.2330	-14.3339	0.8228	-0.6053	-0.3310	0.6975	0.0905	0.5914	0.3953	-0.0592	0.0168	0.0339	
35.8181	-37.2937	-14.3649	0.8229	-0.6053	-0.3309	0.6975	0.1329	0.5941	0.3774	-0.0615	0.0193	0.0334	
35.8972	-37.3525	-14.3975	0.8228	-0.6052	-0.3309	0.6923	0.1755	0.5990	0.3618	-0.0629	0.0228	0.0329	
35.9767	-37.4146	-14.4346	0.8227	-0.6053	-0.3310	0.6898	0.2027	0.6011	0.3499	-0.0612	0.0235	0.0314	
36.0637	-37.4760	-14.4667	0.8229	-0.6053	-0.3310	0.6886	0.2349	0.5970	0.3383	-0.0605	0.0234	0.0315	
36.1461	-37.5337	-14.5013	0.8229	-0.6052	-0.3310	0.6828	0.2801	0.5877	0.3310	-0.0611	0.0243	0.0344	
36.2248	-37.5953	-14.5367	0.8228	-0.6053	-0.3311	0.6736	0.3140	0.5871	0.3213	-0.0598	0.0260	0.0343	
36.3103	-37.6571	-14.5696	0.8229	-0.6053	-0.3311	0.6673	0.3462	0.5859	0.3027	-0.0600	0.0273	0.0331	
36.3957	-37.7200	-14.6051	0.8230	-0.6054	-0.3312	0.6464	0.3837	0.5903	0.2946	-0.0580	0.0316	0.0336	
36.4761	-37.7790	-14.6355	0.8229	-0.6053	-0.3311	0.6372	0.4084	0.5869	0.2894	-0.0550	0.0310	0.0334	
36.5610	-37.8376	-14.6681	0.8230	-0.6053	-0.3311	0.6240	0.4370	0.5862	0.2763	-0.0538	0.0324	0.0328	
36.6430	-37.9010	-14.7020	0.8230	-0.6054	-0.3311	0.6067	0.4707	0.5833	0.2645	-0.0531	0.0343	0.0334	
36.7233	-37.9631	-14.7302	0.8229	-0.6054	-0.3309	0.5781	0.5145	0.5776	0.2589	-0.0526	0.0379	0.0368	
36.8077	-38.0213	-14.7647	0.8230	-0.6053	-0.3310	0.5640	0.5482	0.5711	0.2343	-0.0547	0.0391	0.0360	
36.8879	-38.0845	-14.7954	0.8229	-0.6054	-0.3309	0.5361	0.5798	0.5745	0.2152	-0.0534	0.0435	0.0358	
36.9715	-38.1443	-14.8299	0.8230	-0.6054	-0.3309	0.5108	0.6160	0.5622	0.2082	-0.0529	0.0437	0.0385	
37.0518	-38.2063	-14.8615	0.8229	-0.6055	-0.3309	0.4821	0.6485	0.5563	0.1928	-0.0524	0.0460	0.0397	
37.1363	-38.2697	-14.8966	0.8230	-0.6055	-0.3310	0.4528	0.6713	0.5625	0.1687	-0.0504	0.0499	0.0381	
37.2173	-38.3286	-14.9336	0.8229	-0.6055	-0.3311	0.4307	0.6929	0.5570	0.1576	-0.0485	0.0490	0.0381	
37.3006	-38.3876	-14.9683	0.8230	-0.6054	-0.3311	0.3880	0.7207	0.5545	0.1504	-0.0455	0.0520	0.0414	
37.3816	-38.4490	-15.0016	0.8229	-0.6055	-0.3311	0.3530	0.7398	0.5585	0.1281	-0.0436	0.0556	0.0407	
37.4640	-38.5106	-15.0377	0.8229	-0.6055	-0.3312	0.3245	0.7496	0.5680	0.1081	-0.0399	0.0573	0.0384	
37.5458	-38.5730	-15.0717	0.8229	-0.6056	-0.3313	0.2897	0.7735	0.5530	0.1115	-0.0384	0.0546	0.0424	
37.6285	-38.6336	-15.1031	0.8229	-0.6056	-0.3312	0.2595	0.7929	0.5417	0.1039	-0.0378	0.0533	0.0435	
37.7105	-38.6946	-15.1363	0.8229	-0.6056	-0.3312	0.2207	0.8065	0.5408	0.0926	-0.0352	0.0549	0.0447	
37.7878	-38.7554	-15.1689	0.8227	-0.6056	-0.3312	0.1770	0.8281	0.5235	0.0918	-0.0350	0.0542	0.0490	
37.8670	-38.8143	-15.2005	0.8226	-0.6055	-0.3311	0.1369	0.8365	0.5245	0.0840	-0.0315	0.0552	0.0500	
37.9520	-38.8752	-15.2346	0.8227	-0.6055	-0.3312	0.1045	0.8454	0.5191	0.0747	-0.0299	0.0546	0.0496	
38.0323	-38.9362	-15.2673	0.8227	-0.6056	-0.3312	0.0749	0.8556	0.5083	0.0673	-0.0295	0.0530	0.0493	
38.1148	-38.9969	-15.2953	0.8227	-0.6056	-0.3310	0.0322	0.8600	0.5050	0.0696	-0.0260	0.0521	0.0523	
38.1959	-39.0621	-15.3273	0.8226	-0.6057	-0.3310	0.0080	-0.8643	-0.4988	-0.0642	-0.0282	0.0513	0.0517	
38.2776	-39.1295	-15.3611	0.8226	-0.6059	-0.3310	0.0431	-0.8661	-0.4953	-0.0575	-0.0302	0.0503	0.0528	
38.3597	-39.1989	-15.3945	0.8226	-0.6062	-0.3310	0.0806	-0.8674	-0.4885	-0.0543	-0.0311	0.0490	0.0543	
38.4399	-39.2606	-15.4269	0.8225	-0.6063	-0.3310	0.1205	-0.8733	-0.4685	-0.0558	-0.0326	0.0477	0.0561	
38.5221	-39.3238	-15.4591	0.8225	-0.6063	-0.3309	0.1498	-0.8751	-0.4579	-0.0560	-0.0320	0.0448	0.0559	
38.6062	-39.3864	-15.4940	0.8226	-0.6064	-0.3310	0.1853	-0.8741	-0.4445	-0.0686	-0.0323	0.0397	0.0594	
38.6894	-39.4476	-15.5275	0.8226	-0.6064	-0.3310	0.2242	-0.8686	-0.4369	-0.0707	-0.0286	0.0388	0.0621	
38.7720	-39.5097	-15.5597	0.8226	-0.6065	-0.3310	0.2482	-0.8674	-0.4256	-0.0784	-0.0274	0.0347	0.0603	
38.8534	-39.5728	-15.5917	0.8226	-0.6065	-0.3309	0.2784	-0.8626	-0.4125	-0.0935	-0.0268	0.0305	0.0618	
38.9340	-39.6381	-15.6221	0.8226	-0.6067	-0.3309	0.3119	-0.8531	-0.4062	-0.1024	-0.0235	0.0286	0.0632	
39.0128	-39.6980	-15.6549	0.8225	-0.6067	-0.3309	0.3544	-0.8400	-0.3953	-0.1110	-0.0211	0.0286	0.0669	
39.0992	-39.7574	-15.6898	0.8226	-0.6066	-0.3309	0.3809	-0.8294	-0.3917	-0.1213	-0.0182	0.0259	0.0662	
39.1812	-39.8170	-15.7257	0.8226	-0.6066	-0.3310	0.4205	-0.8125	-0.3844	-0.1234	-0.0150	0.0270	0.0681	
39.2617	-39.8773	-15.7606	0.8225	-0.6066	-0.3311	0.4420	-0.7991	-0.3901	-0.1258	-0.0107	0.0252	0.0655	
39.3435	-39.9381	-15.7916	0.8225	-0.6066	-0.3310	0.4629	-0.7883	-0.3877	-0.1232	-0.0084	0.0252	0.0626	
39.4271	-39.9983	-15.8228	0.8225	-0.6066	-0.3309	0.5050	-0.7631	-0.3843	-0.1218	-0.0045	0.0270	0.0657	
39.5073	-40.0590	-15.8541	0.8225	-0.6066	-0.3309	0.5376	-0.7474	-0.3687	-0.1273	-0.0051	0.0270	0.0666	
39.5875	-40.1161	-15.8846	0.8224	-0.6065	-0.3308	0.5719	-0.7197	-0.3666	-0.1436	-0.0030	0.0243	0.0696	
39.6689	-40.1740	-15.9198	0.8224	-0.6064	-0.3309	0.5960	-0.6987	-0.3731	-0.1371	0.0014	0.0246	0.0675	
39.7506	-40.2339	-15.9528	0.8224	-0.6064	-0.3309	0.6234	-0.6796	-0.3647	-0.1300	0.0030	0.0263	0.0664	
39.8327	-40.2932	-15.9845	0.8224	-0.6063	-0.3308	0.6489	-0.6550	-0.3580	-0.1481	0.0023	0.0229	0.0680	
39.9160	-40.3516	-16.0165	0.8224	-0.6062	-0.3308	0.6770	-0.6356	-0.3381	-0.1524	0.0008	0.0237	0.0683	
39.9984	-40.4143	-16.0518	0.8224	-0.6063	-0.3309	0.7082	-0.6112	-0.3210	-0.1468	0.0018	0.0261	0.0690	
40.0808	-40.4731	-16.0851	0.8224	-0.6062	-0.3309	0.7341	-0.5836	-0.3111	-0.1537	0.0022	0.0250	0.0700	
40.1638	-40.5326	-16.1212	0.8224	-0.6062	-0.3310	0.7534	-0.5654	-0.2991	-0.1544	0.0020	0.0249	0.0681	
40.2457	-40.5937	-16.1538	0.8224	-0.6062	-0.3309	0.7741	-0.5351	-0.2966	-0.1639	0.0032	0.0223	0.0690	
40.3263	-40.6552	-16.1856	0.8224	-0.6063	-0.3309	0.7863	-0.5138	-0.2924	-0.1830	0.0014	0.0184	0.0678	
40.4095	-40.7156	-16.2146	0.8224	-0.6062	-0.3308	0.8052	-0.4797	-0.2883	-0.1959	0.0022	0.0158	0.0696	
40.4936	-40.7730	-16.2442	0.8225	-0.6061	-0.3307	0.8189	-0.4518	-0.2927	-0.2012	0.0047	0.0133	0.0683	
40.5775	-40.8311	-16.2769	0.8225	-0.6061	-0.3307	0.8376	-0.4230	-0.2753	-0.2085	0.0036	0.0140	0.0692	
40.6615	-40.8895	-16.3063	0.8226	-0.6060	-0.3305	0.8521	-0.3978	-0.2646	-0.2145	0.0033	0.0137	0.0683	
40.7418	-40.9524	-16.3406	0.8225	-0.6061	-0.3306	0.8681	-0.3697	-0.2458	-0.2216	0.0020	0.0144	0.0688	
40.8238	-41.0153	-16.3758	0.8225	-0.6061	-0.3306	0.8811	-0.3458	-0.2383	-0.2188	0.0037	0.0143	0.0669	
40.9046	-41.0764	-16.4070	0.8225	-0.6062	-0.3306	0.8952	-0.3089	-0.2166	-0.2363	0.0007	0.0141	0.0700	
40.9875	-41.1374	-16.4407	0.8225	-0.6062	-0.3306	0.9075	-0.2766	-0.2089	-0.2376	0.0025	0.0131	0.0700	
41.0697	-41.1969	-16.4735	0.8225	-0.6061	-0.3306	0.9123	-0.2540	-0.2082	-0.2470	0.0023	0.0105	0.0675	
41.1520	-41.2551	-16.5050	0.8225	-0.6061	-0.3306	0.9167	-0.2142	-0.2174	-0.2592	0.0038	0.0050	0.0686	
