1.2548	-9.6809	0.5393	0.0000	0.0000	0.0000	0.3373	0.2862	0.4967	0.7467	0.0000	0.0000	0.0000	
0.8968	-10.1541	0.1911	-0.0354	-0.0469	-0.0345	0.3531	0.3057	0.5190	0.7173	-0.0100	0.0091	-0.0117	
0.6698	-10.3662	0.0267	-0.0828	-0.1043	-0.0769	0.4358	0.3328	0.4969	0.6784	-0.0821	-0.0064	-0.0259	
0.3923	-10.6165	-0.0492	-0.1953	-0.2024	-0.1110	0.4750	0.3142	0.4798	0.6691	-0.0718	-0.0324	-0.0388	
0.2727	-10.6083	-0.1224	-0.2578	-0.1862	-0.1522	0.5337	0.3141	0.4659	0.6307	-0.0964	-0.0370	-0.0421	
0.1451	-10.7022	-0.0843	-0.3191	-0.2481	-0.1057	0.5341	0.3352	0.4674	0.6272	-0.0667	-0.0090	-0.0261	
0.0899	-10.6911	-0.1756	-0.3365	-0.2253	-0.1776	0.5656	0.3079	0.4784	0.5982	-0.0572	-0.0161	-0.0384	
-0.0575	-10.6834	-0.2446	-0.4697	-0.1947	-0.2470	0.6312	0.2847	0.4548	0.5599	-0.0757	-0.0356	-0.0422	
-0.1684	-10.7533	-0.1950	-0.5304	-0.2478	-0.1771	0.6571	0.2856	0.4350	0.5473	-0.0720	-0.0350	-0.0348	
-0.3039	-10.7313	-0.2822	-0.6008	-0.2203	-0.2479	0.6823	0.2441	0.4445	0.5294	-0.0579	-0.0383	-0.0411	
-0.3531	-10.6931	-0.2780	-0.6079	-0.1491	-0.2253	0.7364	0.2274	0.4207	0.4769	-0.0714	-0.0446	-0.0448	
-0.4693	-10.7661	-0.3190	-0.6626	-0.2004	-0.2386	0.7647	0.2264	0.4086	0.4446	-0.0731	-0.0409	-0.0441	
-0.5412	-10.7119	-0.3862	-0.6592	-0.1419	-0.2775	0.7900	0.1872	0.4125	0.4149	-0.0656	-0.0425	-0.0498	
-0.6527	-10.6474	-0.4516	-0.7047	-0.0795	-0.3314	0.8226	0.1647	0.3785	0.3915	-0.0657	-0.0497	-0.0453	
-0.7669	-10.6039	-0.4602	-0.7461	-0.0258	-0.2982	0.8508	0.1469	0.3732	0.3385	-0.0696	-0.0464	-0.0500	
-0.8355	-10.6042	-0.4438	-0.7444	-0.0224	-0.2602	0.8822	0.1152	0.3539	0.2857	-0.0721	-0.0491	-0.0541	
-0.9615	-10.5845	-0.4953	-0.7821	-0.0077	-0.2782	0.8990	0.0895	0.3467	0.2548	-0.0688	-0.0477	-0.0556	
-1.0220	-10.5493	-0.5130	-0.7664	0.0190	-0.2676	0.9143	0.0607	0.3384	0.2145	-0.0673	-0.0467	-0.0582	
-1.0545	-10.5841	-0.5447	-0.7316	-0.0144	-0.2784	0.9321	0.0248	0.3112	0.1842	-0.0644	-0.0511	-0.0591	
-1.1311	-10.4773	-0.5699	-0.7344	0.0636	-0.2722	0.9430	-0.0169	0.3041	0.1309	-0.0645	-0.0501	-0.0646	
-1.1861	-10.3981	-0.5412	-0.7175	0.1104	-0.2332	0.9482	-0.0535	0.2981	0.1060	-0.0597	-0.0486	-0.0668	
-1.2511	-10.4007	-0.6122	-0.7100	0.1001	-0.2612	0.9484	-0.0817	0.2999	0.0789	-0.0562	-0.0444	-0.0679	
-1.3485	-10.3970	-0.6925	-0.7271	0.0957	-0.2949	0.9502	-0.1213	0.2835	0.0334	-0.0561	-0.0453	-0.0711	
-1.4266	-10.3622	-0.7430	-0.7295	0.1099	-0.3074	0.9479	-0.1682	0.2700	-0.0044	-0.0538	-0.0456	-0.0754	
-1.4943	-10.2999	-0.8236	-0.7250	0.1387	-0.3360	0.9422	-0.2077	0.2622	-0.0347	-0.0510	-0.0442	-0.0774	
-1.5591	-10.2294	-0.8876	-0.7203	0.1713	-0.3514	0.9295	-0.2517	0.2590	-0.0745	-0.0498	-0.0415	-0.0814	
-1.5943	-10.1622	-0.9390	-0.6986	0.1975	-0.3602	0.9217	-0.2791	0.2560	-0.0968	-0.0471	-0.0385	-0.0802	
-1.6466	-10.1531	-0.9479	-0.6877	0.1900	-0.3467	0.9121	-0.3139	0.2422	-0.1129	-0.0428	-0.0378	-0.0806	
-1.7475	-10.1650	-0.9636	-0.7040	0.1747	-0.3368	0.8993	-0.3393	0.2332	-0.1489	-0.0438	-0.0360	-0.0802	
-1.7589	-10.0977	-1.0642	-0.6753	0.2010	-0.3684	0.8746	-0.3769	0.2352	-0.1930	-0.0451	-0.0322	-0.0834	
-1.7874	-10.0816	-1.1004	-0.6570	0.2007	-0.3673	0.8499	-0.4052	0.2377	-0.2382	-0.0476	-0.0282	-0.0846	
-1.7881	-10.0468	-1.1541	-0.6270	0.2086	-0.3748	0.8240	-0.4307	0.2387	-0.2802	-0.0495	-0.0251	-0.0850	
-1.8636	-10.0181	-1.1630	-0.6323	0.2126	-0.3619	0.7977	-0.4571	0.2428	-0.3108	-0.0499	-0.0208	-0.0853	
-1.9183	-10.0102	-1.1955	-0.6287	0.2072	-0.3602	0.7665	-0.4855	0.2381	-0.3460	-0.0503	-0.0188	-0.0866	
-1.9341	-9.9567	-1.2811	-0.6084	0.2211	-0.3811	0.7390	-0.5067	0.2317	-0.3791	-0.0505	-0.0184	-0.0857	
-1.9711	-9.9446	-1.3229	-0.5983	0.2173	-0.3826	0.7087	-0.5209	0.2386	-0.4128	-0.0527	-0.0149	-0.0838	
-1.9921	-9.8899	-1.3342	-0.5823	0.2310	-0.3723	0.6731	-0.5377	0.2389	-0.4480	-0.0549	-0.0128	-0.0834	
-2.0364	-9.8420	-1.3682	-0.5763	0.2404	-0.3714	0.6493	-0.5381	0.2370	-0.4841	-0.0573	-0.0138	-0.0789	
-2.0893	-9.8016	-1.4095	-0.5741	0.2464	-0.3732	0.6223	-0.5352	0.2360	-0.5214	-0.0602	-0.0148	-0.0748	
-2.1494	-9.7996	-1.3987	-0.5750	0.2386	-0.3559	0.5718	-0.5413	0.2296	-0.5709	-0.0654	-0.0150	-0.0759	
-2.2249	-9.7324	-1.4280	-0.5811	0.2540	-0.3540	0.5421	-0.5349	0.2175	-0.6112	-0.0675	-0.0188	-0.0729	
-2.2834	-9.7505	-1.4464	-0.5813	0.2382	-0.3477	0.5122	-0.5286	0.2210	-0.6411	-0.0686	-0.0177	-0.0688	
-2.3627	-9.7064	-1.4971	-0.5884	0.2447	-0.3531	0.4881	-0.5168	0.2174	-0.6703	-0.0690	-0.0197	-0.0645	
-2.4200	-9.6942	-1.5207	-0.5879	0.2405	-0.3491	0.4518	-0.5163	0.2122	-0.6962	-0.0690	-0.0188	-0.0636	
-2.4860	-9.6773	-1.5586	-0.5901	0.2377	-0.3499	0.4246	-0.4972	0.2138	-0.7269	-0.0707	-0.0206	-0.0588	
-2.5590	-9.6318	-1.6013	-0.5946	0.2445	-0.3526	0.3852	-0.4848	0.1862	-0.7626	-0.0708	-0.0262	-0.0604	
-2.6082	-9.5988	-1.5979	-0.5913	0.2471	-0.3404	0.3505	-0.4728	0.1735	-0.7898	-0.0709	-0.0275	-0.0591	
-2.6508	-9.5723	-1.6137	-0.5862	0.2474	-0.3348	0.3155	-0.4576	0.1491	-0.8179	-0.0699	-0.0312	-0.0594	
-2.7104	-9.5529	-1.6654	-0.5863	0.2457	-0.3403	0.2719	-0.4431	0.1402	-0.8425	-0.0718	-0.0316	-0.0588	
-2.7693	-9.5358	-1.6733	-0.5864	0.2433	-0.3325	0.2342	-0.4195	0.1202	-0.8688	-0.0719	-0.0351	-0.0581	
-2.8116	-9.5239	-1.7046	-0.5817	0.2396	-0.3317	0.2059	-0.3979	0.1058	-0.8884	-0.0704	-0.0369	-0.0560	
-2.8845	-9.5157	-1.7436	-0.5860	0.2349	-0.3332	0.1670	-0.3734	0.0685	-0.9098	-0.0683	-0.0417	-0.0592	
-2.9311	-9.4861	-1.8012	-0.5829	0.2366	-0.3397	0.1525	-0.3536	0.0368	-0.9236	-0.0623	-0.0444	-0.0594	
-2.9946	-9.4773	-1.8338	-0.5845	0.2325	-0.3392	0.1182	-0.3417	-0.0035	-0.9325	-0.0586	-0.0449	-0.0632	
-3.0602	-9.4160	-1.8669	-0.5864	0.2427	-0.3390	0.0832	-0.3160	-0.0326	-0.9445	-0.0582	-0.0474	-0.0638	
-3.0970	-9.3660	-1.9263	-0.5806	0.2495	-0.3458	0.0529	-0.2941	-0.0612	-0.9526	-0.0569	-0.0486	-0.0644	
-3.1886	-9.3751	-1.9709	-0.5894	0.2408	-0.3482	0.0177	-0.2733	-0.1010	-0.9563	-0.0592	-0.0465	-0.0617	
-3.2395	-9.3599	-1.9919	-0.5873	0.2384	-0.3448	0.0333	0.2747	0.1435	0.9501	-0.0585	-0.0427	-0.0680	
-3.2955	-9.3195	-2.0435	-0.5867	0.2427	-0.3491	0.0647	0.2674	0.1783	0.9452	-0.0558	-0.0406	-0.0705	
-3.3870	-9.2698	-2.0531	-0.5950	0.2491	-0.3430	0.1069	0.2647	0.2117	0.9347	-0.0551	-0.0371	-0.0730	
-3.4626	-9.2307	-2.1079	-0.5990	0.2527	-0.3479	0.1348	0.2600	0.2539	0.9223	-0.0514	-0.0343	-0.0769	
-3.5229	-9.1864	-2.1306	-0.5992	0.2573	-0.3451	0.1682	0.2525	0.2901	0.9077	-0.0499	-0.0323	-0.0791	
-3.5883	-9.1182	-2.1405	-0.6005	0.2674	-0.3395	0.2059	0.2468	0.3269	0.8886	-0.0494	-0.0299	-0.0814	
-3.6317	-9.0558	-2.1704	-0.5967	0.2758	-0.3387	0.2360	0.2516	0.3542	0.8699	-0.0488	-0.0252	-0.0811	
-3.6800	-9.0004	-2.2073	-0.5942	0.2822	-0.3395	0.2647	0.2614	0.3839	0.8458	-0.0482	-0.0195	-0.0818	
-3.7202	-8.9627	-2.2129	-0.5899	0.2843	-0.3331	0.2946	0.2541	0.4187	0.8205	-0.0470	-0.0181	-0.0838	
-3.7803	-8.9316	-2.2443	-0.5901	0.2848	-0.3327	0.3280	0.2509	0.4495	0.7919	-0.0472	-0.0158	-0.0852	
-3.8102	-8.8991	-2.2492	-0.5837	0.2856	-0.3265	0.3634	0.2476	0.4782	0.7599	-0.0481	-0.0141	-0.0864	
-3.8340	-8.8552	-2.2855	-0.5763	0.2889	-0.3274	0.3934	0.2418	0.4975	0.7348	-0.0484	-0.0139	-0.0849	
-3.8765	-8.8095	-2.3394	-0.5730	0.2924	-0.3320	0.4314	0.2293	0.5128	0.7060	-0.0500	-0.0155	-0.0837	
-3.9232	-8.7774	-2.3806	-0.5708	0.2931	-0.3336	0.4614	0.2201	0.5296	0.6772	-0.0502	-0.0155	-0.0827	
-3.9946	-8.7294	-2.4238	-0.5738	0.2969	-0.3357	0.5149	0.2055	0.5350	0.6370	-0.0556	-0.0183	-0.0817	
-4.0269	-8.6840	-2.4480	-0.5687	0.3001	-0.3339	0.5483	0.2109	0.5397	0.6040	-0.0585	-0.0162	-0.0784	
-4.0717	-8.6348	-2.4658	-0.5664	0.3040	-0.3309	0.5687	0.2170	0.5486	0.5748	-0.0584	-0.0129	-0.0753	
-4.1120	-8.6091	-2.5124	-0.5631	0.3032	-0.3337	0.5816	0.2287	0.5530	0.5541	-0.0573	-0.0094	-0.0705	
-4.1375	-8.5611	-2.5561	-0.5571	0.3066	-0.3358	0.6188	0.2266	0.5452	0.5185	-0.0609	-0.0117	-0.0675	
-4.1810	-8.5194	-2.5871	-0.5548	0.3087	-0.3353	0.6691	0.2137	0.5296	0.4752	-0.0662	-0.0173	-0.0660	
-4.2403	-8.4991	-2.6351	-0.5556	0.3067	-0.3381	0.7029	0.2012	0.5201	0.4419	-0.0671	-0.0204	-0.0643	
-4.3027	-8.4658	-2.6714	-0.5569	0.3072	-0.3386	0.7413	0.1955	0.5015	0.4007	-0.0711	-0.0233	-0.0619	
-4.3513	-8.4300	-2.6888	-0.5556	0.3081	-0.3356	0.7730	0.1753	0.4789	0.3800	-0.0694	-0.0292	-0.0587	
-4.4038	-8.4054	-2.7124	-0.5552	0.3070	-0.3338	0.8070	0.1588	0.4568	0.3381	-0.0716	-0.0329	-0.0581	
-4.4423	-8.3798	-2.7289	-0.5521	0.3060	-0.3308	0.8334	0.1398	0.4364	0.3103	-0.0701	-0.0363	-0.0567	
-4.5111	-8.3526	-2.7541	-0.5545	0.3054	-0.3294	0.8536	0.1289	0.4184	0.2849	-0.0688	-0.0371	-0.0542	
-4.5724	-8.3410	-2.7761	-0.5556	0.3020	-0.3275	0.8819	0.1113	0.3838	0.2503	-0.0701	-0.0421	-0.0526	
-4.6497	-8.2892	-2.8240	-0.5594	0.3058	-0.3301	0.8989	0.0755	0.3760	0.2127	-0.0671	-0.0430	-0.0560	
-4.6839	-8.2651	-2.8444	-0.5557	0.3046	-0.3279	0.9191	0.0420	0.3503	0.1739	-0.0660	-0.0468	-0.0582	
-4.7425	-8.2381	-2.8660	-0.5563	0.3040	-0.3260	0.9313	0.0076	0.3390	0.1323	-0.0644	-0.0466	-0.0616	
-4.8039	-8.1909	-2.9175	-0.5573	0.3069	-0.3292	0.9434	-0.0268	0.3169	0.0909	-0.0634	-0.0488	-0.0636	
-4.8472	-8.1406	-2.9483	-0.5552	0.3102	-0.3289	0.9506	-0.0659	0.2986	0.0488	-0.0619	-0.0498	-0.0669	
-4.9158	-8.0981	-2.9805	-0.5574	0.3121	-0.3288	0.9538	-0.1085	0.2818	0.0276	-0.0564	-0.0506	-0.0693	
-4.9741	-8.0564	-3.0201	-0.5578	0.3139	-0.3299	0.9534	-0.1422	0.2664	-0.0085	-0.0550	-0.0498	-0.0709	
-5.0328	-8.0127	-3.0369	-0.5583	0.3159	-0.3273	0.9520	-0.1808	0.2465	-0.0338	-0.0515	-0.0502	-0.0727	
-5.1032	-7.9852	-3.0490	-0.5607	0.3152	-0.3240	0.9453	-0.2108	0.2420	-0.0672	-0.0507	-0.0462	-0.0739	
-5.1448	-7.9623	-3.0853	-0.5584	0.3138	-0.3246	0.9349	-0.2436	0.2356	-0.1063	-0.0505	-0.0431	-0.0759	
-5.1967	-7.9311	-3.1181	-0.5578	0.3139	-0.3246	0.9174	-0.2925	0.2289	-0.1425	-0.0485	-0.0404	-0.0814	
-5.2631	-7.9002	-3.1559	-0.5595	0.3138	-0.3255	0.9037	-0.3232	0.2277	-0.1691	-0.0469	-0.0365	-0.0817	
-5.3031	-7.8689	-3.1811	-0.5570	0.3138	-0.3244	0.8831	-0.3582	0.2329	-0.1972	-0.0455	-0.0310	-0.0835	
-5.3539	-7.8411	-3.2238	-0.5563	0.3133	-0.3259	0.8597	-0.3958	0.2326	-0.2250	-0.0440	-0.0273	-0.0857	
-5.3977	-7.7856	-3.2579	-0.5545	0.3169	-0.3262	0.8405	-0.4179	0.2307	-0.2581	-0.0450	-0.0249	-0.0842	
-5.4501	-7.7347	-3.2812	-0.5540	0.3199	-0.3248	0.8068	-0.4498	0.2383	-0.2993	-0.0478	-0.0199	-0.0865	
-5.5145	-7.7002	-3.3129	-0.5554	0.3203	-0.3247	0.7742	-0.4743	0.2412	-0.3423	-0.0511	-0.0168	-0.0870	
-5.5680	-7.6503	-3.3570	-0.5551	0.3229	-0.3265	0.7361	-0.5048	0.2439	-0.3785	-0.0526	-0.0134	-0.0889	
-5.6432	-7.6175	-3.3798	-0.5579	0.3230	-0.3251	0.7106	-0.5131	0.2442	-0.4165	-0.0554	-0.0129	-0.0852	
-5.7059	-7.5840	-3.4129	-0.5589	0.3232	-0.3252	0.6737	-0.5228	0.2395	-0.4638	-0.0597	-0.0134	-0.0839	
-5.7647	-7.5469	-3.4385	-0.5593	0.3239	-0.3242	0.6420	-0.5234	0.2538	-0.5012	-0.0639	-0.0103	-0.0795	
-5.8197	-7.5254	-3.4745	-0.5591	0.3223	-0.3247	0.6127	-0.5341	0.2574	-0.5241	-0.0630	-0.0080	-0.0772	
-5.8781	-7.4906	-3.5006	-0.5595	0.3227	-0.3238	0.5834	-0.5334	0.2472	-0.5611	-0.0642	-0.0109	-0.0745	
-5.9330	-7.4489	-3.5368	-0.5593	0.3240	-0.3244	0.5391	-0.5314	0.2448	-0.6054	-0.0689	-0.0121	-0.0734	
-5.9916	-7.4114	-3.5688	-0.5597	0.3247	-0.3244	0.4946	-0.5250	0.2364	-0.6506	-0.0730	-0.0148	-0.0725	
-6.0384	-7.3741	-3.5906	-0.5584	0.3253	-0.3229	0.4649	-0.5217	0.2174	-0.6824	-0.0713	-0.0183	-0.0710	
-6.0969	-7.3428	-3.6178	-0.5588	0.3252	-0.3222	0.4276	-0.5111	0.2067	-0.7166	-0.0727	-0.0207	-0.0691	
-6.1609	-7.3218	-3.6484	-0.5599	0.3236	-0.3220	0.3963	-0.5061	0.1920	-0.7423	-0.0708	-0.0222	-0.0676	
-6.2235	-7.2899	-3.6959	-0.5608	0.3235	-0.3240	0.3662	-0.4925	0.1746	-0.7707	-0.0697	-0.0257	-0.0659	
-6.2838	-7.2643	-3.7144	-0.5613	0.3226	-0.3222	0.3259	-0.4707	0.1580	-0.8045	-0.0717	-0.0298	-0.0645	
-6.3530	-7.2230	-3.7539	-0.5630	0.3238	-0.3231	0.2962	-0.4601	0.1401	-0.8259	-0.0695	-0.0311	-0.0634	
-6.4166	-7.1890	-3.7977	-0.5640	0.3240	-0.3246	0.2677	-0.4352	0.1321	-0.8503	-0.0698	-0.0336	-0.0598	
-6.4734	-7.1377	-3.8191	-0.5640	0.3264	-0.3232	0.2339	-0.4209	0.1187	-0.8688	-0.0693	-0.0338	-0.0584	
-6.5134	-7.1073	-3.8349	-0.5620	0.3261	-0.3211	0.1928	-0.4031	0.0875	-0.8901	-0.0683	-0.0369	-0.0606	
-6.5703	-7.0640	-3.8651	-0.5621	0.3274	-0.3208	0.1623	-0.3848	0.0609	-0.9070	-0.0658	-0.0391	-0.0610	
-6.6376	-7.0353	-3.8976	-0.5635	0.3269	-0.3209	0.1336	-0.3553	0.0230	-0.9252	-0.0625	-0.0444	-0.0626	
-6.6997	-7.0023	-3.9223	-0.5642	0.3270	-0.3199	0.0971	-0.3433	-0.0043	-0.9344	-0.0609	-0.0436	-0.0638	
-6.7558	-6.9676	-3.9558	-0.5641	0.3272	-0.3201	0.0628	-0.3217	-0.0407	-0.9439	-0.0586	-0.0457	-0.0661	
-6.8114	-6.9491	-3.9909	-0.5640	0.3255	-0.3205	0.0265	-0.2979	-0.0720	-0.9514	-0.0601	-0.0433	-0.0653	
-6.8753	-6.9050	-4.0310	-0.5650	0.3269	-0.3215	-0.0120	0.2875	0.1029	0.9536	-0.0543	-0.0420	-0.0655	
-6.9307	-6.8722	-4.0623	-0.5649	0.3269	-0.3213	-0.0036	0.2743	0.1385	0.9531	-0.0476	-0.0415	-0.0662	
-6.9831	-6.8409	-4.1003	-0.5644	0.3268	-0.3220	0.0290	0.2655	0.1697	0.9487	-0.0465	-0.0397	-0.0679	
-7.0487	-6.8059	-4.1346	-0.5655	0.3270	-0.3223	0.0664	0.2334	0.2060	0.9476	-0.0465	-0.0437	-0.0700	
-7.1084	-6.7687	-4.1639	-0.5658	0.3276	-0.3219	0.1034	0.2357	0.2405	0.9362	-0.0462	-0.0387	-0.0728	
-7.1585	-6.7447	-4.1936	-0.5651	0.3265	-0.3216	0.1378	0.2267	0.2882	0.9198	-0.0445	-0.0368	-0.0783	
-7.2093	-6.7031	-4.2356	-0.5644	0.3276	-0.3228	0.1688	0.2369	0.3250	0.9005	-0.0437	-0.0302	-0.0808	
-7.2672	-6.6690	-4.2731	-0.5646	0.3277	-0.3234	0.1951	0.2392	0.3551	0.8830	-0.0427	-0.0260	-0.0811	
-7.3293	-6.6288	-4.2981	-0.5652	0.3286	-0.3225	0.2421	0.2388	0.3946	0.8529	-0.0451	-0.0227	-0.0854	
-7.3831	-6.5858	-4.3327	-0.5649	0.3297	-0.3228	0.2746	0.2319	0.4190	0.8341	-0.0455	-0.0218	-0.0842	
-7.4325	-6.5482	-4.3775	-0.5641	0.3302	-0.3242	0.3056	0.2286	0.4389	0.8140	-0.0461	-0.0201	-0.0824	
-7.4974	-6.5003	-4.4109	-0.5651	0.3319	-0.3243	0.3438	0.2254	0.4660	0.7831	-0.0479	-0.0180	-0.0834	
-7.5629	-6.4651	-4.4505	-0.5661	0.3321	-0.3251	0.3894	0.2230	0.4960	0.7426	-0.0512	-0.0156	-0.0863	
-7.6173	-6.4242	-4.4922	-0.5658	0.3329	-0.3261	0.4342	0.2314	0.4980	0.7153	-0.0565	-0.0137	-0.0814	
-7.6704	-6.3892	-4.5307	-0.5655	0.3331	-0.3268	0.4622	0.2312	0.5037	0.6937	-0.0569	-0.0131	-0.0771	
-7.7360	-6.3530	-4.5707	-0.5665	0.3335	-0.3276	0.5030	0.2358	0.5047	0.6613	-0.0611	-0.0121	-0.0738	
-7.7920	-6.3167	-4.6087	-0.5664	0.3338	-0.3281	0.5241	0.2427	0.5184	0.6317	-0.0605	-0.0085	-0.0722	
-7.8545	-6.2901	-4.6385	-0.5670	0.3331	-0.3278	0.5735	0.2399	0.5119	0.5929	-0.0662	-0.0110	-0.0697	
-7.8995	-6.2598	-4.6741	-0.5658	0.3327	-0.3281	0.6207	0.2337	0.5123	0.5444	-0.0710	-0.0125	-0.0701	
-7.9680	-6.2203	-4.7157	-0.5671	0.3334	-0.3290	0.6517	0.2307	0.5123	0.5101	-0.0717	-0.0126	-0.0680	
-8.0234	-6.1875	-4.7549	-0.5669	0.3333	-0.3297	0.6892	0.2201	0.5051	0.4705	-0.0736	-0.0154	-0.0666	
-8.0798	-6.1491	-4.7915	-0.5669	0.3339	-0.3301	0.7176	0.2121	0.5042	0.4313	-0.0738	-0.0158	-0.0659	
-8.1271	-6.1159	-4.8215	-0.5659	0.3339	-0.3298	0.7449	0.2105	0.4961	0.3942	-0.0748	-0.0161	-0.0636	
-8.1772	-6.0925	-4.8574	-0.5653	0.3328	-0.3301	0.7830	0.2026	0.4734	0.3485	-0.0786	-0.0201	-0.0617	
-8.2267	-6.0542	-4.8933	-0.5646	0.3333	-0.3304	0.8018	0.2028	0.4680	0.3135	-0.0779	-0.0185	-0.0594	
-8.2837	-6.0195	-4.9252	-0.5646	0.3335	-0.3303	0.8267	0.1725	0.4586	0.2781	-0.0747	-0.0227	-0.0612	
-8.3332	-5.9911	-4.9636	-0.5639	0.3330	-0.3308	0.8491	0.1568	0.4433	0.2417	-0.0740	-0.0250	-0.0604	
-8.3991	-5.9702	-4.9974	-0.5649	0.3317	-0.3309	0.8673	0.1370	0.4283	0.2182	-0.0704	-0.0275	-0.0592	
-8.4519	-5.9344	-5.0362	-0.5645	0.3320	-0.3314	0.8892	0.1045	0.4059	0.1848	-0.0681	-0.0327	-0.0606	
-8.5179	-5.9053	-5.0666	-0.5655	0.3316	-0.3312	0.9063	0.0780	0.3823	0.1703	-0.0633	-0.0368	-0.0592	
-8.5708	-5.8723	-5.0966	-0.5651	0.3316	-0.3309	0.9222	0.0524	0.3576	0.1387	-0.0621	-0.0399	-0.0592	
-8.6185	-5.8421	-5.1339	-0.5643	0.3313	-0.3313	0.9366	0.0162	0.3329	0.1091	-0.0593	-0.0436	-0.0612	
-8.6798	-5.7992	-5.1679	-0.5647	0.3322	-0.3314	0.9465	-0.0147	0.3150	0.0600	-0.0605	-0.0440	-0.0638	
-8.7275	-5.7594	-5.1958	-0.5639	0.3329	-0.3309	0.9527	-0.0544	0.2981	0.0277	-0.0574	-0.0449	-0.0669	
-8.7848	-5.7215	-5.2368	-0.5640	0.3333	-0.3316	0.9552	-0.0947	0.2806	-0.0047	-0.0546	-0.0456	-0.0698	
-8.8460	-5.6905	-5.2679	-0.5645	0.3331	-0.3314	0.9528	-0.1367	0.2673	-0.0425	-0.0529	-0.0447	-0.0736	
-8.8889	-5.6495	-5.2986	-0.5632	0.3338	-0.3312	0.9484	-0.1745	0.2529	-0.0779	-0.0513	-0.0438	-0.0760	
-8.9548	-5.6044	-5.3275	-0.5641	0.3349	-0.3308	0.9402	-0.2135	0.2405	-0.1126	-0.0500	-0.0423	-0.0786	
-9.0090	-5.5616	-5.3672	-0.5639	0.3358	-0.3314	0.9268	-0.2444	0.2461	-0.1485	-0.0496	-0.0364	-0.0797	
-9.0590	-5.5350	-5.4005	-0.5633	0.3351	-0.3314	0.9087	-0.2806	0.2458	-0.1879	-0.0496	-0.0322	-0.0824	
-9.1216	-5.5106	-5.4360	-0.5639	0.3343	-0.3317	0.8881	-0.3228	0.2370	-0.2245	-0.0487	-0.0301	-0.0860	
-9.1835	-5.4738	-5.4676	-0.5644	0.3346	-0.3315	0.8671	-0.3547	0.2369	-0.2583	-0.0487	-0.0262	-0.0868	
-9.2412	-5.4402	-5.4941	-0.5645	0.3346	-0.3309	0.8381	-0.3958	0.2210	-0.3011	-0.0494	-0.0258	-0.0907	
-9.2984	-5.4111	-5.5336	-0.5646	0.3342	-0.3315	0.8179	-0.4241	0.2109	-0.3283	-0.0480	-0.0246	-0.0899	
-9.3501	-5.3831	-5.5640	-0.5641	0.3338	-0.3312	0.7847	-0.4483	0.2068	-0.3741	-0.0515	-0.0221	-0.0901	
-9.3952	-5.3520	-5.6012	-0.5631	0.3336	-0.3316	0.7491	-0.4732	0.2182	-0.4100	-0.0539	-0.0161	-0.0899	
-9.4491	-5.3228	-5.6258	-0.5629	0.3332	-0.3309	0.7118	-0.4932	0.2220	-0.4483	-0.0568	-0.0127	-0.0892	
-9.5100	-5.2850	-5.6675	-0.5633	0.3336	-0.3316	0.6817	-0.5107	0.2204	-0.4764	-0.0569	-0.0110	-0.0872	
-9.5663	-5.2511	-5.7087	-0.5633	0.3336	-0.3323	0.6466	-0.5353	0.2071	-0.5026	-0.0555	-0.0109	-0.0879	
-9.6108	-5.2140	-5.7438	-0.5623	0.3340	-0.3325	0.6150	-0.5447	0.2128	-0.5305	-0.0571	-0.0086	-0.0844	
-9.6658	-5.1770	-5.7787	-0.5622	0.3343	-0.3326	0.5803	-0.5531	0.2067	-0.5615	-0.0584	-0.0091	-0.0823	
-9.7182	-5.1422	-5.8061	-0.5619	0.3344	-0.3321	0.5554	-0.5569	0.2213	-0.5794	-0.0587	-0.0054	-0.0769	
-9.7795	-5.1013	-5.8358	-0.5623	0.3350	-0.3318	0.5179	-0.5529	0.2331	-0.6107	-0.0631	-0.0043	-0.0728	
-9.8388	-5.0692	-5.8759	-0.5625	0.3349	-0.3324	0.4742	-0.5475	0.2175	-0.6541	-0.0665	-0.0094	-0.0724	
-9.8947	-5.0373	-5.9115	-0.5625	0.3348	-0.3326	0.4224	-0.5536	0.2090	-0.6859	-0.0689	-0.0095	-0.0738	
-9.9475	-5.0031	-5.9423	-0.5622	0.3348	-0.3324	0.3891	-0.5446	0.2000	-0.7164	-0.0693	-0.0126	-0.0711	
-10.0006	-4.9764	-5.9735	-0.5620	0.3342	-0.3322	0.3584	-0.5302	0.1821	-0.7474	-0.0685	-0.0176	-0.0689	
-10.0532	-4.9410	-6.0179	-0.5617	0.3344	-0.3332	0.3241	-0.5076	0.1702	-0.7806	-0.0701	-0.0227	-0.0661	
-10.0977	-4.9186	-6.0468	-0.5607	0.3335	-0.3328	0.2841	-0.4909	0.1508	-0.8097	-0.0704	-0.0263	-0.0657	
-10.1566	-4.8732	-6.0806	-0.5609	0.3345	-0.3328	0.2590	-0.4640	0.1350	-0.8374	-0.0694	-0.0313	-0.0626	
-10.2037	-4.8455	-6.1153	-0.5602	0.3340	-0.3330	0.2172	-0.4385	0.1197	-0.8638	-0.0712	-0.0346	-0.0616	
-10.2558	-4.8110	-6.1478	-0.5599	0.3341	-0.3329	0.1957	-0.4165	0.1014	-0.8832	-0.0679	-0.0372	-0.0593	
-10.3065	-4.7895	-6.1733	-0.5595	0.3331	-0.3322	0.1513	-0.3928	0.0755	-0.9036	-0.0683	-0.0402	-0.0607	
-10.3655	-4.7463	-6.2006	-0.5597	0.3339	-0.3318	0.1229	-0.3674	0.0561	-0.9208	-0.0667	-0.0424	-0.0592	
-10.4152	-4.7234	-6.2351	-0.5592	0.3331	-0.3319	0.0821	-0.3408	0.0368	-0.9357	-0.0673	-0.0443	-0.0590	
-10.4774	-4.7006	-6.2751	-0.5597	0.3322	-0.3324	0.0480	-0.3193	0.0106	-0.9466	-0.0696	-0.0424	-0.0585	
-10.5365	-4.6645	-6.3140	-0.5599	0.3325	-0.3329	0.0143	-0.2931	-0.0177	-0.9560	-0.0681	-0.0450	-0.0589	
-10.6047	-4.6261	-6.3463	-0.5609	0.3329	-0.3328	0.0177	0.2803	0.0412	0.9595	-0.0705	-0.0439	-0.0595	
-10.6742	-4.5942	-6.3776	-0.5619	0.3328	-0.3326	0.0522	0.2653	0.0707	0.9606	-0.0716	-0.0409	-0.0615	
-10.7425	-4.5626	-6.4172	-0.5629	0.3326	-0.3331	0.0926	0.2576	0.1051	0.9563	-0.0723	-0.0360	-0.0650	
-10.8039	-4.5335	-6.4540	-0.5633	0.3323	-0.3334	0.1306	0.2488	0.1463	0.9488	-0.0715	-0.0307	-0.0714	
-10.8590	-4.4993	-6.4855	-0.5631	0.3324	-0.3332	0.1620	0.2429	0.1879	0.9384	-0.0686	-0.0252	-0.0769	
-10.9156	-4.4668	-6.5260	-0.5632	0.3323	-0.3338	0.1942	0.2440	0.2340	0.9213	-0.0661	-0.0186	-0.0827	
-10.9747	-4.4342	-6.5614	-0.5634	0.3323	-0.3340	0.2173	0.2343	0.2678	0.9100	-0.0607	-0.0174	-0.0830	
-11.0321	-4.3946	-6.5962	-0.5635	0.3328	-0.3341	0.2485	0.2428	0.3061	0.8867	-0.0597	-0.0110	-0.0851	
-11.0951	-4.3680	-6.6220	-0.5640	0.3323	-0.3335	0.2804	0.2401	0.3443	0.8632	-0.0583	-0.0089	-0.0875	
-11.1571	-4.3403	-6.6527	-0.5644	0.3319	-0.3333	0.3088	0.2421	0.3820	0.8368	-0.0567	-0.0057	-0.0891	
-11.2191	-4.3115	-6.6840	-0.5648	0.3316	-0.3331	0.3373	0.2419	0.4143	0.8102	-0.0556	-0.0038	-0.0894	
-11.2742	-4.2740	-6.7136	-0.5647	0.3319	-0.3329	0.3602	0.2403	0.4456	0.7841	-0.0532	-0.0022	-0.0892	
-11.3248	-4.2412	-6.7433	-0.5643	0.3318	-0.3326	0.3887	0.2425	0.4632	0.7595	-0.0534	-0.0011	-0.0860	
-11.3857	-4.1978	-6.7692	-0.5646	0.3326	-0.3321	0.4176	0.2426	0.4807	0.7325	-0.0537	-0.0005	-0.0836	
-11.4369	-4.1697	-6.8031	-0.5642	0.3322	-0.3321	0.4526	0.2473	0.5016	0.6943	-0.0563	0.0015	-0.0835	
-11.4898	-4.1400	-6.8392	-0.5639	0.3320	-0.3323	0.4856	0.2483	0.5111	0.6650	-0.0579	0.0012	-0.0804	
-11.5542	-4.1035	-6.8816	-0.5645	0.3322	-0.3330	0.5231	0.2420	0.5216	0.6291	-0.0601	-0.0002	-0.0790	
-11.6106	-4.0676	-6.9229	-0.5645	0.3324	-0.3336	0.5603	0.2429	0.5293	0.5890	-0.0633	-0.0002	-0.0774	
-11.6621	-4.0291	-6.9579	-0.5642	0.3328	-0.3337	0.5959	0.2457	0.5301	0.5513	-0.0663	-0.0007	-0.0745	
-11.7126	-3.9956	-6.9874	-0.5637	0.3328	-0.3334	0.6348	0.2400	0.5337	0.5039	-0.0696	-0.0020	-0.0743	
-11.7582	-3.9594	-7.0154	-0.5630	0.3330	-0.3330	0.6687	0.2485	0.5275	0.4620	-0.0733	-0.0020	-0.0709	
-11.8069	-3.9184	-7.0534	-0.5624	0.3336	-0.3334	0.6970	0.2497	0.5240	0.4217	-0.0747	-0.0025	-0.0685	
-11.8580	-3.8830	-7.0880	-0.5621	0.3337	-0.3335	0.7342	0.2411	0.5041	0.3875	-0.0765	-0.0080	-0.0650	
-11.9097	-3.8424	-7.1235	-0.5618	0.3342	-0.3336	0.7609	0.2307	0.4934	0.3541	-0.0757	-0.0110	-0.0629	
-11.9539	-3.8088	-7.1549	-0.5609	0.3342	-0.3335	0.7926	0.2165	0.4781	0.3099	-0.0771	-0.0148	-0.0626	
-12.0060	-3.7792	-7.1876	-0.5606	0.3340	-0.3335	0.8183	0.1983	0.4607	0.2839	-0.0746	-0.0194	-0.0608	
-12.0606	-3.7434	-7.2190	-0.5605	0.3341	-0.3333	0.8455	0.1815	0.4357	0.2515	-0.0743	-0.0243	-0.0591	
-12.1126	-3.6988	-7.2566	-0.5603	0.3349	-0.3336	0.8690	0.1560	0.4163	0.2186	-0.0724	-0.0286	-0.0593	
-12.1662	-3.6692	-7.2902	-0.5601	0.3346	-0.3336	0.8911	0.1215	0.3938	0.1940	-0.0683	-0.0341	-0.0603	
-12.2187	-3.6306	-7.3180	-0.5598	0.3350	-0.3333	0.9071	0.0881	0.3783	0.1646	-0.0648	-0.0366	-0.0621	
-12.2758	-3.5914	-7.3539	-0.5599	0.3354	-0.3334	0.9218	0.0650	0.3573	0.1401	-0.0623	-0.0388	-0.0610	
-12.3307	-3.5592	-7.3821	-0.5599	0.3353	-0.3331	0.9339	0.0321	0.3390	0.1111	-0.0595	-0.0406	-0.0625	
-12.3886	-3.5263	-7.4222	-0.5600	0.3352	-0.3335	0.9457	-0.0024	0.3156	0.0767	-0.0580	-0.0433	-0.0643	
-12.4383	-3.4906	-7.4516	-0.5596	0.3354	-0.3333	0.9536	-0.0408	0.2950	0.0329	-0.0578	-0.0447	-0.0678	
-12.4916	-3.4624	-7.4844	-0.5594	0.3350	-0.3332	0.9560	-0.0812	0.2829	0.0020	-0.0545	-0.0441	-0.0709	
-12.5492	-3.4234	-7.5241	-0.5595	0.3354	-0.3337	0.9561	-0.1293	0.2634	-0.0222	-0.0500	-0.0455	-0.0745	
-12.6004	-3.3910	-7.5575	-0.5592	0.3353	-0.3337	0.9486	-0.1639	0.2604	-0.0728	-0.0516	-0.0414	-0.0775	
-12.6595	-3.3624	-7.5913	-0.5594	0.3350	-0.3337	0.9431	-0.2078	0.2348	-0.1082	-0.0500	-0.0434	-0.0806	
-12.7159	-3.3344	-7.6237	-0.5594	0.3346	-0.3336	0.9265	-0.2546	0.2349	-0.1475	-0.0489	-0.0386	-0.0854	
-12.7726	-3.2999	-7.6556	-0.5595	0.3347	-0.3335	0.9098	-0.2905	0.2295	-0.1877	-0.0493	-0.0354	-0.0872	
-12.8255	-3.2658	-7.6813	-0.5593	0.3348	-0.3330	0.8818	-0.3416	0.2230	-0.2343	-0.0499	-0.0321	-0.0932	
-12.8815	-3.2312	-7.7131	-0.5593	0.3348	-0.3330	0.8565	-0.3824	0.2098	-0.2745	-0.0501	-0.0308	-0.0958	
-12.9328	-3.1976	-7.7413	-0.5590	0.3348	-0.3326	0.8296	-0.4119	0.2066	-0.3156	-0.0518	-0.0275	-0.0957	
-12.9894	-3.1715	-7.7730	-0.5590	0.3344	-0.3325	0.8074	-0.4361	0.1984	-0.3463	-0.0515	-0.0258	-0.0938	
-13.0435	-3.1350	-7.8074	-0.5589	0.3346	-0.3326	0.7815	-0.4577	0.2085	-0.3727	-0.0519	-0.0201	-0.0915	
-13.0939	-3.1078	-7.8467	-0.5586	0.3342	-0.3330	0.7521	-0.4798	0.2132	-0.4001	-0.0521	-0.0160	-0.0900	
-13.1513	-3.0748	-7.8828	-0.5587	0.3341	-0.3332	0.7195	-0.5004	0.2030	-0.4366	-0.0535	-0.0159	-0.0893	
-13.2058	-3.0450	-7.9155	-0.5586	0.3339	-0.3331	0.6908	-0.5120	0.2085	-0.4678	-0.0554	-0.0132	-0.0859	
-13.2650	-3.0111	-7.9496	-0.5588	0.3339	-0.3332	0.6548	-0.5237	0.2177	-0.5006	-0.0584	-0.0099	-0.0837	
-13.3281	-2.9747	-7.9839	-0.5592	0.3341	-0.3332	0.6289	-0.5341	0.2305	-0.5186	-0.0579	-0.0058	-0.0798	
-13.3892	-2.9403	-8.0117	-0.5596	0.3342	-0.3329	0.6001	-0.5414	0.2228	-0.5461	-0.0577	-0.0070	-0.0773	
-13.4482	-2.9042	-8.0416	-0.5597	0.3343	-0.3327	0.5705	-0.5412	0.2197	-0.5783	-0.0594	-0.0084	-0.0740	
-13.4989	-2.8742	-8.0728	-0.5594	0.3341	-0.3326	0.5351	-0.5381	0.2328	-0.6093	-0.0632	-0.0065	-0.0701	
-13.5580	-2.8414	-8.1093	-0.5596	0.3341	-0.3328	0.4998	-0.5270	0.2333	-0.6471	-0.0669	-0.0090	-0.0666	
-13.6068	-2.8101	-8.1438	-0.5592	0.3340	-0.3328	0.4694	-0.5125	0.2281	-0.6827	-0.0687	-0.0126	-0.0630	
-13.6592	-2.7825	-8.1800	-0.5590	0.3336	-0.3330	0.4166	-0.5090	0.2210	-0.7192	-0.0727	-0.0135	-0.0641	
-13.7081	-2.7462	-8.2176	-0.5585	0.3338	-0.3333	0.3699	-0.5126	0.2114	-0.7452	-0.0733	-0.0130	-0.0653	
-13.7644	-2.7083	-8.2513	-0.5586	0.3341	-0.3333	0.3287	-0.5124	0.1915	-0.7699	-0.0719	-0.0150	-0.0666	
-13.8226	-2.6662	-8.2902	-0.5587	0.3346	-0.3336	0.3076	-0.4845	0.1864	-0.7993	-0.0717	-0.0201	-0.0611	
-13.8735	-2.6373	-8.3216	-0.5584	0.3343	-0.3335	0.2685	-0.4704	0.1698	-0.8233	-0.0715	-0.0226	-0.0608	
-13.9284	-2.5987	-8.3511	-0.5583	0.3346	-0.3333	0.2469	-0.4488	0.1578	-0.8455	-0.0694	-0.0260	-0.0575	
-13.9850	-2.5570	-8.3850	-0.5584	0.3351	-0.3333	0.2129	-0.4288	0.1359	-0.8675	-0.0683	-0.0295	-0.0577	
-14.0402	-2.5226	-8.4291	-0.5584	0.3352	-0.3340	0.1912	-0.4083	0.1138	-0.8862	-0.0650	-0.0329	-0.0567	
-14.0965	-2.4871	-8.4588	-0.5584	0.3353	-0.3337	0.1521	-0.3778	0.0774	-0.9098	-0.0643	-0.0390	-0.0593	
-14.1536	-2.4515	-8.4955	-0.5584	0.3354	-0.3339	0.1022	-0.3628	0.0476	-0.9245	-0.0650	-0.0395	-0.0626	
-14.2094	-2.4102	-8.5291	-0.5584	0.3359	-0.3339	0.0813	-0.3370	0.0142	-0.9387	-0.0608	-0.0432	-0.0630	
-14.2664	-2.3743	-8.5676	-0.5585	0.3360	-0.3342	0.0523	-0.3157	-0.0179	-0.9475	-0.0582	-0.0448	-0.0643	
-14.3310	-2.3458	-8.5983	-0.5590	0.3357	-0.3341	0.0198	-0.3055	-0.0593	-0.9504	-0.0621	-0.0449	-0.0605	
-14.3890	-2.3107	-8.6337	-0.5591	0.3358	-0.3342	0.0234	0.2856	0.1039	0.9521	-0.0603	-0.0460	-0.0661	
-14.4403	-2.2780	-8.6618	-0.5589	0.3357	-0.3339	0.0550	0.2691	0.1398	0.9516	-0.0574	-0.0458	-0.0685	
-14.4972	-2.2418	-8.6985	-0.5589	0.3359	-0.3341	0.0978	0.2731	0.1851	0.9393	-0.0557	-0.0404	-0.0749	
-14.5567	-2.2137	-8.7308	-0.5591	0.3356	-0.3340	0.1427	0.2649	0.2198	0.9278	-0.0559	-0.0379	-0.0778	
-14.6084	-2.1774	-8.7669	-0.5589	0.3357	-0.3342	0.1680	0.2546	0.2506	0.9196	-0.0530	-0.0364	-0.0781	
-14.6626	-2.1393	-8.7956	-0.5588	0.3360	-0.3339	0.1998	0.2414	0.2895	0.9045	-0.0509	-0.0352	-0.0808	
-14.7152	-2.1026	-8.8263	-0.5586	0.3362	-0.3337	0.2385	0.2280	0.3149	0.8900	-0.0515	-0.0343	-0.0806	
-14.7681	-2.0704	-8.8582	-0.5585	0.3361	-0.3337	0.2737	0.2151	0.3486	0.8702	-0.0509	-0.0329	-0.0825	
-14.8207	-2.0315	-8.8837	-0.5583	0.3364	-0.3332	0.3071	0.1993	0.3801	0.8494	-0.0502	-0.0323	-0.0837	
-14.8712	-1.9945	-8.9142	-0.5580	0.3366	-0.3331	0.3540	0.1983	0.4013	0.8212	-0.0540	-0.0287	-0.0836	
-14.9264	-1.9602	-8.9501	-0.5579	0.3366	-0.3332	0.3778	0.2005	0.4424	0.7888	-0.0521	-0.0230	-0.0872	
-14.9789	-1.9227	-8.9819	-0.5578	0.3368	-0.3331	0.4074	0.1940	0.4640	0.7628	-0.0521	-0.0214	-0.0860	
-15.0335	-1.8882	-9.0171	-0.5577	0.3369	-0.3332	0.4343	0.1995	0.4869	0.7319	-0.0527	-0.0169	-0.0852	
-15.0836	-1.8554	-9.0533	-0.5574	0.3368	-0.3334	0.4728	0.2082	0.5044	0.6920	-0.0568	-0.0127	-0.0846	
-15.1350	-1.8166	-9.0875	-0.5571	0.3371	-0.3334	0.5086	0.2038	0.5150	0.6596	-0.0588	-0.0125	-0.0824	
-15.1924	-1.7845	-9.1218	-0.5572	0.3370	-0.3335	0.5403	0.2099	0.5249	0.6239	-0.0612	-0.0100	-0.0800	
-15.2507	-1.7487	-9.1544	-0.5574	0.3371	-0.3335	0.5622	0.2221	0.5375	0.5893	-0.0621	-0.0056	-0.0777	
-15.3063	-1.7194	-9.1869	-0.5574	0.3369	-0.3334	0.5933	0.2177	0.5403	0.5562	-0.0632	-0.0067	-0.0751	
-15.3627	-1.6847	-9.2189	-0.5574	0.3369	-0.3333	0.6285	0.2273	0.5396	0.5122	-0.0679	-0.0053	-0.0724	
-15.4147	-1.6545	-9.2582	-0.5572	0.3367	-0.3337	0.6604	0.2201	0.5397	0.4737	-0.0689	-0.0070	-0.0710	
-15.4667	-1.6199	-9.2917	-0.5570	0.3368	-0.3337	0.6848	0.2155	0.5365	0.4454	-0.0679	-0.0084	-0.0678	
-15.5196	-1.5838	-9.3254	-0.5569	0.3369	-0.3337	0.7246	0.2114	0.5215	0.3974	-0.0729	-0.0115	-0.0658	
-15.5770	-1.5563	-9.3563	-0.5569	0.3366	-0.3336	0.7544	0.2023	0.5099	0.3613	-0.0734	-0.0144	-0.0638	
-15.6366	-1.5211	-9.3825	-0.5572	0.3367	-0.3332	0.7833	0.1989	0.4901	0.3286	-0.0746	-0.0173	-0.0601	
-15.6913	-1.4858	-9.4180	-0.5571	0.3368	-0.3333	0.8087	0.1793	0.4780	0.2933	-0.0731	-0.0207	-0.0599	
-15.7462	-1.4488	-9.4466	-0.5571	0.3369	-0.3330	0.8339	0.1687	0.4606	0.2530	-0.0740	-0.0230	-0.0587	
-15.8061	-1.4141	-9.4838	-0.5573	0.3370	-0.3332	0.8541	0.1600	0.4443	0.2203	-0.0734	-0.0246	-0.0567	
-15.8651	-1.3834	-9.5188	-0.5575	0.3368	-0.3333	0.8746	0.1404	0.4255	0.1866	-0.0718	-0.0276	-0.0566	
-15.9210	-1.3532	-9.5572	-0.5575	0.3367	-0.3336	0.8931	0.1113	0.4105	0.1464	-0.0700	-0.0303	-0.0590	
-15.9701	-1.3198	-9.5833	-0.5571	0.3366	-0.3332	0.9115	0.0751	0.3883	0.1160	-0.0663	-0.0349	-0.0613	
-16.0205	-1.2875	-9.6161	-0.5568	0.3366	-0.3332	0.9293	0.0509	0.3557	0.0937	-0.0635	-0.0400	-0.0599	
-16.0796	-1.2514	-9.6533	-0.5570	0.3367	-0.3334	0.9381	0.0101	0.3419	0.0521	-0.0613	-0.0407	-0.0646	
-16.1343	-1.2161	-9.6897	-0.5570	0.3368	-0.3336	0.9460	-0.0155	0.3233	0.0115	-0.0611	-0.0411	-0.0655	
-16.1912	-1.1860	-9.7288	-0.5570	0.3366	-0.3339	0.9487	-0.0648	0.3079	-0.0284	-0.0581	-0.0417	-0.0715	
-16.2448	-1.1498	-9.7623	-0.5569	0.3367	-0.3339	0.9481	-0.1062	0.2952	-0.0582	-0.0543	-0.0410	-0.0748	
-16.2991	-1.1119	-9.7900	-0.5568	0.3369	-0.3336	0.9476	-0.1431	0.2689	-0.0944	-0.0531	-0.0429	-0.0766	
-16.3529	-1.0764	-9.8255	-0.5568	0.3370	-0.3337	0.9429	-0.1872	0.2514	-0.1169	-0.0484	-0.0428	-0.0795	
-16.4062	-1.0411	-9.8558	-0.5566	0.3371	-0.3335	0.9302	-0.2301	0.2386	-0.1560	-0.0478	-0.0407	-0.0833	
-16.4588	-1.0056	-9.8868	-0.5565	0.3372	-0.3334	0.9199	-0.2632	0.2300	-0.1815	-0.0456	-0.0381	-0.0837	
-16.5171	-0.9704	-9.9196	-0.5566	0.3373	-0.3334	0.9000	-0.3022	0.2217	-0.2216	-0.0464	-0.0350	-0.0868	
-16.5657	-0.9402	-9.9540	-0.5563	0.3371	-0.3334	0.8820	-0.3379	0.2116	-0.2522	-0.0453	-0.0327	-0.0881	
-16.6157	-0.9037	-9.9888	-0.5560	0.3372	-0.3335	0.8588	-0.3609	0.2179	-0.2932	-0.0484	-0.0273	-0.0873	
-16.6700	-0.8713	-10.0217	-0.5559	0.3372	-0.3335	0.8328	-0.3923	0.2135	-0.3273	-0.0489	-0.0242	-0.0884	
-16.7200	-0.8396	-10.0527	-0.5556	0.3371	-0.3334	0.8047	-0.4312	0.2008	-0.3551	-0.0472	-0.0224	-0.0910	
-16.7784	-0.8040	-10.0847	-0.5558	0.3372	-0.3333	0.7817	-0.4562	0.1943	-0.3799	-0.0463	-0.0206	-0.0896	
-16.8292	-0.7754	-10.1162	-0.5555	0.3369	-0.3332	0.7503	-0.4791	0.1928	-0.4131	-0.0481	-0.0177	-0.0890	
-16.8919	-0.7431	-10.1465	-0.5559	0.3369	-0.3331	0.7139	-0.5048	0.1941	-0.4449	-0.0502	-0.0142	-0.0894	
-16.9495	-0.7063	-10.1787	-0.5560	0.3370	-0.3330	0.6757	-0.5201	0.2062	-0.4810	-0.0547	-0.0100	-0.0877	
-17.0039	-0.6725	-10.2133	-0.5559	0.3370	-0.3331	0.6382	-0.5273	0.2081	-0.5215	-0.0591	-0.0093	-0.0850	
-17.0590	-0.6415	-10.2482	-0.5559	0.3369	-0.3332	0.6006	-0.5310	0.2140	-0.5589	-0.0630	-0.0082	-0.0818	
-17.1190	-0.6091	-10.2839	-0.5561	0.3368	-0.3333	0.5693	-0.5351	0.2109	-0.5885	-0.0636	-0.0086	-0.0788	
-17.1692	-0.5739	-10.3190	-0.5559	0.3369	-0.3334	0.5310	-0.5336	0.2129	-0.6234	-0.0667	-0.0088	-0.0757	
-17.2247	-0.5406	-10.3509	-0.5558	0.3369	-0.3333	0.4991	-0.5268	0.2255	-0.6517	-0.0692	-0.0074	-0.0706	
-17.2760	-0.5056	-10.3813	-0.5556	0.3369	-0.3331	0.4577	-0.5243	0.2138	-0.6854	-0.0706	-0.0099	-0.0699	
-17.3322	-0.4730	-10.4181	-0.5557	0.3369	-0.3333	0.4145	-0.5150	0.2062	-0.7213	-0.0733	-0.0126	-0.0683	
-17.3923	-0.4377	-10.4491	-0.5559	0.3370	-0.3332	0.3678	-0.4984	0.1985	-0.7594	-0.0771	-0.0161	-0.0665	
-17.4496	-0.4045	-10.4838	-0.5560	0.3369	-0.3333	0.3445	-0.4857	0.1904	-0.7822	-0.0746	-0.0184	-0.0627	
-17.5061	-0.3709	-10.5181	-0.5560	0.3369	-0.3333	0.3017	-0.4766	0.1705	-0.8078	-0.0742	-0.0209	-0.0634	
-17.5647	-0.3354	-10.5547	-0.5562	0.3370	-0.3335	0.2608	-0.4650	0.1507	-0.8325	-0.0736	-0.0235	-0.0637	
-17.6185	-0.2963	-10.5844	-0.5561	0.3373	-0.3333	0.2312	-0.4444	0.1365	-0.8555	-0.0725	-0.0268	-0.0612	
-17.6739	-0.2608	-10.6124	-0.5561	0.3373	-0.3330	0.1980	-0.4231	0.1272	-0.8756	-0.0724	-0.0289	-0.0584	
-17.7313	-0.2268	-10.6479	-0.5561	0.3374	-0.3331	0.1543	-0.3923	0.1067	-0.9003	-0.0737	-0.0338	-0.0581	
-17.7887	-0.1958	-10.6786	-0.5562	0.3372	-0.3330	0.1254	-0.3755	0.0737	-0.9160	-0.0694	-0.0365	-0.0600	
-17.8412	-0.1630	-10.7110	-0.5561	0.3372	-0.3330	0.0799	-0.3527	0.0417	-0.9310	-0.0690	-0.0391	-0.0627	
-17.8968	-0.1398	-10.7446	-0.5561	0.3367	-0.3330	0.0400	-0.3320	0.0011	-0.9423	-0.0719	-0.0358	-0.0591	
-17.9501	-0.1067	-10.7785	-0.5560	0.3367	-0.3330	0.0057	0.3196	0.0251	0.9471	-0.0712	-0.0353	-0.0614	
-18.0063	-0.0755	-10.8106	-0.5560	0.3366	-0.3330	0.0443	0.3121	0.0501	0.9480	-0.0692	-0.0336	-0.0630	
-18.0615	-0.0381	-10.8398	-0.5560	0.3367	-0.3328	0.0850	0.3039	0.0779	0.9459	-0.0676	-0.0321	-0.0652	
-18.1130	-0.0061	-10.8760	-0.5558	0.3366	-0.3329	0.1062	0.2843	0.1075	0.9479	-0.0629	-0.0338	-0.0657	
-18.1671	0.0269	-10.9091	-0.5557	0.3366	-0.3329	0.1436	0.2698	0.1451	0.9410	-0.0608	-0.0335	-0.0695	
-18.2277	0.0607	-10.9444	-0.5560	0.3366	-0.3330	0.1696	0.2610	0.1872	0.9323	-0.0564	-0.0318	-0.0734	
-18.2806	0.0950	-10.9795	-0.5558	0.3367	-0.3331	0.2015	0.2499	0.2344	0.9176	-0.0534	-0.0303	-0.0785	
-18.3398	0.1272	-11.0154	-0.5560	0.3366	-0.3332	0.2280	0.2398	0.2670	0.9056	-0.0510	-0.0289	-0.0794	
-18.3986	0.1595	-11.0516	-0.5561	0.3365	-0.3333	0.2473	0.2401	0.3022	0.8898	-0.0476	-0.0248	-0.0807	
-18.4507	0.1962	-11.0886	-0.5560	0.3367	-0.3335	0.2723	0.2298	0.3255	0.8765	-0.0463	-0.0241	-0.0793	
-18.5078	0.2315	-11.1249	-0.5561	0.3367	-0.3336	0.3158	0.2292	0.3598	0.8471	-0.0488	-0.0201	-0.0822	
-18.5593	0.2646	-11.1628	-0.5559	0.3367	-0.3338	0.3487	0.2337	0.3958	0.8168	-0.0493	-0.0152	-0.0848	
-18.6198	0.2983	-11.1969	-0.5561	0.3367	-0.3339	0.3909	0.2246	0.4237	0.7851	-0.0517	-0.0142	-0.0861	
-18.6735	0.3366	-11.2300	-0.5560	0.3369	-0.3338	0.4197	0.2130	0.4510	0.7585	-0.0508	-0.0139	-0.0863	
-18.7296	0.3675	-11.2626	-0.5560	0.3368	-0.3338	0.4506	0.2205	0.4734	0.7245	-0.0527	-0.0094	-0.0856	
-18.7844	0.4032	-11.2910	-0.5560	0.3369	-0.3336	0.4857	0.2149	0.4805	0.6988	-0.0547	-0.0100	-0.0817	
-18.8386	0.4386	-11.3243	-0.5559	0.3370	-0.3336	0.5060	0.2131	0.4998	0.6707	-0.0534	-0.0080	-0.0804	
-18.8990	0.4715	-11.3555	-0.5561	0.3369	-0.3335	0.5376	0.2147	0.5247	0.6235	-0.0561	-0.0043	-0.0823	
-18.9519	0.5085	-11.3891	-0.5560	0.3371	-0.3335	0.5709	0.2168	0.5328	0.5862	-0.0591	-0.0035	-0.0799	
-19.0073	0.5474	-11.4229	-0.5560	0.3373	-0.3335	0.5981	0.2198	0.5365	0.5545	-0.0605	-0.0030	-0.0762	
-19.0627	0.5856	-11.4524	-0.5560	0.3375	-0.3334	0.6225	0.2348	0.5375	0.5198	-0.0632	-0.0004	-0.0719	
-19.1170	0.6180	-11.4886	-0.5559	0.3374	-0.3335	0.6558	0.2283	0.5367	0.4793	-0.0655	-0.0025	-0.0705	
-19.1744	0.6567	-11.5250	-0.5560	0.3377	-0.3336	0.6985	0.2167	0.5306	0.4275	-0.0703	-0.0060	-0.0704	
-19.2291	0.6874	-11.5594	-0.5560	0.3375	-0.3337	0.7364	0.2063	0.5140	0.3895	-0.0727	-0.0109	-0.0674	
-19.2798	0.7267	-11.5935	-0.5558	0.3378	-0.3337	0.7654	0.1856	0.5039	0.3559	-0.0714	-0.0154	-0.0663	
-19.3362	0.7630	-11.6278	-0.5558	0.3379	-0.3337	0.7930	0.1716	0.4958	0.3088	-0.0729	-0.0171	-0.0663	
-19.3887	0.7987	-11.6605	-0.5557	0.3380	-0.3337	0.8175	0.1582	0.4790	0.2812	-0.0713	-0.0208	-0.0634	
-19.4463	0.8333	-11.6926	-0.5558	0.3380	-0.3337	0.8416	0.1479	0.4514	0.2628	-0.0694	-0.0258	-0.0583	
-19.4975	0.8703	-11.7237	-0.5556	0.3381	-0.3336	0.8636	0.1379	0.4275	0.2306	-0.0696	-0.0288	-0.0555	
-19.5579	0.9043	-11.7604	-0.5558	0.3381	-0.3337	0.8882	0.1088	0.4041	0.1882	-0.0694	-0.0334	-0.0573	
-19.6172	0.9387	-11.7952	-0.5559	0.3382	-0.3338	0.9035	0.0844	0.3888	0.1638	-0.0656	-0.0353	-0.0572	
-19.6681	0.9706	-11.8258	-0.5557	0.3381	-0.3336	0.9230	0.0558	0.3585	0.1269	-0.0649	-0.0400	-0.0580	
-19.7160	1.0073	-11.8620	-0.5554	0.3382	-0.3338	0.9369	0.0270	0.3385	0.0760	-0.0660	-0.0412	-0.0608	
-19.7679	1.0348	-11.8974	-0.5553	0.3379	-0.3338	0.9436	0.0022	0.3295	0.0372	-0.0646	-0.0395	-0.0625	
-19.8256	1.0697	-11.9289	-0.5554	0.3380	-0.3338	0.9473	-0.0264	0.3186	-0.0087	-0.0645	-0.0381	-0.0652	
-19.8802	1.1027	-11.9624	-0.5553	0.3379	-0.3338	0.9542	-0.0545	0.2950	-0.0320	-0.0606	-0.0404	-0.0650	
-19.9394	1.1374	-11.9960	-0.5555	0.3380	-0.3338	0.9543	-0.0853	0.2867	-0.0491	-0.0552	-0.0389	-0.0661	
-19.9974	1.1690	-12.0309	-0.5556	0.3379	-0.3338	0.9546	-0.1135	0.2711	-0.0655	-0.0507	-0.0390	-0.0660	
-20.0549	1.2060	-12.0629	-0.5557	0.3380	-0.3338	0.9510	-0.1494	0.2487	-0.1033	-0.0502	-0.0399	-0.0688	
-20.1105	1.2379	-12.0978	-0.5557	0.3379	-0.3339	0.9398	-0.1899	0.2426	-0.1466	-0.0506	-0.0366	-0.0736	
-20.1671	1.2694	-12.1333	-0.5557	0.3379	-0.3339	0.9327	-0.2217	0.2325	-0.1678	-0.0472	-0.0350	-0.0744	
-20.2208	1.3021	-12.1680	-0.5556	0.3378	-0.3340	0.9202	-0.2527	0.2248	-0.1982	-0.0464	-0.0325	-0.0756	
-20.2737	1.3372	-12.2015	-0.5555	0.3379	-0.3340	0.9008	-0.2902	0.2143	-0.2400	-0.0476	-0.0304	-0.0791	
-20.3326	1.3710	-12.2349	-0.5557	0.3379	-0.3340	0.8768	-0.3333	0.1996	-0.2811	-0.0483	-0.0290	-0.0836	
-20.3854	1.4054	-12.2696	-0.5555	0.3379	-0.3341	0.8515	-0.3692	0.1882	-0.3202	-0.0493	-0.0272	-0.0860	
-20.4380	1.4405	-12.3061	-0.5554	0.3379	-0.3342	0.8259	-0.4068	0.1757	-0.3486	-0.0480	-0.0255	-0.0882	
-20.4934	1.4790	-12.3393	-0.5554	0.3381	-0.3342	0.7922	-0.4371	0.1746	-0.3880	-0.0508	-0.0217	-0.0895	
-20.5518	1.5101	-12.3753	-0.5555	0.3380	-0.3343	0.7539	-0.4656	0.1768	-0.4282	-0.0543	-0.0176	-0.0906	
-20.6071	1.5446	-12.4126	-0.5555	0.3381	-0.3344	0.7149	-0.4940	0.1658	-0.4653	-0.0559	-0.0166	-0.0919	
-20.6668	1.5789	-12.4411	-0.5557	0.3381	-0.3342	0.6768	-0.5102	0.1669	-0.5042	-0.0596	-0.0143	-0.0903	
-20.7203	1.6076	-12.4740	-0.5556	0.3379	-0.3342	0.6314	-0.5263	0.1708	-0.5433	-0.0638	-0.0115	-0.0895	
-20.7725	1.6392	-12.5061	-0.5555	0.3378	-0.3342	0.5860	-0.5469	0.1640	-0.5747	-0.0650	-0.0100	-0.0899	
-20.8302	1.6751	-12.5386	-0.5556	0.3379	-0.3341	0.5527	-0.5512	0.1684	-0.6037	-0.0664	-0.0089	-0.0855	
-20.8833	1.7112	-12.5729	-0.5555	0.3380	-0.3342	0.5071	-0.5576	0.1597	-0.6374	-0.0686	-0.0099	-0.0844	
-20.9422	1.7475	-12.6035	-0.5556	0.3381	-0.3340	0.4661	-0.5611	0.1648	-0.6648	-0.0707	-0.0084	-0.0813	
-20.9940	1.7771	-12.6366	-0.5554	0.3379	-0.3340	0.4268	-0.5498	0.1681	-0.6993	-0.0739	-0.0101	-0.0763	
-21.0538	1.8099	-12.6699	-0.5556	0.3379	-0.3340	0.3835	-0.5460	0.1651	-0.7267	-0.0753	-0.0108	-0.0740	
-21.1151	1.8500	-12.7027	-0.5558	0.3381	-0.3340	0.3505	-0.5338	0.1701	-0.7520	-0.0763	-0.0118	-0.0688	
-21.1679	1.8855	-12.7362	-0.5557	0.3382	-0.3340	0.3134	-0.5093	0.1729	-0.7837	-0.0790	-0.0154	-0.0634	
-21.2271	1.9217	-12.7706	-0.5559	0.3383	-0.3340	0.2835	-0.4954	0.1671	-0.8051	-0.0775	-0.0176	-0.0602	
-21.2861	1.9584	-12.8029	-0.5560	0.3384	-0.3340	0.2590	-0.4690	0.1678	-0.8291	-0.0770	-0.0212	-0.0547	
-21.3399	1.9932	-12.8380	-0.5559	0.3384	-0.3341	0.2242	-0.4453	0.1592	-0.8525	-0.0769	-0.0247	-0.0524	
-21.3982	2.0302	-12.8685	-0.5560	0.3385	-0.3340	0.1839	-0.4323	0.1415	-0.8714	-0.0757	-0.0262	-0.0535	
-21.4525	2.0623	-12.8987	-0.5560	0.3385	-0.3338	0.1457	-0.4171	0.1256	-0.8884	-0.0745	-0.0276	-0.0538	
-21.5055	2.0973	-12.9302	-0.5559	0.3385	-0.3338	0.0977	-0.3988	0.1025	-0.9057	-0.0745	-0.0298	-0.0560	
-21.5632	2.1310	-12.9623	-0.5560	0.3385	-0.3337	0.0626	-0.3855	0.0798	-0.9175	-0.0718	-0.0306	-0.0573	
-21.6186	2.1580	-12.9932	-0.5560	0.3382	-0.3336	0.0300	-0.3642	0.0574	-0.9294	-0.0744	-0.0274	-0.0571	
-21.6754	2.1934	-13.0215	-0.5560	0.3383	-0.3334	0.0013	0.3552	-0.0358	0.9348	-0.0710	-0.0270	-0.0579	
-21.7324	2.2310	-13.0545	-0.5561	0.3384	-0.3334	0.0317	0.3443	-0.0052	0.9390	-0.0670	-0.0273	-0.0604	
-21.7885	2.2614	-13.0861	-0.5561	0.3383	-0.3333	0.0777	0.3271	0.0284	0.9410	-0.0661	-0.0284	-0.0642	
-21.8428	2.2959	-13.1187	-0.5560	0.3383	-0.3333	0.1038	0.3091	0.0644	0.9438	-0.0617	-0.0301	-0.0666	
-21.8994	2.3369	-13.1574	-0.5561	0.3386	-0.3335	0.1298	0.3001	0.0996	0.9404	-0.0576	-0.0289	-0.0692	
-21.9563	2.3733	-13.1887	-0.5561	0.3387	-0.3334	0.1825	0.2791	0.1541	0.9293	-0.0573	-0.0298	-0.0773	
-22.0162	2.4054	-13.2205	-0.5563	0.3386	-0.3334	0.2226	0.2625	0.1930	0.9186	-0.0563	-0.0295	-0.0805	
-22.0722	2.4350	-13.2573	-0.5563	0.3385	-0.3335	0.2511	0.2326	0.2342	0.9101	-0.0532	-0.0323	-0.0830	
-22.1303	2.4711	-13.2886	-0.5564	0.3386	-0.3334	0.2700	0.2356	0.2700	0.8951	-0.0494	-0.0270	-0.0838	
-22.1866	2.5047	-13.3250	-0.5564	0.3386	-0.3335	0.2979	0.2167	0.3119	0.8757	-0.0472	-0.0267	-0.0868	
-22.2424	2.5392	-13.3603	-0.5564	0.3386	-0.3336	0.3291	0.2076	0.3560	0.8494	-0.0462	-0.0236	-0.0905	
-22.2978	2.5744	-13.3939	-0.5564	0.3386	-0.3336	0.3665	0.1928	0.3911	0.8215	-0.0472	-0.0225	-0.0922	
-22.3537	2.6077	-13.4244	-0.5564	0.3386	-0.3335	0.3963	0.1919	0.4242	0.7916	-0.0476	-0.0183	-0.0928	
-22.4106	2.6423	-13.4606	-0.5565	0.3386	-0.3336	0.4342	0.1911	0.4466	0.7589	-0.0507	-0.0152	-0.0916	
-22.4651	2.6767	-13.4943	-0.5564	0.3387	-0.3336	0.4492	0.1906	0.4770	0.7323	-0.0482	-0.0114	-0.0910	
-22.5202	2.7095	-13.5311	-0.5564	0.3386	-0.3338	0.4889	0.2008	0.4850	0.6979	-0.0535	-0.0082	-0.0868	
-22.5750	2.7411	-13.5654	-0.5564	0.3385	-0.3338	0.5185	0.1954	0.5014	0.6649	-0.0546	-0.0075	-0.0852	
-22.6295	2.7755	-13.5975	-0.5563	0.3385	-0.3338	0.5480	0.1958	0.5143	0.6305	-0.0564	-0.0059	-0.0829	
-22.6853	2.8135	-13.6283	-0.5563	0.3387	-0.3337	0.5715	0.2007	0.5257	0.5985	-0.0573	-0.0037	-0.0799	
-22.7431	2.8421	-13.6682	-0.5564	0.3385	-0.3339	0.6005	0.1938	0.5336	0.5635	-0.0585	-0.0044	-0.0780	
-22.8007	2.8793	-13.7035	-0.5565	0.3386	-0.3340	0.6345	0.1898	0.5384	0.5210	-0.0618	-0.0050	-0.0765	
-22.8578	2.9110	-13.7357	-0.5565	0.3386	-0.3339	0.6681	0.1906	0.5318	0.4853	-0.0651	-0.0064	-0.0723	
-22.9137	2.9493	-13.7725	-0.5565	0.3387	-0.3340	0.6973	0.1869	0.5248	0.4524	-0.0664	-0.0085	-0.0686	
-22.9712	2.9851	-13.8065	-0.5566	0.3388	-0.3341	0.7279	0.1773	0.5166	0.4150	-0.0679	-0.0113	-0.0663	
-23.0255	3.0207	-13.8405	-0.5566	0.3388	-0.3341	0.7555	0.1697	0.5191	0.3603	-0.0710	-0.0108	-0.0675	
-23.0814	3.0538	-13.8740	-0.5566	0.3388	-0.3341	0.7844	0.1563	0.5088	0.3185	-0.0719	-0.0139	-0.0663	
-23.1376	3.0872	-13.9069	-0.5566	0.3388	-0.3341	0.8086	0.1388	0.4972	0.2838	-0.0707	-0.0175	-0.0650	
-23.1926	3.1217	-13.9456	-0.5566	0.3388	-0.3343	0.8275	0.1315	0.4861	0.2506	-0.0700	-0.0188	-0.0622	
-23.2449	3.1550	-13.9766	-0.5564	0.3388	-0.3342	0.8473	0.1265	0.4712	0.2113	-0.0710	-0.0201	-0.0597	
-23.3009	3.1874	-14.0096	-0.5565	0.3388	-0.3342	0.8681	0.1146	0.4488	0.1821	-0.0698	-0.0241	-0.0569	
-23.3561	3.2199	-14.0425	-0.5564	0.3387	-0.3341	0.8896	0.0955	0.4219	0.1489	-0.0687	-0.0290	-0.0558	
-23.4074	3.2511	-14.0753	-0.5563	0.3386	-0.3341	0.9115	0.0903	0.3865	0.1101	-0.0709	-0.0335	-0.0521	
-23.4618	3.2878	-14.1063	-0.5562	0.3387	-0.3340	0.9302	0.0624	0.3533	0.0839	-0.0674	-0.0394	-0.0524	
-23.5152	3.3258	-14.1409	-0.5562	0.3389	-0.3341	0.9392	0.0310	0.3390	0.0445	-0.0653	-0.0396	-0.0560	
-23.5725	3.3574	-14.1742	-0.5562	0.3388	-0.3341	0.9462	0.0063	0.3247	0.0156	-0.0622	-0.0394	-0.0572	
-23.6290	3.3894	-14.2065	-0.5563	0.3387	-0.3340	0.9514	-0.0191	0.3078	-0.0162	-0.0602	-0.0395	-0.0584	
-23.6843	3.4261	-14.2413	-0.5562	0.3388	-0.3341	0.9545	-0.0424	0.2864	-0.0649	-0.0619	-0.0397	-0.0601	
-23.7406	3.4599	-14.2748	-0.5563	0.3388	-0.3341	0.9525	-0.0871	0.2773	-0.0959	-0.0576	-0.0382	-0.0659	
-23.8001	3.4907	-14.3070	-0.5564	0.3387	-0.3341	0.9461	-0.1309	0.2645	-0.1331	-0.0554	-0.0368	-0.0712	
-23.8591	3.5256	-14.3361	-0.5565	0.3387	-0.3339	0.9411	-0.1695	0.2468	-0.1591	-0.0519	-0.0368	-0.0738	
-23.9138	3.5580	-14.3660	-0.5565	0.3387	-0.3338	0.9329	-0.2013	0.2374	-0.1843	-0.0493	-0.0347	-0.0749	
-23.9695	3.5927	-14.4022	-0.5565	0.3387	-0.3339	0.9188	-0.2379	0.2255	-0.2194	-0.0487	-0.0328	-0.0777	
-24.0202	3.6255	-14.4338	-0.5563	0.3387	-0.3338	0.9050	-0.2669	0.2149	-0.2526	-0.0484	-0.0309	-0.0783	
-24.0747	3.6583	-14.4668	-0.5563	0.3386	-0.3338	0.8888	-0.2942	0.2091	-0.2837	-0.0482	-0.0280	-0.0786	
-24.1299	3.6970	-14.5016	-0.5563	0.3388	-0.3339	0.8693	-0.3313	0.2016	-0.3075	-0.0460	-0.0252	-0.0808	
-24.1879	3.7342	-14.5354	-0.5563	0.3389	-0.3339	0.8513	-0.3589	0.1954	-0.3307	-0.0446	-0.0228	-0.0805	
-24.2435	3.7674	-14.5698	-0.5563	0.3389	-0.3339	0.8130	-0.3995	0.1763	-0.3827	-0.0490	-0.0223	-0.0858	
-24.2994	3.8016	-14.6019	-0.5564	0.3389	-0.3339	0.7843	-0.4237	0.1763	-0.4179	-0.0511	-0.0188	-0.0854	
-24.3542	3.8369	-14.6326	-0.5563	0.3390	-0.3338	0.7470	-0.4540	0.1848	-0.4495	-0.0532	-0.0129	-0.0867	
-24.4088	3.8699	-14.6650	-0.5563	0.3389	-0.3337	0.7185	-0.4740	0.1772	-0.4778	-0.0533	-0.0121	-0.0853	
-24.4681	3.9019	-14.6990	-0.5564	0.3389	-0.3338	0.6783	-0.4885	0.1834	-0.5176	-0.0582	-0.0092	-0.0839	
-24.5192	3.9362	-14.7330	-0.5563	0.3389	-0.3338	0.6357	-0.5056	0.1719	-0.5567	-0.0611	-0.0097	-0.0842	
-24.5746	3.9709	-14.7686	-0.5563	0.3389	-0.3339	0.5831	-0.5233	0.1691	-0.5970	-0.0658	-0.0081	-0.0852	
-24.6363	4.0052	-14.7992	-0.5565	0.3389	-0.3338	0.5445	-0.5313	0.1757	-0.6258	-0.0679	-0.0058	-0.0821	
-24.6941	4.0416	-14.8312	-0.5565	0.3390	-0.3337	0.5086	-0.5353	0.1784	-0.6515	-0.0689	-0.0050	-0.0787	
-24.7531	4.0763	-14.8628	-0.5566	0.3390	-0.3337	0.4664	-0.5439	0.1910	-0.6719	-0.0705	-0.0011	-0.0760	
-24.8083	4.1065	-14.8985	-0.5566	0.3389	-0.3337	0.4184	-0.5374	0.1863	-0.7081	-0.0741	-0.0038	-0.0738	
-24.8663	4.1406	-14.9338	-0.5567	0.3389	-0.3338	0.3762	-0.5257	0.1686	-0.7445	-0.0754	-0.0095	-0.0720	
-24.9253	4.1727	-14.9694	-0.5568	0.3388	-0.3339	0.3387	-0.5184	0.1590	-0.7696	-0.0751	-0.0118	-0.0697	
-24.9764	4.2057	-15.0035	-0.5567	0.3388	-0.3339	0.3034	-0.5014	0.1487	-0.7974	-0.0753	-0.0158	-0.0664	
-25.0307	4.2429	-15.0380	-0.5566	0.3389	-0.3339	0.2671	-0.4864	0.1461	-0.8197	-0.0759	-0.0175	-0.0629	
-25.0862	4.2756	-15.0718	-0.5566	0.3389	-0.3339	0.2212	-0.4741	0.1266	-0.8426	-0.0758	-0.0203	-0.0635	
-25.1401	4.3088	-15.1078	-0.5566	0.3389	-0.3340	0.1628	-0.4614	0.1085	-0.8646	-0.0779	-0.0221	-0.0652	
-25.1934	4.3428	-15.1425	-0.5565	0.3389	-0.3341	0.1253	-0.4386	0.1052	-0.8844	-0.0786	-0.0244	-0.0614	
-25.2465	4.3757	-15.1785	-0.5564	0.3388	-0.3342	0.0858	-0.4196	0.0973	-0.8988	-0.0784	-0.0258	-0.0594	
-25.3040	4.4088	-15.2144	-0.5565	0.3388	-0.3342	0.0569	-0.3942	0.0676	-0.9157	-0.0830	-0.0198	-0.0588	
-25.3573	4.4461	-15.2455	-0.5564	0.3389	-0.3342	0.0158	-0.3744	0.0512	-0.9261	-0.0824	-0.0223	-0.0579	
-25.4157	4.4783	-15.2809	-0.5565	0.3389	-0.3342	0.0290	0.3633	-0.0286	0.9309	-0.0834	-0.0199	-0.0580	
-25.4685	4.5149	-15.3160	-0.5564	0.3390	-0.3343	0.0702	0.3421	-0.0140	0.9373	-0.0822	-0.0194	-0.0600	
-25.5258	4.5485	-15.3503	-0.5564	0.3389	-0.3343	0.1102	0.3241	0.0096	0.9399	-0.0800	-0.0186	-0.0630	
-25.5800	4.5839	-15.3862	-0.5564	0.3390	-0.3344	0.1462	0.3032	0.0347	0.9416	-0.0762	-0.0195	-0.0661	
-25.6367	4.6154	-15.4184	-0.5564	0.3389	-0.3344	0.1848	0.2918	0.0709	0.9360	-0.0730	-0.0170	-0.0711	
-25.6961	4.6512	-15.4551	-0.5565	0.3390	-0.3345	0.2177	0.2863	0.1111	0.9269	-0.0686	-0.0129	-0.0758	
-25.7527	4.6827	-15.4909	-0.5566	0.3389	-0.3345	0.2468	0.2711	0.1594	0.9171	-0.0628	-0.0123	-0.0821	
-25.8100	4.7176	-15.5218	-0.5566	0.3389	-0.3345	0.2731	0.2567	0.1925	0.9075	-0.0584	-0.0127	-0.0826	
-25.8695	4.7532	-15.5572	-0.5567	0.3390	-0.3345	0.3008	0.2599	0.2338	0.8877	-0.0557	-0.0074	-0.0849	
-25.9241	4.7879	-15.5948	-0.5567	0.3390	-0.3346	0.3260	0.2409	0.2647	0.8756	-0.0523	-0.0096	-0.0846	
-25.9813	4.8216	-15.6294	-0.5568	0.3390	-0.3347	0.3476	0.2323	0.3187	0.8507	-0.0484	-0.0068	-0.0901	
-26.0353	4.8549	-15.6639	-0.5567	0.3390	-0.3347	0.3751	0.2282	0.3526	0.8265	-0.0477	-0.0047	-0.0902	
-26.0904	4.8872	-15.6983	-0.5567	0.3389	-0.3347	0.3949	0.2240	0.3931	0.7998	-0.0453	-0.0021	-0.0917	
-26.1432	4.9202	-15.7341	-0.5566	0.3389	-0.3348	0.4062	0.2140	0.4312	0.7774	-0.0411	-0.0011	-0.0921	
-26.1978	4.9539	-15.7682	-0.5566	0.3389	-0.3348	0.4417	0.2063	0.4471	0.7506	-0.0440	-0.0020	-0.0890	
-26.2533	4.9892	-15.8003	-0.5566	0.3389	-0.3348	0.4633	0.1977	0.4748	0.7219	-0.0433	-0.0013	-0.0886	
-26.3089	5.0214	-15.8350	-0.5566	0.3389	-0.3348	0.4959	0.1907	0.4920	0.6900	-0.0459	-0.0016	-0.0867	
-26.3647	5.0569	-15.8653	-0.5566	0.3389	-0.3347	0.5247	0.1976	0.5027	0.6592	-0.0488	0.0003	-0.0828	
-26.4159	5.0916	-15.8998	-0.5564	0.3390	-0.3348	0.5535	0.2037	0.5120	0.6253	-0.0518	0.0018	-0.0794	
-26.4687	5.1257	-15.9326	-0.5563	0.3390	-0.3347	0.5808	0.2019	0.5105	0.6031	-0.0530	-0.0001	-0.0740	
-26.5281	5.1572	-15.9680	-0.5564	0.3389	-0.3348	0.6051	0.1992	0.5300	0.5592	-0.0547	0.0019	-0.0750	
-26.5828	5.1876	-16.0012	-0.5564	0.3388	-0.3348	0.6331	0.1978	0.5334	0.5257	-0.0567	0.0009	-0.0722	
-26.6401	5.2187	-16.0334	-0.5565	0.3387	-0.3348	0.6618	0.2002	0.5407	0.4787	-0.0606	0.0020	-0.0714	
-26.6956	5.2537	-16.0639	-0.5565	0.3387	-0.3347	0.6927	0.2027	0.5408	0.4318	-0.0648	0.0018	-0.0696	
-26.7533	5.2899	-16.0968	-0.5565	0.3388	-0.3346	0.7192	0.1998	0.5463	0.3788	-0.0680	0.0022	-0.0700	
-26.8077	5.3196	-16.1328	-0.5565	0.3387	-0.3347	0.7475	0.1859	0.5384	0.3433	-0.0679	-0.0023	-0.0680	
-26.8612	5.3545	-16.1680	-0.5564	0.3387	-0.3348	0.7778	0.1852	0.5228	0.2960	-0.0719	-0.0052	-0.0649	
-26.9158	5.3903	-16.2010	-0.5564	0.3388	-0.3348	0.8079	0.1676	0.5011	0.2642	-0.0712	-0.0120	-0.0623	
-26.9702	5.4239	-16.2352	-0.5564	0.3388	-0.3348	0.8319	0.1493	0.4864	0.2216	-0.0713	-0.0157	-0.0623	
-27.0280	5.4608	-16.2721	-0.5564	0.3389	-0.3349	0.8580	0.1132	0.4710	0.1689	-0.0711	-0.0208	-0.0662	
-27.0828	5.4949	-16.3059	-0.5564	0.3389	-0.3349	0.8874	0.0912	0.4335	0.1320	-0.0714	-0.0289	-0.0639	
-27.1361	5.5272	-16.3383	-0.5563	0.3388	-0.3349	0.9068	0.0858	0.4036	0.0889	-0.0738	-0.0318	-0.0605	
-27.1900	5.5628	-16.3744	-0.5563	0.3389	-0.3349	0.9154	0.0633	0.3953	0.0459	-0.0721	-0.0309	-0.0624	
-27.2435	5.5977	-16.4044	-0.5562	0.3389	-0.3348	0.9266	0.0529	0.3754	0.0255	-0.0687	-0.0326	-0.0589	
-27.3011	5.6319	-16.4385	-0.5563	0.3389	-0.3349	0.9363	0.0257	0.3516	-0.0040	-0.0653	-0.0355	-0.0598	
-27.3562	5.6688	-16.4729	-0.5562	0.3390	-0.3349	0.9405	0.0008	0.3378	-0.0403	-0.0635	-0.0350	-0.0614	
-27.4115	5.7025	-16.5040	-0.5562	0.3390	-0.3348	0.9467	-0.0366	0.3071	-0.0848	-0.0627	-0.0384	-0.0652	
-27.4662	5.7358	-16.5399	-0.5562	0.3390	-0.3349	0.9495	-0.0727	0.2914	-0.1027	-0.0565	-0.0387	-0.0673	
-27.5224	5.7703	-16.5747	-0.5562	0.3390	-0.3349	0.9474	-0.1048	0.2760	-0.1280	-0.0530	-0.0380	-0.0689	
-27.5813	5.8041	-16.6079	-0.5563	0.3390	-0.3349	0.9399	-0.1441	0.2644	-0.1614	-0.0510	-0.0360	-0.0727	
-27.6341	5.8423	-16.6441	-0.5562	0.3391	-0.3350	0.9317	-0.1753	0.2464	-0.2002	-0.0511	-0.0354	-0.0744	
-27.6922	5.8753	-16.6786	-0.5563	0.3391	-0.3350	0.9147	-0.2193	0.2400	-0.2394	-0.0504	-0.0315	-0.0794	
-27.7466	5.9097	-16.7111	-0.5563	0.3391	-0.3350	0.8970	-0.2585	0.2178	-0.2827	-0.0511	-0.0315	-0.0829	
-27.8037	5.9429	-16.7426	-0.5563	0.3391	-0.3349	0.8831	-0.2885	0.2131	-0.3055	-0.0487	-0.0281	-0.0828	
