-0.6844	-9.3321	0.3887	0.0000	0.0000	0.0000	0.8096	-0.3581	-0.4513	-0.1125	0.0000	0.0000	0.0000	
-0.3665	-10.0569	0.2810	0.0315	-0.0718	-0.0107	0.8516	-0.3561	-0.3892	-0.0658	0.0085	0.0342	0.0010	
-0.4049	-10.3400	0.2728	0.0170	-0.1419	-0.0114	0.8545	-0.2990	-0.4305	-0.0508	0.0417	-0.0272	0.0343	
-0.4361	-10.5264	0.1409	0.0076	-0.2170	-0.0690	0.8422	-0.3403	-0.4274	-0.0310	0.0156	-0.0100	-0.0155	
-0.4458	-10.6459	0.1077	0.0017	-0.2786	-0.0860	0.8683	-0.3382	-0.3706	-0.0213	0.0040	0.0462	-0.0043	
-0.4239	-10.7072	-0.0426	0.0189	-0.3069	-0.1924	0.8729	-0.3342	-0.3557	-0.0530	-0.0160	0.0335	0.0090	
-0.4252	-10.8037	-0.1716	0.0214	-0.3679	-0.2901	0.8853	-0.3319	-0.3259	-0.0261	-0.0051	0.0449	0.0096	
-0.4154	-10.8947	-0.2703	0.0290	-0.4228	-0.3566	0.8958	-0.3368	-0.2893	-0.0135	-0.0066	0.0529	0.0071	
-0.4741	-10.9403	-0.3290	-0.0380	-0.4273	-0.3773	0.9132	-0.3111	-0.2629	-0.0698	-0.0261	0.0466	0.0262	
-0.5260	-10.9048	-0.4377	-0.0894	-0.3482	-0.4440	0.9203	-0.3298	-0.2107	-0.0443	-0.0243	0.0589	0.0147	
-0.5795	-10.9810	-0.5624	-0.1422	-0.3944	-0.5163	0.9151	-0.3531	-0.1959	-0.0463	-0.0251	0.0539	0.0023	
-0.6286	-10.9473	-0.6770	-0.1865	-0.3246	-0.5720	0.9194	-0.3611	-0.1401	-0.0635	-0.0352	0.0598	0.0036	
-0.6644	-10.9404	-0.8481	-0.2033	-0.2875	-0.6785	0.9245	-0.3578	-0.1005	-0.0831	-0.0403	0.0598	0.0081	
-0.7517	-10.9815	-0.9178	-0.2657	-0.2995	-0.6787	0.9258	-0.3590	-0.0720	-0.0960	-0.0410	0.0579	0.0077	
-0.8562	-11.0292	-1.0726	-0.3298	-0.3163	-0.7540	0.9247	-0.3738	-0.0439	-0.0743	-0.0343	0.0588	0.0016	
-0.9302	-10.9433	-1.2181	-0.3686	-0.2187	-0.8081	0.9172	-0.3916	-0.0056	-0.0737	-0.0351	0.0602	-0.0032	
-1.0479	-10.8979	-1.3735	-0.4217	-0.1620	-0.8736	0.9281	-0.3667	0.0260	-0.0703	-0.0334	0.0596	0.0058	
-1.0806	-10.8682	-1.4612	-0.4041	-0.1244	-0.8790	0.9343	-0.3519	0.0442	-0.0574	-0.0276	0.0574	0.0090	
-1.1869	-10.8507	-1.6371	-0.4513	-0.1033	-0.9433	0.9296	-0.3609	0.0711	-0.0411	-0.0240	0.0577	0.0051	
-1.3167	-10.8474	-1.6672	-0.5122	-0.0945	-0.8966	0.9241	-0.3699	0.0953	-0.0318	-0.0217	0.0573	0.0014	
-1.4518	-10.8436	-1.7645	-0.5689	-0.0856	-0.9017	0.9226	-0.3697	0.1097	-0.0384	-0.0220	0.0536	0.0014	
-1.5647	-10.8549	-1.9030	-0.6067	-0.0884	-0.9320	0.9133	-0.3795	0.1450	-0.0286	-0.0212	0.0557	-0.0016	
-1.6693	-10.8386	-2.0225	-0.6359	-0.0734	-0.9468	0.9009	-0.3916	0.1854	-0.0189	-0.0210	0.0587	-0.0050	
-1.7865	-10.7800	-2.0705	-0.6653	-0.0333	-0.9202	0.9024	-0.3868	0.1946	-0.0131	-0.0186	0.0546	-0.0035	
-1.8926	-10.7713	-2.1472	-0.6874	-0.0266	-0.9116	0.8943	-0.3907	0.2189	0.0015	-0.0160	0.0549	-0.0048	
-1.9611	-10.7512	-2.2495	-0.6866	-0.0138	-0.9182	0.8875	-0.3887	0.2472	0.0095	-0.0153	0.0553	-0.0043	
-2.0255	-10.7346	-2.3757	-0.6831	-0.0042	-0.9376	0.8796	-0.3876	0.2747	0.0268	-0.0129	0.0562	-0.0040	
-2.1137	-10.7413	-2.5214	-0.6945	-0.0076	-0.9642	0.8639	-0.3967	0.3084	0.0305	-0.0135	0.0576	-0.0066	
-2.2606	-10.7390	-2.6667	-0.7341	-0.0065	-0.9889	0.8469	-0.4109	0.3350	0.0435	-0.0117	0.0581	-0.0101	
-2.3846	-10.7259	-2.7615	-0.7581	-0.0003	-0.9873	0.8310	-0.4130	0.3664	0.0669	-0.0090	0.0605	-0.0107	
-2.5266	-10.6801	-2.8397	-0.7891	0.0212	-0.9775	0.8132	-0.4201	0.3946	0.0801	-0.0081	0.0614	-0.0127	
-2.6430	-10.6684	-2.9363	-0.8066	0.0256	-0.9764	0.7896	-0.4298	0.4296	0.0827	-0.0094	0.0632	-0.0156	
-2.7178	-10.6591	-3.0351	-0.8041	0.0288	-0.9767	0.7709	-0.4342	0.4579	0.0862	-0.0097	0.0633	-0.0165	
-2.7819	-10.6570	-3.1120	-0.7971	0.0284	-0.9681	0.7610	-0.4401	0.4680	0.0984	-0.0065	0.0601	-0.0161	
-2.8833	-10.6857	-3.1954	-0.8067	0.0150	-0.9626	0.7415	-0.4501	0.4859	0.1090	-0.0044	0.0593	-0.0176	
-2.9847	-10.6423	-3.2872	-0.8149	0.0324	-0.9605	0.7151	-0.4606	0.5144	0.1081	-0.0058	0.0602	-0.0208	
-3.0457	-10.6283	-3.3864	-0.8064	0.0368	-0.9620	0.6910	-0.4632	0.5404	0.1251	-0.0038	0.0619	-0.0206	
-3.1881	-10.5923	-3.4640	-0.8305	0.0493	-0.9548	0.6663	-0.4850	0.5528	0.1273	-0.0022	0.0596	-0.0249	
-3.2860	-10.5418	-3.5924	-0.8358	0.0669	-0.9676	0.6295	-0.5023	0.5755	0.1405	0.0004	0.0616	-0.0285	
-3.3918	-10.5410	-3.7043	-0.8441	0.0643	-0.9736	0.6090	-0.4942	0.5981	0.1664	0.0022	0.0629	-0.0244	
-3.4424	-10.5090	-3.7816	-0.8317	0.0736	-0.9664	0.5871	-0.4923	0.6165	0.1823	0.0033	0.0631	-0.0228	
-3.5353	-10.5091	-3.8429	-0.8355	0.0707	-0.9540	0.5735	-0.4951	0.6224	0.1999	0.0059	0.0604	-0.0205	
-3.6581	-10.5115	-3.9470	-0.8493	0.0674	-0.9570	0.5458	-0.5065	0.6327	0.2131	0.0083	0.0596	-0.0218	
-3.7953	-10.4799	-4.0687	-0.8670	0.0759	-0.9662	0.5115	-0.5234	0.6401	0.2340	0.0129	0.0599	-0.0238	
-3.8704	-10.5065	-4.1902	-0.8636	0.0647	-0.9744	0.4876	-0.5262	0.6486	0.2550	0.0151	0.0598	-0.0215	
-3.9662	-10.4990	-4.2624	-0.8666	0.0650	-0.9662	0.4535	-0.5346	0.6597	0.2702	0.0169	0.0606	-0.0229	
-4.0540	-10.4856	-4.3453	-0.8669	0.0669	-0.9618	0.4351	-0.5256	0.6755	0.2810	0.0144	0.0597	-0.0207	
-4.1607	-10.4900	-4.4696	-0.8732	0.0636	-0.9706	0.4009	-0.5236	0.6902	0.2971	0.0147	0.0614	-0.0204	
-4.2816	-10.4653	-4.5562	-0.8834	0.0688	-0.9677	0.3743	-0.5011	0.7069	0.3310	0.0141	0.0647	-0.0147	
-4.3781	-10.4078	-4.6208	-0.8859	0.0837	-0.9582	0.3592	-0.5024	0.7018	0.3570	0.0175	0.0620	-0.0117	
-4.4730	-10.3766	-4.7096	-0.8876	0.0904	-0.9562	0.3316	-0.5043	0.7064	0.3699	0.0186	0.0610	-0.0125	
-4.5863	-10.3568	-4.7824	-0.8945	0.0932	-0.9498	0.2977	-0.4943	0.7173	0.3901	0.0185	0.0630	-0.0118	
-4.6849	-10.3661	-4.8777	-0.8974	0.0882	-0.9499	0.2665	-0.4858	0.7180	0.4211	0.0205	0.0651	-0.0082	
-4.7512	-10.3751	-5.0039	-0.8914	0.0836	-0.9583	0.2562	-0.4805	0.7096	0.4489	0.0214	0.0632	-0.0029	
-4.8373	-10.3790	-5.1086	-0.8906	0.0804	-0.9606	0.2265	-0.4790	0.7089	0.4656	0.0227	0.0630	-0.0032	
-4.9028	-10.3728	-5.2237	-0.8844	0.0801	-0.9658	0.1901	-0.4727	0.7101	0.4856	0.0240	0.0649	-0.0032	
-5.0223	-10.3318	-5.3155	-0.8926	0.0888	-0.9647	0.1625	-0.4635	0.7013	0.5166	0.0261	0.0657	0.0003	
-5.1093	-10.3120	-5.4091	-0.8921	0.0916	-0.9640	0.1337	-0.4503	0.6970	0.5417	0.0264	0.0668	0.0024	
-5.1907	-10.2750	-5.4948	-0.8902	0.0986	-0.9614	0.1121	-0.4271	0.6897	0.5741	0.0252	0.0683	0.0072	
-5.2814	-10.2484	-5.5565	-0.8905	0.1026	-0.9527	0.1005	-0.4163	0.6782	0.5982	0.0248	0.0655	0.0103	
-5.3539	-10.2436	-5.6512	-0.8864	0.1014	-0.9525	0.0677	-0.4066	0.6708	0.6164	0.0261	0.0662	0.0099	
-5.4297	-10.2178	-5.7363	-0.8834	0.1051	-0.9501	0.0418	-0.3816	0.6613	0.6442	0.0250	0.0682	0.0130	
-5.5338	-10.1987	-5.8433	-0.8871	0.1071	-0.9531	0.0153	-0.3645	0.6436	0.6726	0.0238	0.0673	0.0096	
-5.6071	-10.1865	-5.9255	-0.8834	0.1074	-0.9499	-0.0014	0.3386	-0.6412	-0.6892	0.0198	0.0665	0.0110	
-5.6673	-10.1865	-6.0064	-0.8769	0.1050	-0.9464	0.0060	0.3154	-0.6257	-0.7141	0.0175	0.0654	0.0156	
-5.7601	-10.1925	-6.0857	-0.8781	0.1013	-0.9428	0.0237	0.2927	-0.6009	-0.7434	0.0178	0.0663	0.0207	
-5.8742	-10.1658	-6.1716	-0.8839	0.1050	-0.9410	0.0288	0.2699	-0.5911	-0.7602	0.0144	0.0641	0.0223	
-5.9731	-10.1345	-6.2674	-0.8862	0.1095	-0.9415	0.0513	0.2474	-0.5780	-0.7758	0.0145	0.0647	0.0227	
-6.0546	-10.1090	-6.3628	-0.8847	0.1126	-0.9418	0.0593	0.2171	-0.5688	-0.7914	0.0107	0.0643	0.0238	
-6.1222	-10.1057	-6.4778	-0.8803	0.1110	-0.9462	0.0859	0.1980	-0.5570	-0.8020	0.0120	0.0649	0.0227	
-6.2043	-10.1083	-6.5765	-0.8791	0.1082	-0.9469	0.1005	0.1592	-0.5442	-0.8174	0.0084	0.0670	0.0239	
-6.2769	-10.1016	-6.6674	-0.8758	0.1074	-0.9461	0.1098	0.1228	-0.5299	-0.8319	0.0048	0.0677	0.0252	
-6.3794	-10.0737	-6.7728	-0.8790	0.1109	-0.9484	0.1233	0.0941	-0.5109	-0.8455	0.0039	0.0681	0.0267	
-6.4584	-10.0614	-6.8823	-0.8771	0.1112	-0.9514	0.1345	0.0698	-0.4948	-0.8559	0.0030	0.0672	0.0272	
-6.5351	-10.0432	-6.9837	-0.8749	0.1126	-0.9526	0.1234	0.0440	-0.4742	-0.8715	-0.0015	0.0643	0.0300	
-6.6240	-10.0065	-7.0772	-0.8751	0.1176	-0.9523	0.1250	0.0143	-0.4578	-0.8803	-0.0041	0.0634	0.0305	
-6.7015	-10.0177	-7.1820	-0.8731	0.1132	-0.9541	0.1268	-0.0046	-0.4508	-0.8844	-0.0055	0.0606	0.0282	
-6.8138	-10.0051	-7.2869	-0.8780	0.1135	-0.9559	0.1253	-0.0312	-0.4251	-0.8960	-0.0076	0.0601	0.0310	
-6.9064	-9.9781	-7.3658	-0.8789	0.1164	-0.9528	0.1296	-0.0696	-0.4227	-0.8946	-0.0106	0.0608	0.0270	
-6.9909	-9.9858	-7.4653	-0.8782	0.1128	-0.9535	0.1254	-0.0885	-0.4042	-0.9022	-0.0120	0.0582	0.0280	
-7.0686	-9.9797	-7.5451	-0.8762	0.1118	-0.9506	0.1280	-0.1193	-0.3996	-0.9001	-0.0137	0.0578	0.0246	
-7.1564	-9.9833	-7.6475	-0.8762	0.1092	-0.9519	0.1250	-0.1457	-0.3881	-0.9016	-0.0155	0.0567	0.0236	
-7.2429	-9.9599	-7.7364	-0.8760	0.1114	-0.9508	0.1317	-0.1704	-0.3787	-0.9003	-0.0150	0.0561	0.0221	
-7.3392	-9.9342	-7.8296	-0.8776	0.1140	-0.9505	0.1259	-0.1941	-0.3705	-0.8999	-0.0168	0.0545	0.0207	
-7.4254	-9.9069	-7.9087	-0.8773	0.1167	-0.9478	0.1271	-0.2253	-0.3575	-0.8973	-0.0180	0.0550	0.0201	
-7.5184	-9.8987	-8.0003	-0.8782	0.1161	-0.9472	0.1343	-0.2529	-0.3346	-0.8977	-0.0178	0.0556	0.0221	
-7.6217	-9.8902	-8.0916	-0.8809	0.1156	-0.9466	0.1382	-0.2792	-0.3318	-0.8908	-0.0174	0.0555	0.0187	
-7.7171	-9.8914	-8.1760	-0.8821	0.1134	-0.9448	0.1352	-0.3140	-0.3298	-0.8801	-0.0191	0.0566	0.0147	
-7.8011	-9.8772	-8.2916	-0.8814	0.1139	-0.9484	0.1398	-0.3436	-0.3182	-0.8724	-0.0190	0.0573	0.0140	
-7.8819	-9.8653	-8.4009	-0.8802	0.1141	-0.9507	0.1345	-0.3818	-0.3059	-0.8615	-0.0216	0.0590	0.0127	
-7.9628	-9.8485	-8.4812	-0.8790	0.1149	-0.9483	0.1372	-0.4078	-0.3018	-0.8510	-0.0207	0.0584	0.0106	
-8.0603	-9.8365	-8.5823	-0.8806	0.1150	-0.9494	0.1285	-0.4269	-0.2946	-0.8458	-0.0217	0.0559	0.0097	
-8.1391	-9.8106	-8.6779	-0.8791	0.1173	-0.9494	0.1351	-0.4710	-0.2945	-0.8204	-0.0210	0.0603	0.0054	
-8.2395	-9.7837	-8.7895	-0.8811	0.1197	-0.9522	0.1401	-0.4900	-0.2919	-0.8099	-0.0190	0.0588	0.0045	
-8.3377	-9.7759	-8.8962	-0.8827	0.1191	-0.9540	0.1450	-0.5160	-0.2889	-0.7933	-0.0176	0.0592	0.0028	
-8.4373	-9.7592	-8.9768	-0.8845	0.1198	-0.9517	0.1568	-0.5307	-0.2861	-0.7829	-0.0142	0.0575	0.0027	
-8.5228	-9.7454	-9.0708	-0.8841	0.1201	-0.9515	0.1664	-0.5558	-0.2817	-0.7642	-0.0124	0.0583	0.0018	
-8.5993	-9.7420	-9.1556	-0.8822	0.1187	-0.9499	0.1641	-0.5808	-0.2724	-0.7494	-0.0137	0.0581	0.0012	
-8.6951	-9.7159	-9.2469	-0.8834	0.1209	-0.9494	0.1579	-0.6027	-0.2728	-0.7334	-0.0144	0.0572	-0.0010	
-8.7840	-9.6893	-9.3362	-0.8835	0.1230	-0.9485	0.1529	-0.6296	-0.2748	-0.7105	-0.0147	0.0580	-0.0041	
-8.8668	-9.6901	-9.4271	-0.8826	0.1211	-0.9479	0.1528	-0.6552	-0.2774	-0.6858	-0.0136	0.0590	-0.0067	
-8.9525	-9.6744	-9.5230	-0.8822	0.1216	-0.9481	0.1538	-0.6761	-0.2753	-0.6660	-0.0130	0.0586	-0.0074	
-9.0420	-9.6654	-9.6222	-0.8824	0.1212	-0.9487	0.1551	-0.7072	-0.2640	-0.6367	-0.0139	0.0614	-0.0078	
-9.1250	-9.6530	-9.7061	-0.8816	0.1212	-0.9471	0.1571	-0.7299	-0.2652	-0.6101	-0.0124	0.0621	-0.0094	
-9.2194	-9.6319	-9.7946	-0.8825	0.1224	-0.9463	0.1594	-0.7441	-0.2754	-0.5882	-0.0095	0.0607	-0.0113	
-9.3154	-9.6239	-9.8790	-0.8836	0.1218	-0.9448	0.1661	-0.7602	-0.2768	-0.5641	-0.0073	0.0606	-0.0114	
-9.3977	-9.6050	-9.9768	-0.8828	0.1228	-0.9453	0.1657	-0.7749	-0.2723	-0.5463	-0.0077	0.0588	-0.0111	
-9.4930	-9.5975	-10.0702	-0.8838	0.1221	-0.9451	0.1724	-0.7925	-0.2665	-0.5207	-0.0068	0.0595	-0.0104	
-9.5846	-9.5817	-10.1625	-0.8842	0.1226	-0.9448	0.1765	-0.8107	-0.2661	-0.4904	-0.0056	0.0606	-0.0112	
-9.6788	-9.5624	-10.2608	-0.8850	0.1236	-0.9454	0.1916	-0.8227	-0.2815	-0.4557	0.0003	0.0618	-0.0122	
-9.7518	-9.5540	-10.3674	-0.8829	0.1230	-0.9470	0.2070	-0.8403	-0.2756	-0.4179	0.0021	0.0645	-0.0109	
-9.8386	-9.5261	-10.4659	-0.8827	0.1251	-0.9475	0.2205	-0.8471	-0.2784	-0.3964	0.0045	0.0626	-0.0094	
-9.9330	-9.4978	-10.5588	-0.8835	0.1271	-0.9473	0.2326	-0.8546	-0.2771	-0.3733	0.0057	0.0615	-0.0079	
-10.0139	-9.4887	-10.6362	-0.8825	0.1267	-0.9450	0.2346	-0.8679	-0.2688	-0.3458	0.0041	0.0617	-0.0081	
-10.1138	-9.4884	-10.7364	-0.8840	0.1251	-0.9457	0.2460	-0.8779	-0.2650	-0.3136	0.0054	0.0626	-0.0072	
-10.2111	-9.4622	-10.8079	-0.8852	0.1268	-0.9427	0.2606	-0.8843	-0.2531	-0.2946	0.0048	0.0615	-0.0042	
-10.2926	-9.4434	-10.9055	-0.8843	0.1276	-0.9432	0.2764	-0.8884	-0.2514	-0.2671	0.0067	0.0614	-0.0025	
-10.3962	-9.4233	-10.9913	-0.8863	0.1285	-0.9421	0.2935	-0.8890	-0.2543	-0.2437	0.0093	0.0601	-0.0006	
-10.4866	-9.4028	-11.0714	-0.8865	0.1294	-0.9403	0.2982	-0.8967	-0.2476	-0.2136	0.0084	0.0607	-0.0014	
-10.5777	-9.4014	-11.1556	-0.8868	0.1280	-0.9391	0.3230	-0.8930	-0.2497	-0.1912	0.0118	0.0596	0.0025	
-10.6653	-9.3953	-11.2513	-0.8866	0.1272	-0.9393	0.3392	-0.8914	-0.2503	-0.1675	0.0135	0.0584	0.0041	
-10.7476	-9.3917	-11.3566	-0.8858	0.1261	-0.9407	0.3665	-0.8880	-0.2408	-0.1379	0.0148	0.0597	0.0083	
-10.8411	-9.3766	-11.4545	-0.8864	0.1264	-0.9412	0.3840	-0.8907	-0.2236	-0.0921	0.0142	0.0645	0.0091	
-10.9278	-9.3651	-11.5498	-0.8862	0.1262	-0.9413	0.4152	-0.8830	-0.2105	-0.0576	0.0152	0.0667	0.0138	
-11.0181	-9.3527	-11.6403	-0.8864	0.1262	-0.9409	0.4319	-0.8787	-0.2012	-0.0294	0.0150	0.0664	0.0149	
-11.0975	-9.3397	-11.7330	-0.8853	0.1262	-0.9407	0.4395	-0.8767	-0.1987	-0.0130	0.0143	0.0627	0.0140	
-11.1862	-9.3142	-11.8302	-0.8853	0.1277	-0.9411	0.4568	-0.8669	-0.1999	0.0144	0.0161	0.0619	0.0151	
-11.2770	-9.3022	-11.9192	-0.8856	0.1276	-0.9405	0.4788	-0.8574	-0.1857	0.0364	0.0148	0.0614	0.0181	
-11.3670	-9.2926	-12.0219	-0.8858	0.1273	-0.9415	0.5076	-0.8459	-0.1588	0.0489	0.0108	0.0603	0.0234	
-11.4516	-9.2823	-12.1208	-0.8853	0.1270	-0.9420	0.5241	-0.8352	-0.1508	0.0716	0.0110	0.0595	0.0242	
-11.5354	-9.2648	-12.2212	-0.8848	0.1275	-0.9427	0.5358	-0.8305	-0.1302	0.0847	0.0075	0.0576	0.0240	
-11.6275	-9.2470	-12.3010	-0.8852	0.1281	-0.9411	0.5581	-0.8156	-0.0941	0.1176	0.0044	0.0621	0.0266	
-11.7221	-9.2367	-12.3956	-0.8859	0.1278	-0.9412	0.5769	-0.7993	-0.0875	0.1439	0.0060	0.0619	0.0282	
-11.8248	-9.2305	-12.4867	-0.8874	0.1271	-0.9408	0.5909	-0.7892	-0.0573	0.1588	0.0017	0.0612	0.0286	
-11.9213	-9.2232	-12.5803	-0.8883	0.1265	-0.9408	0.6054	-0.7778	-0.0409	0.1668	-0.0006	0.0581	0.0293	
-12.0146	-9.2098	-12.6773	-0.8888	0.1266	-0.9411	0.6231	-0.7614	-0.0044	0.1789	-0.0055	0.0585	0.0311	
-12.0958	-9.1968	-12.7817	-0.8880	0.1266	-0.9422	0.6369	-0.7451	0.0205	0.1966	-0.0072	0.0589	0.0316	
-12.1836	-9.1855	-12.8683	-0.8879	0.1265	-0.9414	0.6522	-0.7270	0.0324	0.2132	-0.0067	0.0578	0.0326	
-12.2778	-9.1852	-12.9647	-0.8884	0.1252	-0.9416	0.6776	-0.6991	0.0503	0.2229	-0.0084	0.0567	0.0372	
-12.3712	-9.1724	-13.0631	-0.8889	0.1252	-0.9421	0.6968	-0.6782	0.0744	0.2224	-0.0123	0.0542	0.0389	
-12.4679	-9.1583	-13.1546	-0.8898	0.1254	-0.9418	0.7098	-0.6545	0.1024	0.2386	-0.0139	0.0555	0.0393	
-12.5620	-9.1407	-13.2470	-0.8903	0.1259	-0.9416	0.7230	-0.6322	0.1308	0.2458	-0.0168	0.0551	0.0395	
-12.6499	-9.1339	-13.3431	-0.8902	0.1253	-0.9418	0.7360	-0.6070	0.1471	0.2610	-0.0162	0.0550	0.0405	
-12.7457	-9.1261	-13.4333	-0.8909	0.1248	-0.9414	0.7455	-0.5800	0.1841	0.2711	-0.0197	0.0567	0.0405	
-12.8436	-9.1136	-13.5335	-0.8918	0.1248	-0.9420	0.7512	-0.5638	0.2177	0.2672	-0.0242	0.0550	0.0379	
-12.9292	-9.1040	-13.6257	-0.8915	0.1245	-0.9418	0.7621	-0.5422	0.2212	0.2784	-0.0213	0.0525	0.0386	
-13.0123	-9.0872	-13.7245	-0.8908	0.1250	-0.9423	0.7706	-0.5157	0.2433	0.2844	-0.0224	0.0523	0.0389	
-13.0991	-9.0861	-13.8148	-0.8906	0.1238	-0.9419	0.7725	-0.4986	0.2763	0.2808	-0.0261	0.0518	0.0358	
-13.1984	-9.0736	-13.9109	-0.8916	0.1238	-0.9421	0.7707	-0.4767	0.3139	0.2834	-0.0291	0.0532	0.0333	
-13.3000	-9.0638	-14.0015	-0.8929	0.1236	-0.9417	0.7751	-0.4445	0.3329	0.3010	-0.0274	0.0543	0.0352	
-13.3826	-9.0535	-14.0986	-0.8922	0.1234	-0.9420	0.7656	-0.4191	0.3751	0.3118	-0.0289	0.0581	0.0324	
-13.4742	-9.0370	-14.2029	-0.8925	0.1238	-0.9430	0.7590	-0.3972	0.4146	0.3072	-0.0326	0.0591	0.0290	
-13.5772	-9.0242	-14.3034	-0.8938	0.1238	-0.9436	0.7476	-0.3770	0.4491	0.3122	-0.0332	0.0604	0.0258	
-13.6723	-9.0039	-14.3949	-0.8944	0.1246	-0.9433	0.7414	-0.3448	0.4843	0.3105	-0.0361	0.0617	0.0253	
-13.7703	-8.9926	-14.4933	-0.8952	0.1245	-0.9437	0.7362	-0.3261	0.5065	0.3097	-0.0359	0.0602	0.0235	
-13.8524	-8.9782	-14.5904	-0.8945	0.1247	-0.9440	0.7282	-0.3130	0.5260	0.3104	-0.0342	0.0587	0.0209	
-13.9380	-8.9593	-14.6774	-0.8941	0.1253	-0.9433	0.7286	-0.3067	0.5386	0.2957	-0.0346	0.0539	0.0176	
-14.0230	-8.9380	-14.7714	-0.8937	0.1261	-0.9432	0.7180	-0.2887	0.5643	0.2879	-0.0356	0.0538	0.0152	
-14.1180	-8.9193	-14.8609	-0.8943	0.1266	-0.9428	0.6975	-0.2713	0.5992	0.2843	-0.0359	0.0562	0.0114	
-14.2027	-8.9090	-14.9459	-0.8938	0.1264	-0.9419	0.6801	-0.2526	0.6290	0.2792	-0.0363	0.0575	0.0090	
-14.2938	-8.8942	-15.0492	-0.8940	0.1266	-0.9428	0.6707	-0.2552	0.6405	0.2780	-0.0322	0.0542	0.0061	
-14.3812	-8.8784	-15.1430	-0.8938	0.1269	-0.9427	0.6467	-0.2344	0.6719	0.2738	-0.0328	0.0570	0.0041	
-14.4715	-8.8683	-15.2411	-0.8939	0.1267	-0.9431	0.6283	-0.2246	0.6953	0.2678	-0.0319	0.0569	0.0015	
-14.5653	-8.8602	-15.3341	-0.8943	0.1263	-0.9429	0.6148	-0.2223	0.7113	0.2607	-0.0301	0.0548	-0.0011	
-14.6580	-8.8378	-15.4175	-0.8946	0.1271	-0.9419	0.5956	-0.2043	0.7347	0.2517	-0.0311	0.0554	-0.0025	
-14.7600	-8.8253	-15.5117	-0.8957	0.1271	-0.9419	0.5892	-0.2015	0.7445	0.2442	-0.0296	0.0517	-0.0037	
-14.8530	-8.8074	-15.6047	-0.8960	0.1276	-0.9418	0.5709	-0.1974	0.7587	0.2454	-0.0263	0.0512	-0.0045	
-14.9347	-8.7904	-15.6994	-0.8953	0.1280	-0.9419	0.5376	-0.1848	0.7872	0.2381	-0.0260	0.0548	-0.0073	
-15.0220	-8.7751	-15.7931	-0.8951	0.1282	-0.9418	0.5235	-0.1810	0.8033	0.2206	-0.0265	0.0527	-0.0102	
-15.1180	-8.7661	-15.9030	-0.8957	0.1279	-0.9432	0.5019	-0.1644	0.8192	0.2237	-0.0254	0.0535	-0.0082	
-15.2082	-8.7506	-16.0047	-0.8958	0.1281	-0.9439	0.4774	-0.1509	0.8393	0.2111	-0.0263	0.0544	-0.0099	
-15.2968	-8.7332	-16.1029	-0.8957	0.1285	-0.9442	0.4489	-0.1386	0.8555	0.2181	-0.0235	0.0563	-0.0084	
-15.3901	-8.7220	-16.2026	-0.8960	0.1284	-0.9447	0.4307	-0.1420	0.8696	0.1980	-0.0232	0.0540	-0.0126	
-15.4693	-8.7153	-16.2949	-0.8951	0.1278	-0.9445	0.3949	-0.1422	0.8856	0.1993	-0.0190	0.0566	-0.0133	
-15.5584	-8.6972	-16.3866	-0.8951	0.1283	-0.9443	0.3542	-0.1292	0.9046	0.1972	-0.0180	0.0606	-0.0137	
-15.6517	-8.6876	-16.4733	-0.8954	0.1280	-0.9436	0.3143	-0.1249	0.9203	0.1961	-0.0155	0.0633	-0.0144	
-15.7384	-8.6785	-16.5649	-0.8951	0.1277	-0.9434	0.2791	-0.1164	0.9318	0.2008	-0.0134	0.0649	-0.0130	
-15.8372	-8.6765	-16.6560	-0.8959	0.1268	-0.9431	0.2423	-0.1128	0.9411	0.2072	-0.0105	0.0663	-0.0118	
-15.9361	-8.6633	-16.7502	-0.8967	0.1268	-0.9431	0.2211	-0.1055	0.9465	0.2122	-0.0096	0.0641	-0.0098	
-16.0285	-8.6540	-16.8482	-0.8969	0.1266	-0.9434	0.1969	-0.1009	0.9547	0.2003	-0.0099	0.0623	-0.0120	
-16.1157	-8.6382	-16.9389	-0.8967	0.1268	-0.9431	0.1581	-0.0956	0.9609	0.2055	-0.0076	0.0644	-0.0107	
-16.2035	-8.6247	-17.0359	-0.8966	0.1269	-0.9433	0.1470	-0.0880	0.9655	0.2005	-0.0086	0.0600	-0.0106	
-16.2859	-8.6116	-17.1272	-0.8960	0.1269	-0.9430	0.1267	-0.0746	0.9677	0.2064	-0.0090	0.0585	-0.0078	
-16.3733	-8.6041	-17.2301	-0.8958	0.1265	-0.9437	0.1029	-0.0741	0.9723	0.1976	-0.0080	0.0572	-0.0097	
-16.4585	-8.5921	-17.3272	-0.8954	0.1264	-0.9440	0.0736	-0.0618	0.9744	0.2034	-0.0079	0.0579	-0.0073	
-16.5477	-8.5791	-17.4263	-0.8954	0.1265	-0.9443	0.0559	-0.0629	0.9729	0.2186	-0.0055	0.0558	-0.0032	
-16.6349	-8.5655	-17.5300	-0.8952	0.1265	-0.9451	0.0343	-0.0648	0.9722	0.2238	-0.0035	0.0546	-0.0021	
-16.7394	-8.5680	-17.6336	-0.8964	0.1254	-0.9458	0.0080	-0.0492	0.9689	0.2429	-0.0032	0.0538	-0.0069	
-16.8262	-8.5531	-17.7268	-0.8962	0.1256	-0.9457	0.0152	0.0562	-0.9681	-0.2449	-0.0001	0.0530	-0.0064	
-16.9131	-8.5335	-17.8218	-0.8960	0.1261	-0.9457	0.0548	0.0578	-0.9675	-0.2392	0.0026	0.0558	-0.0079	
-17.0002	-8.5234	-17.9138	-0.8958	0.1259	-0.9455	0.0930	0.0384	-0.9646	-0.2432	0.0009	0.0586	-0.0060	
-17.0814	-8.5144	-18.0072	-0.8951	0.1256	-0.9454	0.1361	0.0242	-0.9560	-0.2583	0.0009	0.0626	-0.0014	
-17.1730	-8.5037	-18.1056	-0.8953	0.1255	-0.9457	0.1596	0.0055	-0.9476	-0.2780	-0.0019	0.0619	0.0040	
-17.2633	-8.4863	-18.1941	-0.8953	0.1258	-0.9453	0.1946	-0.0000	-0.9390	-0.2831	-0.0006	0.0632	0.0047	
-17.3607	-8.4623	-18.2922	-0.8960	0.1267	-0.9455	0.2202	-0.0173	-0.9283	-0.2997	-0.0029	0.0629	0.0085	
-17.4496	-8.4485	-18.3852	-0.8959	0.1268	-0.9454	0.2465	-0.0173	-0.9219	-0.2994	-0.0009	0.0620	0.0073	
-17.5377	-8.4360	-18.4748	-0.8958	0.1268	-0.9451	0.2745	-0.0196	-0.9124	-0.3032	0.0004	0.0617	0.0075	
-17.6270	-8.4229	-18.5726	-0.8958	0.1268	-0.9453	0.3053	-0.0393	-0.9020	-0.3024	-0.0017	0.0626	0.0067	
-17.7139	-8.3990	-18.6698	-0.8956	0.1277	-0.9455	0.3304	-0.0598	-0.8858	-0.3206	-0.0050	0.0630	0.0107	
-17.8029	-8.3916	-18.7695	-0.8955	0.1273	-0.9459	0.3578	-0.0640	-0.8728	-0.3261	-0.0039	0.0629	0.0113	
-17.8983	-8.3818	-18.8608	-0.8960	0.1271	-0.9456	0.3621	-0.0863	-0.8607	-0.3502	-0.0099	0.0589	0.0150	
-17.9836	-8.3565	-18.9525	-0.8957	0.1280	-0.9454	0.3904	-0.1111	-0.8419	-0.3549	-0.0121	0.0606	0.0149	
-18.0811	-8.3392	-19.0455	-0.8962	0.1283	-0.9453	0.4064	-0.1317	-0.8259	-0.3684	-0.0152	0.0594	0.0162	
-18.1756	-8.3154	-19.1330	-0.8966	0.1291	-0.9448	0.4340	-0.1494	-0.8043	-0.3768	-0.0158	0.0608	0.0171	
-18.2587	-8.3051	-19.2384	-0.8961	0.1289	-0.9456	0.4451	-0.1627	-0.7913	-0.3874	-0.0170	0.0583	0.0175	
-18.3510	-8.2879	-19.3283	-0.8963	0.1292	-0.9453	0.4685	-0.1928	-0.7615	-0.4035	-0.0215	0.0605	0.0198	
-18.4405	-8.2826	-19.4248	-0.8963	0.1287	-0.9454	0.4836	-0.2134	-0.7411	-0.4141	-0.0235	0.0598	0.0200	
-18.5347	-8.2711	-19.5249	-0.8966	0.1286	-0.9458	0.4955	-0.2366	-0.7157	-0.4315	-0.0271	0.0593	0.0218	
-18.6195	-8.2633	-19.6233	-0.8963	0.1282	-0.9461	0.5100	-0.2507	-0.6879	-0.4516	-0.0283	0.0589	0.0249	
-18.7111	-8.2425	-19.7140	-0.8964	0.1288	-0.9458	0.5291	-0.2719	-0.6526	-0.4686	-0.0305	0.0604	0.0273	
-18.8073	-8.2342	-19.8045	-0.8969	0.1285	-0.9455	0.5322	-0.2954	-0.6235	-0.4908	-0.0350	0.0588	0.0287	
-18.8967	-8.2162	-19.8999	-0.8969	0.1289	-0.9456	0.5327	-0.3206	-0.6028	-0.5009	-0.0375	0.0565	0.0265	
-18.9809	-8.1966	-19.9857	-0.8965	0.1293	-0.9450	0.5360	-0.3507	-0.5731	-0.5110	-0.0409	0.0562	0.0252	
-19.0595	-8.1851	-20.0826	-0.8957	0.1292	-0.9451	0.5335	-0.3741	-0.5449	-0.5279	-0.0439	0.0543	0.0255	
-19.1501	-8.1688	-20.1712	-0.8958	0.1294	-0.9447	0.5343	-0.3968	-0.5245	-0.5317	-0.0442	0.0527	0.0228	
-19.2326	-8.1557	-20.2690	-0.8953	0.1294	-0.9449	0.5403	-0.4247	-0.4911	-0.5349	-0.0456	0.0539	0.0218	
-19.3187	-8.1375	-20.3702	-0.8951	0.1298	-0.9454	0.5368	-0.4561	-0.4731	-0.5302	-0.0464	0.0529	0.0169	
-19.4180	-8.1278	-20.4689	-0.8958	0.1296	-0.9457	0.5404	-0.4858	-0.4468	-0.5221	-0.0464	0.0541	0.0137	
-19.5005	-8.1117	-20.5678	-0.8953	0.1298	-0.9460	0.5300	-0.5086	-0.4328	-0.5239	-0.0469	0.0509	0.0106	
-19.5919	-8.1053	-20.6653	-0.8954	0.1294	-0.9462	0.5323	-0.5269	-0.4108	-0.5204	-0.0453	0.0504	0.0095	
-19.6785	-8.0905	-20.7594	-0.8952	0.1295	-0.9462	0.5244	-0.5491	-0.3749	-0.5316	-0.0488	0.0497	0.0107	
-19.7705	-8.0844	-20.8478	-0.8954	0.1290	-0.9457	0.5171	-0.5721	-0.3587	-0.5269	-0.0480	0.0484	0.0073	
-19.8577	-8.0709	-20.9490	-0.8952	0.1291	-0.9462	0.5082	-0.6012	-0.3300	-0.5207	-0.0496	0.0492	0.0048	
-19.9478	-8.0614	-21.0445	-0.8952	0.1288	-0.9462	0.5037	-0.6340	-0.2909	-0.5089	-0.0514	0.0524	0.0030	
-20.0379	-8.0430	-21.1331	-0.8953	0.1292	-0.9458	0.4935	-0.6582	-0.2752	-0.4985	-0.0500	0.0515	-0.0006	
-20.1214	-8.0303	-21.2366	-0.8949	0.1292	-0.9464	0.4964	-0.6833	-0.2378	-0.4793	-0.0489	0.0550	-0.0009	
-20.2087	-8.0168	-21.3353	-0.8947	0.1292	-0.9467	0.4930	-0.6989	-0.2257	-0.4680	-0.0453	0.0533	-0.0026	
-20.2968	-7.9935	-21.4267	-0.8947	0.1299	-0.9465	0.4803	-0.7239	-0.1949	-0.4549	-0.0467	0.0544	-0.0047	
-20.3915	-7.9835	-21.5118	-0.8950	0.1297	-0.9459	0.4682	-0.7384	-0.1864	-0.4502	-0.0446	0.0513	-0.0067	
-20.4760	-7.9627	-21.6115	-0.8947	0.1302	-0.9462	0.4611	-0.7552	-0.1672	-0.4353	-0.0428	0.0512	-0.0078	
-20.5699	-7.9428	-21.6978	-0.8950	0.1307	-0.9457	0.4462	-0.7759	-0.1440	-0.4220	-0.0432	0.0514	-0.0100	
-20.6539	-7.9370	-21.7939	-0.8946	0.1302	-0.9458	0.4262	-0.7947	-0.1152	-0.4165	-0.0457	0.0506	-0.0112	
-20.7347	-7.9244	-21.8943	-0.8941	0.1302	-0.9461	0.4128	-0.8154	-0.1133	-0.3917	-0.0409	0.0506	-0.0154	
-20.8270	-7.9095	-21.9941	-0.8942	0.1303	-0.9465	0.3975	-0.8319	-0.0908	-0.3764	-0.0410	0.0507	-0.0164	
-20.9211	-7.8899	-22.0876	-0.8945	0.1307	-0.9464	0.3969	-0.8436	-0.0648	-0.3561	-0.0391	0.0523	-0.0144	
-21.0065	-7.8803	-22.1770	-0.8943	0.1305	-0.9461	0.3778	-0.8661	-0.0426	-0.3239	-0.0382	0.0558	-0.0178	
-21.0956	-7.8695	-22.2748	-0.8943	0.1303	-0.9463	0.3615	-0.8822	-0.0236	-0.3007	-0.0373	0.0565	-0.0194	
-21.1874	-7.8536	-22.3650	-0.8944	0.1305	-0.9460	0.3475	-0.8928	-0.0187	-0.2887	-0.0348	0.0535	-0.0203	
-21.2705	-7.8457	-22.4621	-0.8940	0.1302	-0.9462	0.3278	-0.9101	-0.0133	-0.2539	-0.0313	0.0556	-0.0238	
-21.3545	-7.8299	-22.5547	-0.8937	0.1304	-0.9460	0.3092	-0.9210	0.0037	-0.2374	-0.0315	0.0546	-0.0247	
-21.4448	-7.8142	-22.6414	-0.8937	0.1305	-0.9455	0.2881	-0.9373	0.0155	-0.1949	-0.0288	0.0589	-0.0275	
-21.5328	-7.7992	-22.7259	-0.8936	0.1306	-0.9449	0.2827	-0.9451	0.0103	-0.1690	-0.0232	0.0577	-0.0265	
-21.6236	-7.7802	-22.8223	-0.8937	0.1310	-0.9450	0.2801	-0.9501	0.0238	-0.1367	-0.0207	0.0592	-0.0239	
-21.7112	-7.7643	-22.9126	-0.8936	0.1312	-0.9448	0.2592	-0.9599	0.0337	-0.0998	-0.0192	0.0616	-0.0264	
-21.7995	-7.7527	-23.0068	-0.8936	0.1311	-0.9448	0.2465	-0.9662	0.0452	-0.0566	-0.0168	0.0651	-0.0263	
-21.8833	-7.7373	-23.1020	-0.8932	0.1312	-0.9448	0.2367	-0.9702	0.0502	-0.0295	-0.0147	0.0640	-0.0255	
-21.9733	-7.7220	-23.1906	-0.8933	0.1313	-0.9445	0.2373	-0.9703	0.0568	-0.0040	-0.0126	0.0628	-0.0219	
-22.0635	-7.7067	-23.2811	-0.8933	0.1315	-0.9442	0.2377	-0.9674	0.0840	0.0270	-0.0143	0.0642	-0.0180	
-22.1492	-7.6935	-23.3693	-0.8931	0.1315	-0.9439	0.2294	-0.9684	0.0916	0.0463	-0.0136	0.0617	-0.0175	
-22.2350	-7.6880	-23.4687	-0.8929	0.1310	-0.9441	0.2189	-0.9681	0.0887	0.0850	-0.0094	0.0633	-0.0176	
-22.3269	-7.6793	-23.5609	-0.8931	0.1307	-0.9440	0.2139	-0.9666	0.0872	0.1137	-0.0066	0.0624	-0.0162	
-22.4158	-7.6636	-23.6523	-0.8930	0.1309	-0.9438	0.2013	-0.9650	0.0868	0.1446	-0.0043	0.0624	-0.0171	
-22.5056	-7.6568	-23.7463	-0.8931	0.1305	-0.9438	0.1957	-0.9625	0.0863	0.1689	-0.0026	0.0607	-0.0158	
-22.5944	-7.6380	-23.8434	-0.8930	0.1309	-0.9440	0.1951	-0.9569	0.1035	0.1902	-0.0048	0.0594	-0.0135	
-22.6816	-7.6322	-23.9318	-0.8929	0.1304	-0.9436	0.1953	-0.9519	0.1189	0.2063	-0.0068	0.0570	-0.0111	
-22.7706	-7.6240	-24.0313	-0.8929	0.1302	-0.9439	0.1870	-0.9438	0.1286	0.2396	-0.0064	0.0589	-0.0109	
-22.8511	-7.6122	-24.1209	-0.8924	0.1301	-0.9436	0.1864	-0.9333	0.1326	0.2767	-0.0051	0.0613	-0.0085	
-22.9390	-7.6009	-24.2096	-0.8923	0.1300	-0.9433	0.1920	-0.9205	0.1373	0.3116	-0.0045	0.0627	-0.0048	
-23.0320	-7.5899	-24.3050	-0.8925	0.1299	-0.9434	0.1800	-0.9110	0.1388	0.3439	-0.0024	0.0635	-0.0061	
-23.1298	-7.5792	-24.4063	-0.8930	0.1297	-0.9438	0.1748	-0.9006	0.1509	0.3685	-0.0035	0.0626	-0.0058	
-23.2144	-7.5685	-24.5018	-0.8927	0.1296	-0.9438	0.1653	-0.8924	0.1514	0.3922	-0.0019	0.0614	-0.0065	
-23.3028	-7.5590	-24.5965	-0.8927	0.1294	-0.9438	0.1689	-0.8817	0.1571	0.4125	-0.0028	0.0596	-0.0041	
-23.3930	-7.5424	-24.6924	-0.8927	0.1296	-0.9439	0.1675	-0.8703	0.1701	0.4313	-0.0046	0.0581	-0.0036	
-23.4767	-7.5259	-24.7859	-0.8924	0.1298	-0.9439	0.1681	-0.8580	0.1783	0.4518	-0.0055	0.0571	-0.0024	
-23.5717	-7.5119	-24.8804	-0.8927	0.1299	-0.9439	0.1701	-0.8419	0.1883	0.4762	-0.0066	0.0572	-0.0008	
-23.6594	-7.5038	-24.9747	-0.8927	0.1296	-0.9439	0.1811	-0.8281	0.1892	0.4962	-0.0071	0.0557	0.0028	
-23.7482	-7.4946	-25.0735	-0.8926	0.1294	-0.9441	0.1851	-0.8146	0.1914	0.5157	-0.0069	0.0546	0.0042	
-23.8374	-7.4791	-25.1703	-0.8926	0.1295	-0.9443	0.1839	-0.7917	0.2118	0.5424	-0.0098	0.0569	0.0040	
-23.9252	-7.4638	-25.2668	-0.8925	0.1297	-0.9444	0.1871	-0.7696	0.2098	0.5732	-0.0082	0.0588	0.0063	
-24.0142	-7.4526	-25.3595	-0.8925	0.1296	-0.9443	0.1964	-0.7511	0.2096	0.5947	-0.0082	0.0580	0.0089	
-24.1020	-7.4368	-25.4524	-0.8925	0.1297	-0.9442	0.2101	-0.7275	0.2286	0.6120	-0.0131	0.0575	0.0106	
-24.1983	-7.4239	-25.5445	-0.8928	0.1297	-0.9441	0.2167	-0.6995	0.2315	0.6401	-0.0129	0.0595	0.0128	
-24.2897	-7.4149	-25.6378	-0.8930	0.1295	-0.9440	0.2324	-0.6823	0.2226	0.6573	-0.0118	0.0570	0.0164	
-24.3755	-7.4013	-25.7286	-0.8928	0.1295	-0.9438	0.2347	-0.6647	0.2455	0.6661	-0.0156	0.0550	0.0137	
-24.4668	-7.3851	-25.8194	-0.8929	0.1297	-0.9436	0.2369	-0.6508	0.2629	0.6725	-0.0177	0.0520	0.0114	
-24.5523	-7.3690	-25.9122	-0.8927	0.1299	-0.9435	0.2449	-0.6323	0.2725	0.6828	-0.0189	0.0504	0.0116	
-24.6458	-7.3520	-26.0036	-0.8929	0.1301	-0.9434	0.2483	-0.5999	0.2951	0.7007	-0.0222	0.0530	0.0107	
-24.7344	-7.3394	-26.0997	-0.8929	0.1301	-0.9435	0.2577	-0.5773	0.3186	0.7065	-0.0263	0.0517	0.0094	
-24.8169	-7.3260	-26.1913	-0.8925	0.1301	-0.9433	0.2642	-0.5478	0.3381	0.7180	-0.0289	0.0526	0.0089	
-24.9083	-7.3093	-26.2798	-0.8926	0.1303	-0.9430	0.2616	-0.5274	0.3536	0.7271	-0.0283	0.0517	0.0070	
-24.9973	-7.2987	-26.3782	-0.8926	0.1302	-0.9432	0.2663	-0.4969	0.3689	0.7388	-0.0297	0.0529	0.0071	
-25.0918	-7.2860	-26.4723	-0.8929	0.1302	-0.9432	0.2688	-0.4725	0.3714	0.7529	-0.0278	0.0527	0.0085	
-25.1882	-7.2685	-26.5690	-0.8933	0.1304	-0.9433	0.2643	-0.4435	0.3888	0.7630	-0.0279	0.0539	0.0067	
-25.2721	-7.2550	-26.6628	-0.8930	0.1304	-0.9433	0.2686	-0.4056	0.4030	0.7748	-0.0297	0.0561	0.0074	
-25.3636	-7.2425	-26.7523	-0.8931	0.1304	-0.9431	0.2588	-0.3718	0.4230	0.7847	-0.0297	0.0581	0.0050	
-25.4523	-7.2327	-26.8447	-0.8931	0.1302	-0.9430	0.2662	-0.3511	0.4334	0.7867	-0.0304	0.0552	0.0048	
-25.5430	-7.2205	-26.9351	-0.8931	0.1302	-0.9428	0.2652	-0.3283	0.4550	0.7845	-0.0317	0.0536	0.0017	
-25.6294	-7.2064	-27.0283	-0.8930	0.1302	-0.9427	0.2494	-0.2982	0.4811	0.7858	-0.0313	0.0553	-0.0025	
-25.7129	-7.1974	-27.1170	-0.8927	0.1300	-0.9424	0.2443	-0.2741	0.5040	0.7820	-0.0321	0.0543	-0.0057	
-25.8013	-7.1843	-27.2133	-0.8926	0.1300	-0.9425	0.2638	-0.2404	0.5194	0.7767	-0.0370	0.0530	-0.0047	
-25.8875	-7.1728	-27.3071	-0.8925	0.1299	-0.9425	0.2650	-0.2188	0.5424	0.7670	-0.0381	0.0510	-0.0078	
-25.9720	-7.1605	-27.4071	-0.8922	0.1299	-0.9428	0.2563	-0.1972	0.5636	0.7604	-0.0369	0.0505	-0.0107	
-26.0615	-7.1472	-27.5013	-0.8922	0.1299	-0.9428	0.2644	-0.1654	0.5772	0.7546	-0.0391	0.0501	-0.0101	
-26.1482	-7.1373	-27.6019	-0.8921	0.1298	-0.9431	0.2481	-0.1306	0.6061	0.7442	-0.0390	0.0529	-0.0143	
-26.2412	-7.1245	-27.6944	-0.8923	0.1298	-0.9430	0.2277	-0.0986	0.6294	0.7363	-0.0370	0.0553	-0.0173	
-26.3299	-7.1142	-27.7895	-0.8923	0.1296	-0.9431	0.2260	-0.0854	0.6549	0.7169	-0.0370	0.0522	-0.0216	
-26.4215	-7.1019	-27.8757	-0.8924	0.1296	-0.9427	0.2019	-0.0553	0.6794	0.7032	-0.0348	0.0547	-0.0250	
-26.5102	-7.0908	-27.9659	-0.8924	0.1295	-0.9425	0.1922	-0.0451	0.6997	0.6874	-0.0324	0.0522	-0.0277	
-26.6024	-7.0770	-28.0557	-0.8925	0.1295	-0.9422	0.1779	-0.0195	0.7192	0.6712	-0.0317	0.0529	-0.0296	
-26.6958	-7.0653	-28.1492	-0.8927	0.1295	-0.9422	0.1669	-0.0040	0.7420	0.6495	-0.0306	0.0517	-0.0329	
-26.7812	-7.0520	-28.2425	-0.8925	0.1295	-0.9421	0.1438	0.0320	0.7631	0.6287	-0.0303	0.0551	-0.0350	
-26.8688	-7.0317	-28.3433	-0.8925	0.1299	-0.9425	0.1350	0.0428	0.7835	0.6056	-0.0288	0.0530	-0.0375	
-26.9554	-7.0121	-28.4373	-0.8923	0.1302	-0.9425	0.1183	0.0570	0.8021	0.5828	-0.0266	0.0525	-0.0396	
-27.0456	-6.9960	-28.5290	-0.8924	0.1303	-0.9423	0.1102	0.0719	0.8177	0.5608	-0.0261	0.0508	-0.0406	
-27.1346	-6.9869	-28.6198	-0.8924	0.1301	-0.9422	0.0877	0.0901	0.8298	0.5439	-0.0234	0.0518	-0.0403	
-27.2200	-6.9716	-28.7114	-0.8922	0.1302	-0.9420	0.0662	0.0981	0.8449	0.5221	-0.0199	0.0515	-0.0417	
-27.3102	-6.9605	-28.8037	-0.8922	0.1301	-0.9419	0.0574	0.1087	0.8568	0.5015	-0.0191	0.0495	-0.0419	
-27.3991	-6.9455	-28.9032	-0.8922	0.1302	-0.9422	0.0331	0.1334	0.8707	0.4714	-0.0187	0.0520	-0.0440	
-27.4877	-6.9343	-28.9943	-0.8922	0.1302	-0.9421	0.0076	0.1486	0.8802	0.4507	-0.0162	0.0532	-0.0436	
-27.5759	-6.9201	-29.0889	-0.8921	0.1302	-0.9421	0.0284	-0.1745	-0.8864	-0.4273	-0.0176	0.0497	-0.0437	
-27.6632	-6.9077	-29.1809	-0.8920	0.1302	-0.9420	0.0496	-0.1889	-0.8943	-0.4024	-0.0181	0.0498	-0.0429	
-27.7492	-6.8964	-29.2758	-0.8919	0.1301	-0.9420	0.0704	-0.2032	-0.8998	-0.3796	-0.0178	0.0507	-0.0421	
-27.8383	-6.8791	-29.3671	-0.8919	0.1303	-0.9419	0.0885	-0.2148	-0.9058	-0.3545	-0.0161	0.0519	-0.0419	
-27.9238	-6.8667	-29.4649	-0.8917	0.1303	-0.9420	0.1135	-0.2191	-0.9077	-0.3411	-0.0132	0.0541	-0.0372	
-28.0086	-6.8599	-29.5595	-0.8915	0.1300	-0.9420	0.1347	-0.2321	-0.9086	-0.3202	-0.0120	0.0548	-0.0363	
-28.0953	-6.8428	-29.6536	-0.8914	0.1302	-0.9420	0.1690	-0.2289	-0.9114	-0.2985	-0.0051	0.0589	-0.0343	
-28.1842	-6.8326	-29.7505	-0.8914	0.1300	-0.9422	0.2131	-0.2447	-0.9034	-0.2797	-0.0042	0.0654	-0.0311	
-28.2735	-6.8185	-29.8446	-0.8914	0.1301	-0.9422	0.2484	-0.2490	-0.9000	-0.2574	-0.0007	0.0678	-0.0301	
-28.3586	-6.8067	-29.9384	-0.8912	0.1300	-0.9421	0.2873	-0.2694	-0.8856	-0.2462	-0.0026	0.0712	-0.0259	
-28.4500	-6.7943	-30.0358	-0.8913	0.1300	-0.9423	0.3328	-0.2737	-0.8753	-0.2182	0.0014	0.0758	-0.0260	
-28.5429	-6.7833	-30.1329	-0.8915	0.1299	-0.9424	0.3764	-0.2680	-0.8645	-0.1981	0.0063	0.0782	-0.0238	
-28.6308	-6.7682	-30.2240	-0.8914	0.1300	-0.9423	0.4026	-0.2748	-0.8530	-0.1897	0.0057	0.0761	-0.0208	
-28.7142	-6.7537	-30.3151	-0.8912	0.1301	-0.9421	0.4232	-0.2833	-0.8413	-0.1858	0.0040	0.0730	-0.0177	
-28.8038	-6.7412	-30.4098	-0.8912	0.1300	-0.9422	0.4532	-0.2941	-0.8213	-0.1852	0.0019	0.0729	-0.0133	
-28.8980	-6.7263	-30.5035	-0.8914	0.1301	-0.9421	0.4691	-0.2932	-0.8160	-0.1726	0.0033	0.0691	-0.0134	
-28.9829	-6.7169	-30.5994	-0.8912	0.1300	-0.9422	0.4990	-0.3070	-0.7957	-0.1522	0.0024	0.0707	-0.0139	
-29.0713	-6.7045	-30.6959	-0.8912	0.1299	-0.9423	0.5208	-0.3056	-0.7863	-0.1334	0.0046	0.0692	-0.0144	
-29.1583	-6.6963	-30.7888	-0.8911	0.1297	-0.9423	0.5512	-0.3075	-0.7668	-0.1157	0.0057	0.0704	-0.0135	
-29.2437	-6.6785	-30.8788	-0.8909	0.1299	-0.9421	0.5838	-0.3084	-0.7432	-0.1083	0.0057	0.0717	-0.0103	
-29.3354	-6.6627	-30.9704	-0.8910	0.1301	-0.9420	0.6116	-0.2986	-0.7254	-0.1089	0.0068	0.0709	-0.0059	
-29.4245	-6.6492	-31.0642	-0.8910	0.1301	-0.9419	0.6277	-0.3027	-0.7099	-0.1090	0.0046	0.0680	-0.0043	
-29.5140	-6.6408	-31.1592	-0.8910	0.1299	-0.9420	0.6451	-0.3139	-0.6902	-0.0968	0.0026	0.0669	-0.0054	
-29.6016	-6.6311	-31.2548	-0.8910	0.1297	-0.9420	0.6721	-0.3137	-0.6655	-0.0821	0.0036	0.0682	-0.0046	
-29.6935	-6.6186	-31.3455	-0.8911	0.1297	-0.9419	0.6942	-0.3154	-0.6427	-0.0755	0.0029	0.0679	-0.0033	
-29.7839	-6.6059	-31.4395	-0.8912	0.1297	-0.9419	0.7140	-0.3072	-0.6258	-0.0708	0.0041	0.0665	-0.0012	
-29.8713	-6.5926	-31.5352	-0.8911	0.1297	-0.9419	0.7309	-0.2914	-0.6137	-0.0805	0.0047	0.0634	0.0034	
-29.9640	-6.5779	-31.6280	-0.8912	0.1298	-0.9419	0.7462	-0.3051	-0.5878	-0.0688	0.0020	0.0632	0.0010	
-30.0509	-6.5664	-31.7205	-0.8912	0.1297	-0.9418	0.7656	-0.3173	-0.5553	-0.0697	-0.0023	0.0640	0.0016	
-30.1401	-6.5523	-31.8163	-0.8912	0.1298	-0.9419	0.7812	-0.3158	-0.5342	-0.0733	-0.0034	0.0626	0.0035	
-30.2329	-6.5392	-31.9104	-0.8913	0.1298	-0.9419	0.7978	-0.3081	-0.5141	-0.0681	-0.0019	0.0616	0.0050	
-30.3195	-6.5285	-32.0085	-0.8912	0.1297	-0.9420	0.8125	-0.3092	-0.4902	-0.0646	-0.0026	0.0611	0.0053	
-30.4128	-6.5131	-32.0994	-0.8914	0.1298	-0.9419	0.8256	-0.2985	-0.4749	-0.0700	-0.0021	0.0586	0.0080	
-30.5026	-6.4987	-32.1961	-0.8914	0.1299	-0.9420	0.8401	-0.3072	-0.4438	-0.0533	-0.0023	0.0600	0.0053	
-30.5934	-6.4848	-32.2872	-0.8915	0.1299	-0.9419	0.8551	-0.3044	-0.4162	-0.0541	-0.0034	0.0601	0.0068	
-30.6877	-6.4697	-32.3846	-0.8917	0.1300	-0.9420	0.8640	-0.3028	-0.3989	-0.0613	-0.0050	0.0575	0.0078	
-30.7737	-6.4628	-32.4858	-0.8916	0.1297	-0.9423	0.8759	-0.3134	-0.3622	-0.0552	-0.0074	0.0594	0.0060	
-30.8640	-6.4484	-32.5855	-0.8916	0.1298	-0.9425	0.8812	-0.3291	-0.3363	-0.0506	-0.0096	0.0585	0.0026	
-30.9542	-6.4358	-32.6856	-0.8917	0.1298	-0.9428	0.8852	-0.3389	-0.3140	-0.0633	-0.0135	0.0562	0.0022	
-31.0412	-6.4140	-32.7804	-0.8916	0.1301	-0.9428	0.8952	-0.3434	-0.2758	-0.0645	-0.0153	0.0581	0.0028	
-31.1266	-6.4045	-32.8796	-0.8914	0.1300	-0.9430	0.9021	-0.3441	-0.2506	-0.0738	-0.0170	0.0567	0.0041	
-31.2185	-6.3919	-32.9699	-0.8915	0.1300	-0.9429	0.9041	-0.3559	-0.2255	-0.0747	-0.0183	0.0556	0.0018	
-31.3052	-6.3761	-33.0651	-0.8914	0.1301	-0.9429	0.9093	-0.3654	-0.1820	-0.0771	-0.0210	0.0581	0.0011	
-31.3985	-6.3636	-33.1564	-0.8916	0.1301	-0.9428	0.9143	-0.3706	-0.1481	-0.0676	-0.0199	0.0594	0.0002	
-31.4905	-6.3487	-33.2548	-0.8917	0.1302	-0.9429	0.9147	-0.3779	-0.1222	-0.0791	-0.0225	0.0575	-0.0000	
-31.5828	-6.3353	-33.3480	-0.8919	0.1302	-0.9429	0.9081	-0.4011	-0.0975	-0.0753	-0.0231	0.0563	-0.0054	
-31.6694	-6.3208	-33.4423	-0.8917	0.1302	-0.9429	0.9043	-0.4166	-0.0494	-0.0742	-0.0256	0.0596	-0.0076	
-31.7575	-6.3051	-33.5400	-0.8917	0.1303	-0.9430	0.9001	-0.4312	-0.0088	-0.0594	-0.0242	0.0621	-0.0103	
-31.8445	-6.2886	-33.6302	-0.8916	0.1305	-0.9429	0.8929	-0.4454	0.0133	-0.0724	-0.0267	0.0591	-0.0119	
-31.9344	-6.2749	-33.7240	-0.8916	0.1305	-0.9428	0.8841	-0.4615	0.0339	-0.0709	-0.0260	0.0571	-0.0145	
-32.0243	-6.2610	-33.8197	-0.8917	0.1306	-0.9429	0.8774	-0.4715	0.0645	-0.0609	-0.0243	0.0577	-0.0154	
-32.1152	-6.2479	-33.9158	-0.8917	0.1306	-0.9430	0.8687	-0.4836	0.0891	-0.0619	-0.0246	0.0564	-0.0165	
-32.2000	-6.2363	-34.0037	-0.8916	0.1305	-0.9427	0.8599	-0.4944	0.1092	-0.0708	-0.0258	0.0539	-0.0172	
-32.2928	-6.2246	-34.0998	-0.8917	0.1304	-0.9428	0.8450	-0.5111	0.1431	-0.0624	-0.0252	0.0556	-0.0200	
-32.3826	-6.2078	-34.1928	-0.8917	0.1306	-0.9427	0.8286	-0.5336	0.1676	-0.0351	-0.0197	0.0572	-0.0242	
-32.4712	-6.1981	-34.2885	-0.8917	0.1305	-0.9428	0.8115	-0.5514	0.1921	-0.0247	-0.0182	0.0573	-0.0267	
-32.5609	-6.1798	-34.3824	-0.8917	0.1307	-0.9428	0.8017	-0.5559	0.2196	-0.0149	-0.0173	0.0575	-0.0252	
-32.6480	-6.1641	-34.4755	-0.8917	0.1308	-0.9427	0.7959	-0.5615	0.2297	-0.0255	-0.0187	0.0526	-0.0237	
-32.7338	-6.1493	-34.5715	-0.8915	0.1308	-0.9428	0.7805	-0.5741	0.2481	-0.0085	-0.0152	0.0528	-0.0249	
-32.8283	-6.1404	-34.6717	-0.8917	0.1307	-0.9430	0.7636	-0.5817	0.2795	0.0086	-0.0138	0.0551	-0.0250	
-32.9212	-6.1310	-34.7622	-0.8919	0.1305	-0.9429	0.7408	-0.5956	0.3094	0.0171	-0.0139	0.0564	-0.0274	
-33.0095	-6.1178	-34.8537	-0.8919	0.1305	-0.9428	0.7188	-0.6076	0.3364	0.0273	-0.0134	0.0574	-0.0289	
-33.1027	-6.1046	-34.9514	-0.8920	0.1305	-0.9429	0.6961	-0.6202	0.3584	0.0477	-0.0103	0.0586	-0.0301	
-33.1915	-6.0921	-35.0431	-0.8920	0.1305	-0.9428	0.6662	-0.6380	0.3777	0.0809	-0.0045	0.0614	-0.0326	
-33.2845	-6.0800	-35.1391	-0.8922	0.1305	-0.9429	0.6321	-0.6587	0.3953	0.0998	-0.0016	0.0622	-0.0366	
-33.3737	-6.0677	-35.2323	-0.8921	0.1305	-0.9428	0.6042	-0.6641	0.4192	0.1334	0.0020	0.0654	-0.0355	
-33.4626	-6.0552	-35.3280	-0.8921	0.1304	-0.9429	0.5849	-0.6819	0.4163	0.1467	0.0054	0.0613	-0.0363	
-33.5509	-6.0435	-35.4261	-0.8921	0.1304	-0.9430	0.5567	-0.6938	0.4293	0.1569	0.0058	0.0601	-0.0377	
-33.6451	-6.0280	-35.5213	-0.8923	0.1305	-0.9431	0.5358	-0.7020	0.4351	0.1776	0.0084	0.0589	-0.0364	
-33.7381	-6.0129	-35.6148	-0.8924	0.1306	-0.9430	0.5157	-0.7047	0.4458	0.1982	0.0097	0.0585	-0.0343	
-33.8275	-6.0013	-35.7076	-0.8925	0.1305	-0.9430	0.4890	-0.7039	0.4630	0.2254	0.0109	0.0607	-0.0325	
-33.9171	-5.9892	-35.7991	-0.8925	0.1305	-0.9429	0.4654	-0.7155	0.4573	0.2515	0.0159	0.0593	-0.0319	
-34.0049	-5.9747	-35.8924	-0.8924	0.1305	-0.9428	0.4446	-0.7145	0.4624	0.2800	0.0180	0.0598	-0.0290	
-34.0952	-5.9587	-35.9857	-0.8925	0.1306	-0.9428	0.4209	-0.7175	0.4702	0.2955	0.0179	0.0586	-0.0288	
-34.1860	-5.9434	-36.0806	-0.8925	0.1307	-0.9428	0.3980	-0.7127	0.4779	0.3246	0.0192	0.0600	-0.0261	
-34.2786	-5.9290	-36.1774	-0.8926	0.1308	-0.9429	0.3644	-0.7095	0.4839	0.3592	0.0221	0.0631	-0.0250	
-34.3681	-5.9151	-36.2730	-0.8927	0.1308	-0.9430	0.3430	-0.7075	0.4793	0.3906	0.0251	0.0630	-0.0220	
-34.4587	-5.9054	-36.3690	-0.8927	0.1307	-0.9430	0.3139	-0.6927	0.4914	0.4241	0.0247	0.0664	-0.0195	
-34.5502	-5.8932	-36.4637	-0.8928	0.1306	-0.9431	0.2910	-0.6865	0.4990	0.4421	0.0233	0.0653	-0.0189	
-34.6382	-5.8801	-36.5603	-0.8927	0.1306	-0.9431	0.2759	-0.6807	0.4960	0.4643	0.0236	0.0634	-0.0161	
-34.7266	-5.8685	-36.6558	-0.8927	0.1306	-0.9432	0.2504	-0.6684	0.5014	0.4890	0.0232	0.0645	-0.0148	
-34.8210	-5.8564	-36.7493	-0.8929	0.1306	-0.9432	0.2255	-0.6627	0.4994	0.5107	0.0244	0.0637	-0.0142	
-34.9113	-5.8437	-36.8413	-0.8929	0.1305	-0.9431	0.2011	-0.6618	0.4882	0.5327	0.0275	0.0621	-0.0133	
-35.0031	-5.8297	-36.9365	-0.8930	0.1306	-0.9431	0.1829	-0.6465	0.4848	0.5602	0.0270	0.0628	-0.0100	
-35.0919	-5.8191	-37.0280	-0.8930	0.1305	-0.9430	0.1558	-0.6214	0.4839	0.5958	0.0269	0.0670	-0.0069	
-35.1780	-5.8068	-37.1217	-0.8929	0.1305	-0.9430	0.1394	-0.6113	0.4851	0.6104	0.0250	0.0646	-0.0066	
-35.2735	-5.7966	-37.2119	-0.8931	0.1304	-0.9428	0.1188	-0.6047	0.4726	0.6305	0.0271	0.0627	-0.0053	
-35.3655	-5.7835	-37.3096	-0.8932	0.1304	-0.9430	0.1038	-0.5854	0.4684	0.6538	0.0254	0.0630	-0.0027	
-35.4500	-5.7713	-37.4022	-0.8931	0.1303	-0.9429	0.0862	-0.5613	0.4726	0.6741	0.0223	0.0640	-0.0019	
-35.5390	-5.7596	-37.4957	-0.8930	0.1303	-0.9429	0.0757	-0.5424	0.4601	0.6992	0.0220	0.0638	0.0019	
-35.6276	-5.7496	-37.5890	-0.8930	0.1302	-0.9428	0.0550	-0.5302	0.4513	0.7159	0.0231	0.0626	0.0021	
-35.7205	-5.7346	-37.6826	-0.8931	0.1302	-0.9428	0.0358	-0.4948	0.4378	0.7495	0.0226	0.0672	0.0064	
-35.8133	-5.7252	-37.7833	-0.8933	0.1301	-0.9430	0.0176	-0.4638	0.4306	0.7738	0.0239	0.0651	0.0045	
-35.9004	-5.7131	-37.8817	-0.8932	0.1301	-0.9432	-0.0079	0.4414	-0.4240	-0.7911	0.0217	0.0645	0.0061	
-35.9884	-5.7017	-37.9742	-0.8931	0.1300	-0.9431	0.0012	0.4107	-0.4113	-0.8138	0.0197	0.0659	0.0094	
-36.0801	-5.6875	-38.0704	-0.8932	0.1301	-0.9432	0.0093	0.3804	-0.3982	-0.8347	0.0178	0.0668	0.0123	
-36.1710	-5.6730	-38.1632	-0.8933	0.1301	-0.9431	0.0061	0.3582	-0.3884	-0.8498	0.0146	0.0644	0.0144	
-36.2619	-5.6586	-38.2596	-0.8933	0.1302	-0.9432	0.0101	0.3285	-0.3737	-0.8675	0.0128	0.0647	0.0169	
-36.3530	-5.6464	-38.3503	-0.8934	0.1301	-0.9431	0.0120	0.2968	-0.3809	-0.8762	0.0075	0.0641	0.0147	
-36.4373	-5.6365	-38.4463	-0.8932	0.1300	-0.9431	0.0114	0.2672	-0.3715	-0.8893	0.0049	0.0637	0.0161	
-36.5302	-5.6225	-38.5385	-0.8934	0.1301	-0.9431	0.0070	0.2366	-0.3708	-0.8984	0.0008	0.0627	0.0158	
-36.6221	-5.6046	-38.6311	-0.8935	0.1302	-0.9430	0.0241	0.2072	-0.3742	-0.9037	0.0006	0.0631	0.0128	
-36.7136	-5.5930	-38.7241	-0.8935	0.1302	-0.9430	0.0157	0.1809	-0.3702	-0.9116	-0.0030	0.0611	0.0134	
-36.8045	-5.5789	-38.8191	-0.8936	0.1302	-0.9430	0.0059	0.1407	-0.3723	-0.9175	-0.0085	0.0618	0.0129	
-36.8955	-5.5647	-38.9112	-0.8936	0.1303	-0.9429	0.0133	0.1210	-0.3704	-0.9213	-0.0077	0.0597	0.0117	
-36.9865	-5.5559	-39.0085	-0.8937	0.1301	-0.9430	0.0141	0.0976	-0.3665	-0.9255	-0.0084	0.0582	0.0115	
-37.0779	-5.5438	-39.1039	-0.8938	0.1301	-0.9430	0.0164	0.0709	-0.3581	-0.9309	-0.0088	0.0577	0.0123	
-37.1669	-5.5316	-39.1993	-0.8938	0.1300	-0.9431	0.0318	0.0390	-0.3472	-0.9363	-0.0071	0.0591	0.0131	
-37.2590	-5.5195	-39.2927	-0.8939	0.1300	-0.9431	0.0386	0.0143	-0.3542	-0.9346	-0.0075	0.0581	0.0096	
-37.3474	-5.5038	-39.3861	-0.8938	0.1301	-0.9430	0.0465	-0.0086	-0.3639	-0.9307	-0.0075	0.0567	0.0057	
-37.4366	-5.4899	-39.4856	-0.8938	0.1301	-0.9432	0.0387	-0.0340	-0.3571	-0.9329	-0.0100	0.0554	0.0068	
-37.5233	-5.4775	-39.5810	-0.8937	0.1301	-0.9432	0.0369	-0.0687	-0.3593	-0.9299	-0.0123	0.0563	0.0051	
-37.6138	-5.4619	-39.6754	-0.8938	0.1302	-0.9432	0.0384	-0.1028	-0.3520	-0.9294	-0.0134	0.0573	0.0060	
-37.7054	-5.4498	-39.7696	-0.8938	0.1302	-0.9432	0.0387	-0.1357	-0.3502	-0.9259	-0.0146	0.0578	0.0052	
-37.7922	-5.4347	-39.8655	-0.8938	0.1303	-0.9433	0.0379	-0.1728	-0.3572	-0.9171	-0.0163	0.0590	0.0020	
-37.8803	-5.4196	-39.9609	-0.8937	0.1303	-0.9433	0.0508	-0.2143	-0.3596	-0.9065	-0.0156	0.0620	0.0000	
-37.9705	-5.3982	-40.0543	-0.8937	0.1306	-0.9433	0.0476	-0.2445	-0.3616	-0.8986	-0.0169	0.0614	-0.0012	
-38.0591	-5.3848	-40.1450	-0.8937	0.1306	-0.9432	0.0518	-0.2774	-0.3561	-0.8907	-0.0170	0.0619	-0.0007	
-38.1532	-5.3736	-40.2384	-0.8939	0.1306	-0.9431	0.0570	-0.2974	-0.3627	-0.8818	-0.0154	0.0599	-0.0029	
-38.2387	-5.3587	-40.3305	-0.8937	0.1306	-0.9431	0.0564	-0.3340	-0.3632	-0.8677	-0.0167	0.0612	-0.0043	
-38.3330	-5.3468	-40.4277	-0.8939	0.1306	-0.9432	0.0520	-0.3603	-0.3750	-0.8528	-0.0172	0.0603	-0.0080	
-38.4250	-5.3343	-40.5241	-0.8940	0.1306	-0.9432	0.0604	-0.3835	-0.3825	-0.8387	-0.0150	0.0596	-0.0099	
-38.5127	-5.3190	-40.6186	-0.8939	0.1307	-0.9432	0.0732	-0.4139	-0.3774	-0.8251	-0.0137	0.0607	-0.0087	
-38.6021	-5.3107	-40.7130	-0.8939	0.1305	-0.9432	0.0819	-0.4397	-0.3772	-0.8110	-0.0125	0.0607	-0.0088	
-38.6910	-5.3007	-40.8094	-0.8939	0.1304	-0.9433	0.0923	-0.4721	-0.3876	-0.7862	-0.0107	0.0627	-0.0122	
-38.7780	-5.2893	-40.8993	-0.8938	0.1303	-0.9432	0.1049	-0.4935	-0.3849	-0.7732	-0.0089	0.0618	-0.0109	
-38.8682	-5.2783	-40.9929	-0.8939	0.1303	-0.9431	0.1058	-0.5228	-0.3875	-0.7518	-0.0097	0.0625	-0.0125	
-38.9569	-5.2664	-41.0927	-0.8938	0.1302	-0.9433	0.1216	-0.5490	-0.3881	-0.7301	-0.0074	0.0635	-0.0125	
-39.0495	-5.2531	-41.1896	-0.8940	0.1302	-0.9434	0.1348	-0.5710	-0.3916	-0.7089	-0.0052	0.0637	-0.0129	
-39.1379	-5.2380	-41.2818	-0.8939	0.1303	-0.9433	0.1598	-0.5924	-0.3806	-0.6922	-0.0025	0.0642	-0.0094	
-39.2269	-5.2201	-41.3768	-0.8939	0.1305	-0.9434	0.1688	-0.6051	-0.3855	-0.6765	-0.0008	0.0618	-0.0098	
-39.3208	-5.2074	-41.4721	-0.8941	0.1305	-0.9434	0.1711	-0.6307	-0.3872	-0.6503	-0.0017	0.0627	-0.0117	
-39.4081	-5.1926	-41.5655	-0.8940	0.1305	-0.9434	0.1815	-0.6450	-0.3876	-0.6335	-0.0004	0.0610	-0.0111	
-39.4956	-5.1776	-41.6617	-0.8939	0.1306	-0.9434	0.1952	-0.6486	-0.3993	-0.6192	0.0036	0.0578	-0.0113	
-39.5883	-5.1675	-41.7570	-0.8940	0.1305	-0.9435	0.2084	-0.6603	-0.4093	-0.5944	0.0065	0.0574	-0.0127	
-39.6772	-5.1555	-41.8507	-0.8940	0.1304	-0.9434	0.2153	-0.6652	-0.4352	-0.5683	0.0107	0.0555	-0.0167	
-39.7626	-5.1399	-41.9475	-0.8939	0.1305	-0.9435	0.2325	-0.6806	-0.4385	-0.5386	0.0125	0.0569	-0.0166	
-39.8504	-5.1270	-42.0386	-0.8938	0.1305	-0.9434	0.2459	-0.6907	-0.4418	-0.5172	0.0135	0.0562	-0.0159	
-39.9374	-5.1107	-42.1363	-0.8938	0.1306	-0.9435	0.2529	-0.7085	-0.4455	-0.4850	0.0132	0.0574	-0.0175	
-40.0255	-5.0976	-42.2334	-0.8937	0.1306	-0.9436	0.2702	-0.7254	-0.4372	-0.4579	0.0128	0.0589	-0.0154	
-40.1156	-5.0861	-42.3290	-0.8937	0.1306	-0.9437	0.2897	-0.7265	-0.4364	-0.4464	0.0144	0.0562	-0.0119	
-40.2033	-5.0726	-42.4232	-0.8937	0.1306	-0.9437	0.3047	-0.7418	-0.4315	-0.4125	0.0145	0.0584	-0.0118	
-40.2922	-5.0596	-42.5171	-0.8937	0.1306	-0.9436	0.3184	-0.7437	-0.4347	-0.3968	0.0157	0.0559	-0.0104	
-40.3837	-5.0449	-42.6145	-0.8937	0.1306	-0.9437	0.3402	-0.7507	-0.4407	-0.3548	0.0196	0.0589	-0.0111	
-40.4737	-5.0347	-42.7104	-0.8938	0.1306	-0.9438	0.3725	-0.7438	-0.4430	-0.3358	0.0237	0.0576	-0.0063	
-40.5676	-5.0220	-42.8037	-0.8939	0.1305	-0.9438	0.3968	-0.7413	-0.4391	-0.3174	0.0247	0.0564	-0.0028	
-40.6592	-5.0083	-42.8983	-0.8940	0.1306	-0.9438	0.4247	-0.7440	-0.4388	-0.2694	0.0285	0.0610	-0.0030	
-40.7477	-4.9912	-42.9931	-0.8939	0.1307	-0.9438	0.4354	-0.7527	-0.4376	-0.2281	0.0284	0.0630	-0.0058	
-40.8392	-4.9795	-43.0877	-0.8940	0.1306	-0.9438	0.4588	-0.7528	-0.4264	-0.2032	0.0277	0.0629	-0.0026	
-40.9327	-4.9687	-43.1798	-0.8942	0.1306	-0.9437	0.4862	-0.7502	-0.4108	-0.1801	0.0268	0.0631	0.0017	
-41.0204	-4.9596	-43.2749	-0.8941	0.1304	-0.9437	0.5207	-0.7461	-0.3829	-0.1632	0.0243	0.0636	0.0086	
-41.1105	-4.9475	-43.3673	-0.8941	0.1304	-0.9437	0.5465	-0.7378	-0.3730	-0.1326	0.0258	0.0646	0.0108	
-41.2004	-4.9346	-43.4660	-0.8941	0.1304	-0.9438	0.5785	-0.7254	-0.3567	-0.1094	0.0261	0.0649	0.0156	
-41.2902	-4.9189	-43.5588	-0.8941	0.1305	-0.9438	0.6010	-0.7189	-0.3401	-0.0767	0.0260	0.0665	0.0164	
-41.3811	-4.9055	-43.6545	-0.8942	0.1305	-0.9438	0.6213	-0.7080	-0.3323	-0.0483	0.0270	0.0662	0.0172	
-41.4717	-4.8944	-43.7492	-0.8942	0.1304	-0.9438	0.6471	-0.6948	-0.3130	-0.0314	0.0250	0.0654	0.0209	
-41.5625	-4.8773	-43.8482	-0.8943	0.1306	-0.9440	0.6700	-0.6807	-0.2962	-0.0124	0.0237	0.0648	0.0234	
-41.6534	-4.8616	-43.9441	-0.8943	0.1307	-0.9440	0.6942	-0.6630	-0.2800	0.0101	0.0236	0.0648	0.0261	
-41.7424	-4.8486	-44.0344	-0.8943	0.1307	-0.9439	0.7106	-0.6544	-0.2573	0.0308	0.0210	0.0649	0.0259	
-41.8308	-4.8381	-44.1269	-0.8943	0.1306	-0.9438	0.7309	-0.6383	-0.2396	0.0405	0.0186	0.0631	0.0284	
-41.9200	-4.8233	-44.2197	-0.8943	0.1306	-0.9438	0.7531	-0.6203	-0.2094	0.0613	0.0163	0.0649	0.0307	
-42.0075	-4.8071	-44.3146	-0.8942	0.1307	-0.9438	0.7619	-0.6159	-0.1916	0.0701	0.0131	0.0623	0.0285	
-42.0965	-4.7937	-44.4060	-0.8942	0.1307	-0.9437	0.7773	-0.5999	-0.1705	0.0838	0.0115	0.0617	0.0295	
-42.1868	-4.7781	-44.4993	-0.8942	0.1308	-0.9437	0.7888	-0.5930	-0.1305	0.0966	0.0062	0.0633	0.0284	
-42.2713	-4.7661	-44.5934	-0.8941	0.1308	-0.9436	0.8062	-0.5730	-0.1021	0.1062	0.0038	0.0634	0.0308	
-42.3615	-4.7498	-44.6855	-0.8941	0.1309	-0.9436	0.8220	-0.5535	-0.0628	0.1168	0.0001	0.0651	0.0326	
-42.4545	-4.7369	-44.7827	-0.8942	0.1309	-0.9437	0.8337	-0.5358	-0.0410	0.1284	-0.0005	0.0639	0.0330	
-42.5465	-4.7225	-44.8781	-0.8943	0.1309	-0.9437	0.8487	-0.5131	-0.0256	0.1294	-0.0018	0.0609	0.0352	
-42.6340	-4.7083	-44.9742	-0.8942	0.1310	-0.9437	0.8562	-0.5019	-0.0064	0.1278	-0.0043	0.0579	0.0338	
-42.7252	-4.6905	-45.0679	-0.8943	0.1311	-0.9437	0.8619	-0.4848	0.0124	0.1488	-0.0022	0.0580	0.0329	
-42.8135	-4.6786	-45.1610	-0.8942	0.1311	-0.9437	0.8707	-0.4636	0.0501	0.1554	-0.0055	0.0597	0.0336	
-42.9015	-4.6686	-45.2565	-0.8942	0.1310	-0.9437	0.8704	-0.4525	0.1003	0.1658	-0.0095	0.0633	0.0307	
-42.9911	-4.6548	-45.3504	-0.8942	0.1310	-0.9437	0.8779	-0.4316	0.1308	0.1620	-0.0130	0.0622	0.0316	
-43.0796	-4.6409	-45.4446	-0.8942	0.1310	-0.9437	0.8740	-0.4197	0.1719	0.1741	-0.0143	0.0644	0.0286	
-43.1705	-4.6264	-45.5393	-0.8942	0.1311	-0.9437	0.8696	-0.4187	0.1925	0.1818	-0.0135	0.0622	0.0241	
-43.2645	-4.6118	-45.6347	-0.8944	0.1311	-0.9437	0.8729	-0.3937	0.2093	0.1991	-0.0110	0.0614	0.0264	
-43.3542	-4.5995	-45.7294	-0.8944	0.1311	-0.9438	0.8646	-0.3903	0.2443	0.2028	-0.0128	0.0618	0.0218	
-43.4446	-4.5847	-45.8219	-0.8944	0.1311	-0.9437	0.8658	-0.3763	0.2669	0.1959	-0.0155	0.0594	0.0212	
-43.5318	-4.5693	-45.9140	-0.8943	0.1312	-0.9436	0.8627	-0.3638	0.2922	0.1960	-0.0166	0.0584	0.0200	
-43.6217	-4.5535	-46.0100	-0.8944	0.1313	-0.9437	0.8502	-0.3543	0.3326	0.2020	-0.0177	0.0609	0.0169	
-43.7138	-4.5403	-46.1038	-0.8944	0.1313	-0.9437	0.8436	-0.3458	0.3684	0.1839	-0.0231	0.0601	0.0138	
-43.8031	-4.5248	-46.1971	-0.8944	0.1314	-0.9436	0.8396	-0.3317	0.3960	0.1698	-0.0265	0.0586	0.0131	
-43.8909	-4.5128	-46.2936	-0.8944	0.1313	-0.9437	0.8331	-0.3174	0.4235	0.1615	-0.0283	0.0577	0.0125	
-43.9809	-4.4982	-46.3918	-0.8944	0.1314	-0.9438	0.8270	-0.3106	0.4434	0.1548	-0.0284	0.0555	0.0108	
-44.0680	-4.4859	-46.4878	-0.8943	0.1313	-0.9439	0.8161	-0.3027	0.4683	0.1528	-0.0278	0.0551	0.0091	
-44.1586	-4.4699	-46.5827	-0.8944	0.1314	-0.9439	0.7971	-0.2953	0.5019	0.1595	-0.0261	0.0574	0.0068	
-44.2420	-4.4548	-46.6787	-0.8942	0.1315	-0.9439	0.7848	-0.2936	0.5240	0.1550	-0.0254	0.0562	0.0043	
-44.3333	-4.4385	-46.7717	-0.8942	0.1316	-0.9439	0.7692	-0.2929	0.5442	0.1652	-0.0214	0.0561	0.0026	
-44.4221	-4.4266	-46.8655	-0.8942	0.1315	-0.9439	0.7623	-0.2878	0.5590	0.1570	-0.0220	0.0532	0.0017	
-44.5086	-4.4137	-46.9595	-0.8941	0.1315	-0.9438	0.7467	-0.2925	0.5763	0.1603	-0.0190	0.0523	-0.0008	
-44.5954	-4.4038	-47.0553	-0.8941	0.1314	-0.9439	0.7239	-0.2855	0.6076	0.1581	-0.0195	0.0546	-0.0027	
-44.6834	-4.3901	-47.1490	-0.8940	0.1315	-0.9439	0.7012	-0.2725	0.6388	0.1596	-0.0200	0.0570	-0.0029	
