-0.4610	-12.4171	-0.2063	0.0000	0.0000	0.0000	0.4688	-0.0158	-0.6757	0.5687	0.0000	0.0000	0.0000	
-0.2662	-11.9821	-0.1011	0.0193	0.0431	0.0104	0.4897	-0.0357	-0.6796	0.5463	-0.0143	0.0002	0.0034	
-0.2353	-11.8713	-0.0646	0.0315	0.0665	0.0137	0.5147	-0.0961	-0.6403	0.5669	-0.0630	0.0350	-0.0619	
-0.2800	-11.7813	0.0057	0.0162	0.0992	0.0429	0.5020	-0.1355	-0.6461	0.5647	-0.0385	-0.0276	-0.0407	
-0.1201	-11.7156	-0.0204	0.1170	0.1415	0.0316	0.5374	-0.1044	-0.6431	0.5443	-0.0328	0.0172	-0.0059	
0.0152	-11.6741	-0.1085	0.1978	0.1629	-0.0350	0.5760	-0.1217	-0.6243	0.5135	-0.0591	0.0281	-0.0016	
0.0626	-11.5594	-0.1472	0.2871	0.2487	-0.0468	0.5612	-0.1743	-0.5752	0.5812	-0.0330	0.0199	-0.0552	
0.1964	-11.5382	-0.1700	0.3763	0.2501	-0.0706	0.5701	-0.1744	-0.5731	0.5655	-0.0337	0.0178	-0.0377	
0.2807	-11.5844	-0.2109	0.4384	0.1866	-0.1031	0.5579	-0.1721	-0.5790	0.5721	-0.0224	0.0117	-0.0301	
0.3538	-11.6103	-0.2901	0.4261	0.1439	-0.1837	0.5801	-0.1828	-0.5768	0.5467	-0.0328	0.0115	-0.0200	
0.4212	-11.6104	-0.3206	0.4252	0.1283	-0.2148	0.5969	-0.1826	-0.5894	0.5149	-0.0367	0.0092	-0.0062	
0.5060	-11.6743	-0.2902	0.4900	0.0620	-0.1455	0.5954	-0.2002	-0.5603	0.5421	-0.0308	0.0105	-0.0192	
0.5923	-11.6857	-0.3981	0.5251	0.0479	-0.2278	0.5990	-0.2165	-0.5492	0.5411	-0.0307	0.0094	-0.0206	
0.7135	-11.7471	-0.5064	0.5902	-0.0151	-0.3149	0.6197	-0.2059	-0.5488	0.5234	-0.0311	0.0131	-0.0119	
0.6707	-11.7702	-0.5056	0.5117	-0.0354	-0.2868	0.6266	-0.2040	-0.5409	0.5232	-0.0279	0.0140	-0.0107	
0.6999	-11.8926	-0.4330	0.4897	-0.1313	-0.2032	0.6428	-0.2047	-0.5211	0.5228	-0.0283	0.0169	-0.0117	
0.7183	-12.0005	-0.5237	0.4706	-0.2063	-0.2591	0.6503	-0.2011	-0.5151	0.5214	-0.0263	0.0177	-0.0100	
0.7948	-12.0199	-0.6138	0.4981	-0.2039	-0.3038	0.6492	-0.2101	-0.5079	0.5263	-0.0239	0.0159	-0.0115	
0.8241	-12.0957	-0.6228	0.4741	-0.2435	-0.2927	0.6632	-0.2163	-0.5017	0.5117	-0.0264	0.0151	-0.0096	
0.8622	-12.2062	-0.6665	0.4723	-0.3003	-0.2961	0.6628	-0.2232	-0.4850	0.5257	-0.0236	0.0156	-0.0131	
0.9110	-12.3348	-0.6920	0.4703	-0.3643	-0.2943	0.6657	-0.2293	-0.4812	0.5225	-0.0234	0.0137	-0.0126	
0.9090	-12.4129	-0.6773	0.4359	-0.3895	-0.2648	0.6748	-0.2383	-0.4663	0.5199	-0.0244	0.0139	-0.0136	
0.9335	-12.4961	-0.7227	0.4224	-0.4161	-0.2769	0.6805	-0.2470	-0.4595	0.5147	-0.0248	0.0127	-0.0133	
0.9878	-12.6039	-0.7940	0.4300	-0.4570	-0.3055	0.6968	-0.2434	-0.4485	0.5043	-0.0259	0.0152	-0.0111	
1.0538	-12.7192	-0.8461	0.4414	-0.4954	-0.3173	0.6990	-0.2585	-0.4418	0.4997	-0.0267	0.0126	-0.0121	
1.0815	-12.8046	-0.8716	0.4329	-0.5165	-0.3156	0.7139	-0.2538	-0.4301	0.4911	-0.0269	0.0149	-0.0102	
1.1618	-12.8568	-0.9014	0.4534	-0.5163	-0.3128	0.7228	-0.2605	-0.4087	0.4927	-0.0265	0.0168	-0.0121	
1.2249	-12.8849	-0.9645	0.4640	-0.5043	-0.3289	0.7248	-0.2648	-0.3998	0.4952	-0.0243	0.0163	-0.0122	
1.2805	-12.9352	-0.9950	0.4695	-0.5060	-0.3299	0.7362	-0.2568	-0.3950	0.4863	-0.0233	0.0169	-0.0090	
1.3313	-13.0426	-1.0490	0.4722	-0.5344	-0.3405	0.7492	-0.2494	-0.3777	0.4836	-0.0231	0.0200	-0.0080	
1.3479	-13.0906	-1.1483	0.4576	-0.5322	-0.3725	0.7624	-0.2486	-0.3675	0.4711	-0.0243	0.0206	-0.0062	
1.3523	-13.1690	-1.1876	0.4384	-0.5435	-0.3736	0.7737	-0.2498	-0.3537	0.4623	-0.0254	0.0211	-0.0059	
1.3681	-13.2228	-1.2117	0.4260	-0.5430	-0.3679	0.7725	-0.2557	-0.3590	0.4583	-0.0235	0.0166	-0.0051	
1.3906	-13.2962	-1.2995	0.4171	-0.5512	-0.3905	0.7841	-0.2596	-0.3463	0.4446	-0.0256	0.0170	-0.0046	
1.3986	-13.3392	-1.3371	0.4025	-0.5451	-0.3893	0.7889	-0.2749	-0.3348	0.4360	-0.0269	0.0152	-0.0067	
1.4412	-13.4045	-1.3454	0.4036	-0.5493	-0.3762	0.7919	-0.2816	-0.3224	0.4358	-0.0258	0.0149	-0.0082	
1.4881	-13.4617	-1.3287	0.4066	-0.5500	-0.3535	0.7875	-0.2833	-0.3120	0.4510	-0.0210	0.0150	-0.0100	
1.4865	-13.5578	-1.3361	0.3905	-0.5659	-0.3422	0.7896	-0.2825	-0.3048	0.4518	-0.0197	0.0148	-0.0095	
1.5270	-13.5955	-1.3464	0.3909	-0.5585	-0.3328	0.7920	-0.2905	-0.2913	0.4512	-0.0192	0.0146	-0.0110	
1.5608	-13.6966	-1.3813	0.3891	-0.5754	-0.3334	0.7997	-0.2946	-0.2772	0.4435	-0.0207	0.0151	-0.0110	
1.5893	-13.7627	-1.3982	0.3854	-0.5784	-0.3273	0.8054	-0.3015	-0.2624	0.4375	-0.0215	0.0152	-0.0118	
1.5892	-13.8537	-1.4993	0.3719	-0.5899	-0.3518	0.8147	-0.3077	-0.2540	0.4209	-0.0243	0.0144	-0.0105	
1.6616	-13.9627	-1.4985	0.3844	-0.6079	-0.3393	0.8186	-0.3085	-0.2470	0.4170	-0.0233	0.0138	-0.0099	
1.6829	-14.0314	-1.5491	0.3786	-0.6104	-0.3449	0.8254	-0.3142	-0.2303	0.4085	-0.0246	0.0147	-0.0104	
1.7289	-14.0966	-1.5808	0.3813	-0.6118	-0.3438	0.8331	-0.3206	-0.1979	0.4049	-0.0259	0.0185	-0.0128	
1.7343	-14.1821	-1.6267	0.3710	-0.6195	-0.3474	0.8306	-0.3285	-0.1761	0.4143	-0.0239	0.0200	-0.0153	
1.7747	-14.3045	-1.6491	0.3724	-0.6390	-0.3434	0.8366	-0.3331	-0.1583	0.4049	-0.0254	0.0202	-0.0154	
1.7922	-14.3697	-1.6738	0.3662	-0.6393	-0.3403	0.8480	-0.3231	-0.1486	0.3935	-0.0256	0.0208	-0.0116	
1.8526	-14.4256	-1.7335	0.3735	-0.6370	-0.3483	0.8461	-0.3238	-0.1369	0.4015	-0.0222	0.0209	-0.0117	
1.8759	-14.5090	-1.7910	0.3695	-0.6429	-0.3552	0.8509	-0.3262	-0.1205	0.3937	-0.0231	0.0212	-0.0116	
1.9033	-14.5806	-1.8331	0.3667	-0.6450	-0.3571	0.8552	-0.3282	-0.1083	0.3862	-0.0234	0.0206	-0.0112	
1.9707	-14.6608	-1.8272	0.3755	-0.6499	-0.3450	0.8643	-0.3146	-0.0980	0.3806	-0.0224	0.0216	-0.0078	
1.9845	-14.7656	-1.8609	0.3691	-0.6611	-0.3446	0.8751	-0.3004	-0.0884	0.3695	-0.0233	0.0222	-0.0040	
2.0004	-14.8430	-1.8973	0.3634	-0.6642	-0.3451	0.8804	-0.3052	-0.0776	0.3548	-0.0250	0.0205	-0.0047	
2.0593	-14.9228	-1.9218	0.3695	-0.6681	-0.3424	0.8853	-0.3065	-0.0745	0.3421	-0.0249	0.0180	-0.0041	
2.0803	-15.0048	-1.9919	0.3654	-0.6721	-0.3521	0.8883	-0.3099	-0.0722	0.3317	-0.0249	0.0155	-0.0037	
2.1048	-15.0657	-2.0527	0.3623	-0.6704	-0.3590	0.8876	-0.3137	-0.0633	0.3320	-0.0231	0.0151	-0.0046	
2.1553	-15.1577	-2.0825	0.3661	-0.6771	-0.3574	0.8957	-0.3091	-0.0511	0.3153	-0.0249	0.0154	-0.0033	
2.1827	-15.2118	-2.1466	0.3637	-0.6735	-0.3647	0.8962	-0.3105	-0.0256	0.3160	-0.0243	0.0185	-0.0050	
2.2245	-15.2796	-2.1747	0.3651	-0.6737	-0.3626	0.8957	-0.3092	-0.0016	0.3200	-0.0228	0.0214	-0.0062	
2.2701	-15.3339	-2.2083	0.3672	-0.6705	-0.3620	0.8930	-0.3187	0.0098	0.3181	-0.0213	0.0201	-0.0085	
2.3145	-15.4010	-2.2225	0.3690	-0.6705	-0.3566	0.8944	-0.3169	0.0270	0.3144	-0.0209	0.0211	-0.0086	
2.3456	-15.4704	-2.2796	0.3677	-0.6711	-0.3618	0.8926	-0.3188	0.0406	0.3166	-0.0194	0.0212	-0.0090	
2.3802	-15.5657	-2.2967	0.3674	-0.6779	-0.3573	0.8921	-0.3163	0.0488	0.3196	-0.0175	0.0207	-0.0085	
2.4002	-15.6390	-2.3344	0.3636	-0.6791	-0.3577	0.8947	-0.3158	0.0532	0.3118	-0.0176	0.0188	-0.0076	
2.4487	-15.7204	-2.3901	0.3664	-0.6824	-0.3624	0.9000	-0.3041	0.0686	0.3047	-0.0184	0.0204	-0.0049	
2.4829	-15.8028	-2.4412	0.3659	-0.6856	-0.3658	0.9034	-0.3049	0.0832	0.2897	-0.0205	0.0201	-0.0053	
2.5259	-15.8609	-2.4652	0.3672	-0.6832	-0.3629	0.9080	-0.3037	0.0829	0.2773	-0.0206	0.0171	-0.0042	
2.5575	-15.9334	-2.5205	0.3662	-0.6841	-0.3671	0.9106	-0.3009	0.0997	0.2648	-0.0222	0.0180	-0.0040	
2.5920	-16.0223	-2.5594	0.3658	-0.6887	-0.3676	0.9102	-0.3043	0.1213	0.2531	-0.0235	0.0193	-0.0059	
2.6061	-16.1057	-2.5928	0.3612	-0.6917	-0.3669	0.9138	-0.3097	0.1242	0.2324	-0.0253	0.0161	-0.0066	
2.6307	-16.1790	-2.6449	0.3589	-0.6926	-0.3702	0.9105	-0.3098	0.1332	0.2410	-0.0218	0.0164	-0.0066	
2.6725	-16.2695	-2.6763	0.3601	-0.6971	-0.3690	0.9115	-0.2951	0.1577	0.2396	-0.0220	0.0204	-0.0044	
2.6972	-16.3437	-2.7371	0.3579	-0.6980	-0.3739	0.9133	-0.2945	0.1769	0.2185	-0.0251	0.0208	-0.0050	
2.7381	-16.4073	-2.7735	0.3589	-0.6967	-0.3737	0.9163	-0.2865	0.1819	0.2138	-0.0240	0.0195	-0.0030	
2.7692	-16.4715	-2.8176	0.3579	-0.6956	-0.3751	0.9152	-0.2880	0.1919	0.2067	-0.0234	0.0188	-0.0038	
2.7942	-16.5446	-2.8643	0.3559	-0.6963	-0.3769	0.9124	-0.2960	0.2052	0.1946	-0.0237	0.0182	-0.0063	
2.8306	-16.6177	-2.9077	0.3561	-0.6970	-0.3780	0.9155	-0.2877	0.2158	0.1803	-0.0250	0.0179	-0.0045	
2.8665	-16.6909	-2.9483	0.3561	-0.6976	-0.3786	0.9209	-0.2831	0.2140	0.1627	-0.0259	0.0146	-0.0029	
2.9170	-16.7668	-3.0053	0.3589	-0.6989	-0.3823	0.9245	-0.2718	0.2188	0.1544	-0.0255	0.0138	-0.0003	
2.9600	-16.8476	-3.0352	0.3602	-0.7010	-0.3807	0.9230	-0.2755	0.2297	0.1394	-0.0259	0.0135	-0.0023	
3.0024	-16.9356	-3.0967	0.3614	-0.7045	-0.3851	0.9246	-0.2690	0.2378	0.1272	-0.0263	0.0131	-0.0011	
3.0399	-17.0118	-3.1416	0.3616	-0.7056	-0.3863	0.9272	-0.2625	0.2417	0.1147	-0.0265	0.0118	0.0000	
3.0837	-17.0941	-3.1661	0.3630	-0.7078	-0.3837	0.9268	-0.2562	0.2549	0.1015	-0.0273	0.0127	0.0001	
3.1165	-17.1645	-3.1837	0.3624	-0.7077	-0.3800	0.9198	-0.2627	0.2780	0.0882	-0.0278	0.0155	-0.0036	
3.1674	-17.2479	-3.2331	0.3650	-0.7100	-0.3820	0.9160	-0.2595	0.2946	0.0827	-0.0267	0.0170	-0.0036	
3.1960	-17.3312	-3.2807	0.3636	-0.7122	-0.3837	0.9156	-0.2521	0.3030	0.0812	-0.0252	0.0169	-0.0021	
3.2221	-17.4098	-3.3117	0.3620	-0.7135	-0.3824	0.9155	-0.2480	0.3099	0.0660	-0.0262	0.0157	-0.0020	
3.2534	-17.4776	-3.3409	0.3611	-0.7128	-0.3808	0.9129	-0.2416	0.3245	0.0528	-0.0273	0.0166	-0.0018	
3.3040	-17.5492	-3.3656	0.3635	-0.7129	-0.3786	0.9131	-0.2380	0.3281	0.0481	-0.0255	0.0153	-0.0014	
3.3344	-17.6370	-3.3814	0.3626	-0.7158	-0.3749	0.9101	-0.2272	0.3437	0.0442	-0.0252	0.0171	-0.0002	
3.3885	-17.7143	-3.4230	0.3655	-0.7167	-0.3755	0.9080	-0.2167	0.3582	0.0147	-0.0295	0.0169	0.0003	
3.4260	-17.7806	-3.4677	0.3656	-0.7158	-0.3767	0.9057	-0.2023	0.3726	0.0089	-0.0293	0.0179	0.0023	
3.4785	-17.8653	-3.5228	0.3681	-0.7181	-0.3796	0.9069	-0.2013	0.3711	0.0020	-0.0271	0.0151	0.0021	
3.5254	-17.9463	-3.5503	0.3697	-0.7196	-0.3779	0.9042	-0.1920	0.3815	-0.0060	-0.0268	0.0155	0.0028	
3.5496	-18.0306	-3.5898	0.3677	-0.7216	-0.3782	0.8981	-0.1883	0.3971	-0.0170	-0.0271	0.0169	0.0019	
3.5796	-18.1091	-3.6261	0.3667	-0.7226	-0.3780	0.9006	-0.1781	0.3967	-0.0185	-0.0253	0.0147	0.0036	
3.6240	-18.1668	-3.6426	0.3679	-0.7203	-0.3746	0.9025	-0.1694	0.3949	-0.0334	-0.0262	0.0120	0.0040	
3.6518	-18.2489	-3.6753	0.3666	-0.7219	-0.3739	0.8977	-0.1649	0.4053	-0.0511	-0.0276	0.0124	0.0030	
3.6939	-18.3261	-3.7092	0.3674	-0.7226	-0.3734	0.9023	-0.1629	0.3929	-0.0758	-0.0290	0.0070	0.0019	
3.7364	-18.4172	-3.7570	0.3682	-0.7256	-0.3750	0.8993	-0.1586	0.3990	-0.0837	-0.0277	0.0073	0.0019	
3.7625	-18.4917	-3.7908	0.3667	-0.7258	-0.3744	0.8929	-0.1528	0.4106	-0.1027	-0.0295	0.0085	0.0012	
3.8008	-18.5611	-3.8428	0.3669	-0.7254	-0.3766	0.8831	-0.1460	0.4328	-0.1087	-0.0290	0.0126	0.0014	
3.8460	-18.6272	-3.8778	0.3681	-0.7244	-0.3762	0.8805	-0.1298	0.4424	-0.1114	-0.0283	0.0131	0.0040	
3.8869	-18.7050	-3.9032	0.3687	-0.7252	-0.3744	0.8805	-0.1114	0.4418	-0.1313	-0.0309	0.0105	0.0056	
3.9358	-18.7853	-3.9464	0.3703	-0.7263	-0.3752	0.8734	-0.1112	0.4481	-0.1552	-0.0322	0.0103	0.0032	
3.9818	-18.8567	-3.9961	0.3716	-0.7262	-0.3770	0.8629	-0.1125	0.4578	-0.1823	-0.0341	0.0110	0.0005	
4.0190	-18.9315	-4.0421	0.3716	-0.7265	-0.3781	0.8537	-0.1019	0.4678	-0.2042	-0.0362	0.0115	0.0007	
4.0522	-19.0181	-4.0802	0.3711	-0.7285	-0.3782	0.8474	-0.0924	0.4740	-0.2205	-0.0366	0.0112	0.0010	
4.0810	-19.0859	-4.1184	0.3699	-0.7278	-0.3782	0.8501	-0.0786	0.4696	-0.2266	-0.0351	0.0082	0.0026	
4.1221	-19.1535	-4.1547	0.3705	-0.7270	-0.3780	0.8499	-0.0623	0.4689	-0.2333	-0.0344	0.0065	0.0046	
4.1553	-19.2290	-4.1981	0.3700	-0.7274	-0.3788	0.8370	-0.0629	0.4745	-0.2654	-0.0371	0.0071	0.0013	
4.1951	-19.2966	-4.2240	0.3704	-0.7267	-0.3772	0.8360	-0.0530	0.4727	-0.2743	-0.0359	0.0056	0.0019	
4.2397	-19.3515	-4.2503	0.3713	-0.7243	-0.3756	0.8351	-0.0398	0.4707	-0.2825	-0.0351	0.0040	0.0030	
4.2767	-19.4110	-4.2826	0.3713	-0.7226	-0.3749	0.8306	-0.0283	0.4689	-0.2989	-0.0360	0.0028	0.0031	
4.3134	-19.4890	-4.3221	0.3713	-0.7233	-0.3752	0.8245	-0.0281	0.4718	-0.3116	-0.0344	0.0034	0.0016	
4.3397	-19.5545	-4.3555	0.3699	-0.7224	-0.3747	0.8177	-0.0257	0.4776	-0.3206	-0.0330	0.0048	0.0010	
4.3897	-19.6326	-4.3937	0.3715	-0.7232	-0.3747	0.8114	-0.0214	0.4779	-0.3359	-0.0329	0.0044	0.0002	
4.4229	-19.7188	-4.4309	0.3710	-0.7250	-0.3747	0.8116	-0.0220	0.4670	-0.3510	-0.0314	0.0013	-0.0019	
4.4524	-19.7958	-4.4597	0.3701	-0.7256	-0.3736	0.8150	-0.0083	0.4603	-0.3528	-0.0294	-0.0014	-0.0000	
4.4938	-19.8669	-4.4905	0.3706	-0.7254	-0.3728	0.8073	0.0030	0.4611	-0.3681	-0.0308	-0.0011	0.0006	
4.5365	-19.9264	-4.5375	0.3713	-0.7237	-0.3740	0.8011	0.0141	0.4642	-0.3777	-0.0311	-0.0006	0.0015	
4.5881	-20.0001	-4.5874	0.3731	-0.7239	-0.3755	0.7901	0.0268	0.4645	-0.3989	-0.0338	-0.0006	0.0017	
4.6226	-20.0699	-4.6240	0.3727	-0.7236	-0.3754	0.7820	0.0424	0.4661	-0.4115	-0.0348	-0.0005	0.0030	
4.6527	-20.1385	-4.6718	0.3719	-0.7231	-0.3767	0.7799	0.0485	0.4608	-0.4211	-0.0334	-0.0020	0.0023	
4.6873	-20.2141	-4.7061	0.3716	-0.7235	-0.3763	0.7819	0.0586	0.4509	-0.4270	-0.0315	-0.0047	0.0023	
4.7281	-20.2907	-4.7596	0.3720	-0.7240	-0.3782	0.7797	0.0606	0.4439	-0.4378	-0.0301	-0.0057	0.0007	
4.7732	-20.3749	-4.8016	0.3729	-0.7255	-0.3787	0.7748	0.0745	0.4413	-0.4465	-0.0302	-0.0062	0.0019	
4.8090	-20.4540	-4.8389	0.3727	-0.7262	-0.3786	0.7682	0.0736	0.4403	-0.4591	-0.0292	-0.0048	0.0003	
4.8456	-20.5287	-4.8729	0.3726	-0.7265	-0.3782	0.7536	0.0922	0.4445	-0.4754	-0.0323	-0.0034	0.0026	
4.8878	-20.5936	-4.9130	0.3732	-0.7256	-0.3784	0.7520	0.1176	0.4427	-0.4746	-0.0319	-0.0053	0.0062	
4.9275	-20.6616	-4.9515	0.3735	-0.7250	-0.3785	0.7423	0.1292	0.4347	-0.4932	-0.0339	-0.0063	0.0052	
4.9560	-20.7337	-4.9980	0.3725	-0.7250	-0.3795	0.7318	0.1298	0.4374	-0.5066	-0.0332	-0.0039	0.0039	
4.9979	-20.8070	-5.0293	0.3730	-0.7251	-0.3787	0.7231	0.1444	0.4207	-0.5283	-0.0361	-0.0071	0.0025	
5.0299	-20.8807	-5.0664	0.3724	-0.7252	-0.3786	0.7212	0.1518	0.4136	-0.5349	-0.0341	-0.0079	0.0020	
5.0655	-20.9720	-5.1071	0.3722	-0.7273	-0.3790	0.7058	0.1554	0.4143	-0.5533	-0.0349	-0.0055	0.0013	
5.1051	-21.0391	-5.1447	0.3725	-0.7267	-0.3789	0.6964	0.1529	0.4162	-0.5647	-0.0334	-0.0031	0.0001	
5.1369	-21.1142	-5.1733	0.3719	-0.7270	-0.3779	0.6815	0.1552	0.4143	-0.5829	-0.0344	-0.0015	-0.0008	
5.1750	-21.1834	-5.2129	0.3720	-0.7266	-0.3781	0.6726	0.1659	0.4060	-0.5959	-0.0352	-0.0029	-0.0010	
5.2078	-21.2446	-5.2485	0.3715	-0.7253	-0.3779	0.6727	0.1632	0.3972	-0.6031	-0.0323	-0.0034	-0.0032	
5.2401	-21.3291	-5.2907	0.3710	-0.7266	-0.3784	0.6656	0.1553	0.3835	-0.6213	-0.0316	-0.0036	-0.0074	
5.2865	-21.4125	-5.3195	0.3720	-0.7278	-0.3774	0.6555	0.1542	0.3796	-0.6344	-0.0312	-0.0023	-0.0080	
5.3289	-21.4807	-5.3487	0.3725	-0.7273	-0.3765	0.6471	0.1634	0.3805	-0.6404	-0.0307	-0.0018	-0.0057	
5.3595	-21.5577	-5.3924	0.3718	-0.7278	-0.3771	0.6433	0.1682	0.3765	-0.6453	-0.0290	-0.0022	-0.0053	
5.4024	-21.6290	-5.4228	0.3724	-0.7276	-0.3764	0.6301	0.1729	0.3617	-0.6649	-0.0316	-0.0034	-0.0072	
5.4353	-21.6934	-5.4731	0.3720	-0.7267	-0.3777	0.6259	0.1805	0.3512	-0.6727	-0.0310	-0.0051	-0.0075	
5.4761	-21.7796	-5.5186	0.3723	-0.7281	-0.3785	0.6161	0.1937	0.3350	-0.6860	-0.0328	-0.0078	-0.0079	
5.5142	-21.8589	-5.5583	0.3724	-0.7288	-0.3786	0.5991	0.1835	0.3218	-0.7100	-0.0344	-0.0056	-0.0119	
5.5544	-21.9224	-5.5942	0.3727	-0.7279	-0.3784	0.5855	0.1905	0.3097	-0.7245	-0.0359	-0.0062	-0.0120	
5.5835	-22.0062	-5.6382	0.3719	-0.7290	-0.3791	0.5766	0.1982	0.2959	-0.7353	-0.0358	-0.0076	-0.0123	
5.6196	-22.0789	-5.6720	0.3718	-0.7289	-0.3787	0.5572	0.1862	0.2797	-0.7594	-0.0375	-0.0052	-0.0163	
5.6559	-22.1607	-5.7154	0.3717	-0.7298	-0.3792	0.5483	0.1916	0.2607	-0.7711	-0.0376	-0.0071	-0.0174	
5.7028	-22.2303	-5.7512	0.3727	-0.7295	-0.3790	0.5289	0.1897	0.2633	-0.7845	-0.0378	-0.0035	-0.0153	
5.7443	-22.3086	-5.7798	0.3731	-0.7300	-0.3781	0.5164	0.1961	0.2513	-0.7948	-0.0381	-0.0044	-0.0148	
5.7818	-22.3791	-5.8113	0.3731	-0.7298	-0.3775	0.5130	0.1934	0.2364	-0.8025	-0.0359	-0.0046	-0.0163	
5.8143	-22.4547	-5.8444	0.3727	-0.7301	-0.3770	0.4920	0.1969	0.2242	-0.8177	-0.0380	-0.0044	-0.0162	
5.8522	-22.5423	-5.8726	0.3727	-0.7315	-0.3761	0.4841	0.1959	0.2160	-0.8252	-0.0361	-0.0037	-0.0159	
5.8922	-22.6166	-5.9063	0.3730	-0.7316	-0.3757	0.4704	0.1989	0.1962	-0.8369	-0.0371	-0.0051	-0.0174	
5.9327	-22.6852	-5.9391	0.3733	-0.7311	-0.3753	0.4673	0.1895	0.1824	-0.8444	-0.0345	-0.0037	-0.0194	
5.9729	-22.7475	-5.9742	0.3735	-0.7301	-0.3751	0.4619	0.1940	0.1773	-0.8475	-0.0326	-0.0040	-0.0172	
6.0149	-22.8210	-6.0183	0.3740	-0.7302	-0.3757	0.4651	0.1934	0.1695	-0.8476	-0.0288	-0.0042	-0.0168	
6.0533	-22.8925	-6.0586	0.3741	-0.7300	-0.3759	0.4536	0.1879	0.1496	-0.8582	-0.0295	-0.0041	-0.0196	
6.0964	-22.9713	-6.0959	0.3746	-0.7306	-0.3759	0.4485	0.1806	0.1406	-0.8642	-0.0278	-0.0027	-0.0199	
6.1279	-23.0477	-6.1304	0.3740	-0.7309	-0.3756	0.4468	0.1799	0.1202	-0.8682	-0.0264	-0.0042	-0.0218	
6.1691	-23.1259	-6.1693	0.3744	-0.7313	-0.3757	0.4381	0.1790	0.1118	-0.8739	-0.0260	-0.0038	-0.0208	
6.2108	-23.1932	-6.2154	0.3748	-0.7308	-0.3765	0.4273	0.1761	0.1048	-0.8807	-0.0260	-0.0029	-0.0199	
6.2516	-23.2612	-6.2564	0.3750	-0.7303	-0.3768	0.4129	0.1746	0.0974	-0.8886	-0.0269	-0.0022	-0.0189	
6.2964	-23.3311	-6.2938	0.3757	-0.7301	-0.3768	0.3986	0.1735	0.0791	-0.8970	-0.0285	-0.0030	-0.0202	
6.3299	-23.4168	-6.3391	0.3753	-0.7312	-0.3774	0.3823	0.1901	0.0741	-0.9016	-0.0296	-0.0058	-0.0167	
6.3753	-23.4823	-6.3733	0.3760	-0.7305	-0.3771	0.3856	0.1815	0.0668	-0.9026	-0.0260	-0.0039	-0.0170	
6.4112	-23.5506	-6.4143	0.3759	-0.7301	-0.3774	0.3703	0.1907	0.0463	-0.9079	-0.0280	-0.0068	-0.0179	
6.4529	-23.6222	-6.4482	0.3762	-0.7300	-0.3771	0.3685	0.1779	0.0175	-0.9125	-0.0267	-0.0061	-0.0230	
6.4900	-23.6940	-6.4884	0.3762	-0.7299	-0.3773	0.3802	0.1836	0.0086	-0.9072	-0.0218	-0.0074	-0.0218	
6.5205	-23.7688	-6.5225	0.3756	-0.7300	-0.3770	0.3681	0.1762	0.0037	-0.9131	-0.0220	-0.0050	-0.0206	
6.5631	-23.8350	-6.5456	0.3760	-0.7294	-0.3757	0.3538	0.1626	0.0023	-0.9213	-0.0227	-0.0013	-0.0191	
6.6028	-23.9093	-6.5885	0.3762	-0.7296	-0.3762	0.3465	0.1611	-0.0171	-0.9239	-0.0228	-0.0025	-0.0209	
6.6439	-23.9908	-6.6200	0.3765	-0.7303	-0.3757	0.3248	0.1572	-0.0194	-0.9326	-0.0251	-0.0012	-0.0185	
6.6843	-24.0608	-6.6519	0.3767	-0.7300	-0.3752	0.3289	0.1548	-0.0308	-0.9314	-0.0221	-0.0014	-0.0190	
6.7200	-24.1336	-6.6855	0.3765	-0.7300	-0.3749	0.3290	0.1546	-0.0307	-0.9314	-0.0197	-0.0009	-0.0166	
6.7566	-24.2053	-6.7298	0.3765	-0.7299	-0.3754	0.3294	0.1426	-0.0570	-0.9317	-0.0186	-0.0005	-0.0214	
6.7912	-24.2767	-6.7687	0.3762	-0.7298	-0.3755	0.3118	0.1395	-0.0648	-0.9376	-0.0206	-0.0003	-0.0203	
6.8295	-24.3571	-6.8146	0.3763	-0.7304	-0.3762	0.3027	0.1203	-0.0849	-0.9416	-0.0210	0.0022	-0.0238	
6.8725	-24.4258	-6.8482	0.3767	-0.7300	-0.3759	0.3004	0.1275	-0.1052	-0.9396	-0.0202	-0.0013	-0.0246	
6.9065	-24.5021	-6.8778	0.3764	-0.7303	-0.3752	0.2886	0.1152	-0.1085	-0.9444	-0.0206	0.0014	-0.0229	
6.9356	-24.5686	-6.9244	0.3757	-0.7298	-0.3760	0.2839	0.1152	-0.1209	-0.9443	-0.0197	0.0003	-0.0228	
6.9707	-24.6457	-6.9624	0.3755	-0.7301	-0.3760	0.2807	0.1183	-0.1279	-0.9440	-0.0185	-0.0008	-0.0213	
7.0062	-24.7242	-7.0062	0.3754	-0.7305	-0.3765	0.2586	0.1043	-0.1430	-0.9496	-0.0216	0.0009	-0.0227	
7.0436	-24.7964	-7.0420	0.3754	-0.7305	-0.3764	0.2425	0.0883	-0.1512	-0.9542	-0.0230	0.0035	-0.0224	
7.0745	-24.8632	-7.0750	0.3748	-0.7300	-0.3760	0.2341	0.0914	-0.1518	-0.9562	-0.0223	0.0024	-0.0192	
7.1140	-24.9418	-7.1100	0.3750	-0.7304	-0.3758	0.2349	0.0914	-0.1722	-0.9524	-0.0204	0.0007	-0.0216	
7.1488	-25.0153	-7.1524	0.3748	-0.7304	-0.3762	0.2255	0.0883	-0.1827	-0.9529	-0.0205	0.0004	-0.0214	
7.1806	-25.0954	-7.1881	0.3744	-0.7310	-0.3760	0.2044	0.0659	-0.2080	-0.9542	-0.0235	0.0030	-0.0257	
7.2221	-25.1727	-7.2205	0.3747	-0.7313	-0.3756	0.1886	0.0563	-0.2193	-0.9555	-0.0247	0.0036	-0.0254	
7.2514	-25.2437	-7.2575	0.3740	-0.7312	-0.3756	0.1832	0.0574	-0.2335	-0.9534	-0.0234	0.0020	-0.0254	
7.2978	-25.3116	-7.2894	0.3747	-0.7308	-0.3751	0.1753	0.0339	-0.2440	-0.9533	-0.0235	0.0060	-0.0259	
7.3351	-25.3849	-7.3229	0.3747	-0.7308	-0.3748	0.1696	0.0251	-0.2509	-0.9529	-0.0226	0.0067	-0.0247	
7.3736	-25.4550	-7.3593	0.3748	-0.7306	-0.3748	0.1477	0.0051	-0.2508	-0.9568	-0.0253	0.0096	-0.0222	
7.4085	-25.5200	-7.3895	0.3746	-0.7300	-0.3742	0.1411	-0.0098	-0.2613	-0.9549	-0.0246	0.0110	-0.0226	
7.4431	-25.5970	-7.4243	0.3744	-0.7303	-0.3740	0.1381	-0.0122	-0.2728	-0.9522	-0.0229	0.0096	-0.0227	
7.4794	-25.6638	-7.4713	0.3743	-0.7298	-0.3747	0.1270	-0.0183	-0.2818	-0.9509	-0.0229	0.0089	-0.0223	
7.5160	-25.7405	-7.5123	0.3742	-0.7301	-0.3750	0.1022	-0.0290	-0.2944	-0.9497	-0.0258	0.0085	-0.0230	
7.5563	-25.8208	-7.5476	0.3745	-0.7306	-0.3748	0.0869	-0.0417	-0.2983	-0.9496	-0.0268	0.0094	-0.0216	
7.5972	-25.8869	-7.5844	0.3747	-0.7301	-0.3748	0.0961	-0.0549	-0.3089	-0.9451	-0.0231	0.0112	-0.0223	
7.6355	-25.9635	-7.6153	0.3748	-0.7304	-0.3743	0.0884	-0.0569	-0.3120	-0.9445	-0.0224	0.0098	-0.0204	
7.6649	-26.0446	-7.6534	0.3742	-0.7310	-0.3744	0.0840	-0.0521	-0.3257	-0.9406	-0.0205	0.0070	-0.0213	
7.6997	-26.1140	-7.6892	0.3740	-0.7307	-0.3742	0.0834	-0.0651	-0.3250	-0.9400	-0.0193	0.0090	-0.0190	
7.7361	-26.1915	-7.7256	0.3739	-0.7310	-0.3742	0.0753	-0.0821	-0.3297	-0.9375	-0.0199	0.0111	-0.0186	
7.7719	-26.2736	-7.7650	0.3738	-0.7317	-0.3743	0.0693	-0.0898	-0.3390	-0.9339	-0.0193	0.0109	-0.0191	
7.8130	-26.3444	-7.8081	0.3741	-0.7315	-0.3747	0.0363	-0.0975	-0.3455	-0.9328	-0.0239	0.0091	-0.0187	
7.8440	-26.4233	-7.8364	0.3736	-0.7319	-0.3740	0.0363	-0.1103	-0.3457	-0.9314	-0.0224	0.0109	-0.0170	
7.8781	-26.5006	-7.8803	0.3734	-0.7322	-0.3745	0.0335	-0.1190	-0.3510	-0.9283	-0.0211	0.0113	-0.0167	
7.9241	-26.5669	-7.9118	0.3740	-0.7317	-0.3741	0.0337	-0.1401	-0.3571	-0.9230	-0.0202	0.0143	-0.0170	
7.9733	-26.6368	-7.9512	0.3748	-0.7315	-0.3742	0.0179	-0.1443	-0.3622	-0.9208	-0.0214	0.0123	-0.0166	
8.0120	-26.7106	-7.9884	0.3749	-0.7315	-0.3742	-0.0045	-0.1619	-0.3666	-0.9161	-0.0245	0.0131	-0.0166	
8.0412	-26.7988	-8.0298	0.3743	-0.7326	-0.3745	0.0117	0.1761	0.3794	0.9082	-0.0248	0.0126	-0.0149	
8.0681	-26.8747	-8.0647	0.3736	-0.7328	-0.3743	0.0180	0.1873	0.3796	0.9059	-0.0253	0.0123	-0.0154	
8.1066	-26.9435	-8.0945	0.3737	-0.7324	-0.3738	0.0272	0.1956	0.3809	0.9034	-0.0255	0.0121	-0.0152	
8.1429	-27.0247	-8.1373	0.3736	-0.7330	-0.3741	0.0359	0.2038	0.3880	0.8982	-0.0249	0.0122	-0.0157	
8.1771	-27.0995	-8.1672	0.3734	-0.7331	-0.3736	0.0482	0.2204	0.3896	0.8929	-0.0263	0.0134	-0.0149	
8.2095	-27.1813	-8.2071	0.3731	-0.7337	-0.3738	0.0508	0.2328	0.4004	0.8849	-0.0241	0.0154	-0.0169	
8.2400	-27.2593	-8.2478	0.3727	-0.7340	-0.3740	0.0519	0.2542	0.4090	0.8749	-0.0232	0.0198	-0.0180	
8.2736	-27.3308	-8.2873	0.3724	-0.7339	-0.3742	0.0462	0.2606	0.4142	0.8712	-0.0187	0.0194	-0.0168	
8.3160	-27.4025	-8.3288	0.3728	-0.7337	-0.3744	0.0456	0.2620	0.4231	0.8665	-0.0153	0.0174	-0.0172	
8.3494	-27.4792	-8.3627	0.3725	-0.7340	-0.3742	0.0632	0.2615	0.4234	0.8654	-0.0173	0.0128	-0.0160	
8.3904	-27.5575	-8.4068	0.3728	-0.7343	-0.3746	0.0568	0.2767	0.4308	0.8572	-0.0149	0.0160	-0.0161	
8.4276	-27.6337	-8.4526	0.3728	-0.7345	-0.3752	0.0609	0.2841	0.4359	0.8518	-0.0144	0.0155	-0.0159	
8.4664	-27.7107	-8.4891	0.3729	-0.7347	-0.3751	0.0693	0.2947	0.4303	0.8505	-0.0159	0.0150	-0.0132	
8.4988	-27.7802	-8.5292	0.3725	-0.7344	-0.3753	0.0763	0.3051	0.4397	0.8412	-0.0160	0.0154	-0.0149	
8.5382	-27.8553	-8.5697	0.3727	-0.7345	-0.3755	0.0739	0.3076	0.4513	0.8346	-0.0133	0.0149	-0.0161	
8.5790	-27.9333	-8.6141	0.3729	-0.7348	-0.3759	0.0698	0.3038	0.4577	0.8330	-0.0103	0.0128	-0.0156	
8.6165	-28.0090	-8.6512	0.3729	-0.7350	-0.3759	0.0898	0.3097	0.4768	0.8179	-0.0122	0.0120	-0.0200	
8.6568	-28.0874	-8.6914	0.3731	-0.7353	-0.3761	0.0975	0.3333	0.4707	0.8113	-0.0152	0.0147	-0.0174	
8.6994	-28.1666	-8.7320	0.3734	-0.7357	-0.3762	0.0913	0.3538	0.4730	0.8019	-0.0145	0.0181	-0.0165	
8.7473	-28.2404	-8.7691	0.3741	-0.7357	-0.3762	0.0982	0.3816	0.4719	0.7887	-0.0172	0.0215	-0.0158	
8.7839	-28.3165	-8.8036	0.3740	-0.7359	-0.3760	0.1198	0.3859	0.4801	0.7788	-0.0190	0.0188	-0.0176	
8.8197	-28.3944	-8.8338	0.3739	-0.7361	-0.3755	0.1183	0.4029	0.4809	0.7697	-0.0185	0.0207	-0.0166	
8.8578	-28.4653	-8.8706	0.3740	-0.7360	-0.3755	0.1305	0.4197	0.4780	0.7605	-0.0208	0.0209	-0.0155	
8.8876	-28.5348	-8.9124	0.3735	-0.7357	-0.3758	0.1449	0.4220	0.4773	0.7573	-0.0214	0.0177	-0.0146	
8.9330	-28.6131	-8.9463	0.3740	-0.7360	-0.3755	0.1473	0.4323	0.4792	0.7496	-0.0206	0.0178	-0.0143	
8.9759	-28.6914	-8.9836	0.3744	-0.7363	-0.3755	0.1480	0.4374	0.4748	0.7496	-0.0195	0.0163	-0.0121	
9.0158	-28.7592	-9.0200	0.3745	-0.7359	-0.3754	0.1650	0.4449	0.4619	0.7497	-0.0223	0.0134	-0.0093	
9.0532	-28.8316	-9.0633	0.3745	-0.7359	-0.3758	0.1723	0.4597	0.4687	0.7343	-0.0223	0.0155	-0.0113	
9.0958	-28.9020	-9.1084	0.3748	-0.7357	-0.3763	0.1835	0.4639	0.4699	0.7284	-0.0222	0.0137	-0.0115	
9.1281	-28.9774	-9.1459	0.3745	-0.7358	-0.3763	0.1772	0.4715	0.4642	0.7290	-0.0202	0.0138	-0.0088	
9.1610	-29.0439	-9.1829	0.3742	-0.7353	-0.3762	0.1967	0.4749	0.4606	0.7238	-0.0222	0.0112	-0.0089	
9.2002	-29.1237	-9.2202	0.3743	-0.7357	-0.3762	0.1988	0.4851	0.4554	0.7197	-0.0218	0.0116	-0.0076	
9.2356	-29.1943	-9.2591	0.3742	-0.7355	-0.3763	0.2048	0.4923	0.4558	0.7127	-0.0214	0.0116	-0.0079	
9.2717	-29.2713	-9.3019	0.3741	-0.7357	-0.3766	0.2161	0.5056	0.4586	0.6980	-0.0223	0.0131	-0.0095	
9.3123	-29.3444	-9.3438	0.3743	-0.7357	-0.3768	0.2159	0.5235	0.4507	0.6901	-0.0229	0.0151	-0.0075	
9.3473	-29.4183	-9.3831	0.3742	-0.7357	-0.3769	0.2166	0.5355	0.4558	0.6772	-0.0216	0.0171	-0.0086	
9.3877	-29.4961	-9.4232	0.3744	-0.7360	-0.3771	0.2226	0.5397	0.4505	0.6757	-0.0213	0.0149	-0.0075	
9.4190	-29.5727	-9.4664	0.3740	-0.7362	-0.3774	0.2342	0.5392	0.4592	0.6662	-0.0200	0.0134	-0.0101	
9.4555	-29.6424	-9.5052	0.3739	-0.7359	-0.3775	0.2387	0.5469	0.4599	0.6576	-0.0196	0.0137	-0.0101	
9.4941	-29.7143	-9.5423	0.3740	-0.7358	-0.3774	0.2533	0.5533	0.4619	0.6452	-0.0206	0.0132	-0.0116	
9.5273	-29.7864	-9.5820	0.3738	-0.7357	-0.3776	0.2604	0.5757	0.4557	0.6269	-0.0234	0.0165	-0.0109	
9.5717	-29.8614	-9.6123	0.3742	-0.7358	-0.3771	0.2891	0.5814	0.4672	0.6004	-0.0254	0.0163	-0.0165	
9.6123	-29.9367	-9.6510	0.3744	-0.7359	-0.3772	0.2883	0.5830	0.4739	0.5941	-0.0220	0.0159	-0.0164	
9.6547	-30.0038	-9.6843	0.3746	-0.7356	-0.3769	0.2988	0.5822	0.4713	0.5917	-0.0216	0.0127	-0.0156	
9.6954	-30.0738	-9.7209	0.3748	-0.7353	-0.3768	0.3078	0.5977	0.4698	0.5720	-0.0235	0.0152	-0.0159	
9.7290	-30.1448	-9.7552	0.3746	-0.7352	-0.3767	0.3049	0.6131	0.4669	0.5598	-0.0232	0.0176	-0.0140	
9.7661	-30.2228	-9.7888	0.3746	-0.7355	-0.3764	0.3136	0.6203	0.4639	0.5493	-0.0236	0.0168	-0.0138	
9.8009	-30.2959	-9.8246	0.3744	-0.7354	-0.3763	0.3194	0.6272	0.4623	0.5394	-0.0233	0.0165	-0.0134	
9.8403	-30.3613	-9.8605	0.3745	-0.7350	-0.3762	0.3144	0.6395	0.4663	0.5245	-0.0217	0.0194	-0.0128	
9.8773	-30.4374	-9.8959	0.3745	-0.7351	-0.3761	0.3112	0.6496	0.4677	0.5124	-0.0203	0.0208	-0.0120	
9.9187	-30.5079	-9.9305	0.3747	-0.7350	-0.3759	0.3084	0.6587	0.4633	0.5066	-0.0196	0.0204	-0.0099	
9.9607	-30.5860	-9.9717	0.3750	-0.7352	-0.3761	0.3202	0.6696	0.4550	0.4919	-0.0223	0.0195	-0.0102	
10.0042	-30.6568	-10.0134	0.3753	-0.7351	-0.3764	0.3286	0.6789	0.4529	0.4752	-0.0233	0.0198	-0.0110	
10.0474	-30.7311	-10.0526	0.3756	-0.7351	-0.3764	0.3347	0.6805	0.4546	0.4675	-0.0218	0.0181	-0.0114	
10.0854	-30.7968	-10.0955	0.3756	-0.7347	-0.3767	0.3334	0.6895	0.4506	0.4590	-0.0213	0.0182	-0.0098	
10.1170	-30.8713	-10.1354	0.3753	-0.7347	-0.3769	0.3355	0.6969	0.4460	0.4505	-0.0212	0.0176	-0.0090	
10.1531	-30.9454	-10.1694	0.3752	-0.7348	-0.3767	0.3465	0.7065	0.4396	0.4329	-0.0234	0.0178	-0.0099	
10.1844	-31.0231	-10.2029	0.3749	-0.7350	-0.3764	0.3426	0.7215	0.4233	0.4281	-0.0246	0.0175	-0.0062	
10.2203	-31.0980	-10.2421	0.3748	-0.7351	-0.3765	0.3396	0.7289	0.4159	0.4251	-0.0234	0.0165	-0.0043	
10.2580	-31.1672	-10.2795	0.3748	-0.7348	-0.3765	0.3428	0.7400	0.4026	0.4155	-0.0251	0.0160	-0.0031	
10.2866	-31.2432	-10.3120	0.3744	-0.7350	-0.3762	0.3595	0.7422	0.3897	0.4104	-0.0268	0.0123	-0.0043	
10.3238	-31.3143	-10.3505	0.3744	-0.7348	-0.3763	0.3647	0.7403	0.3881	0.4111	-0.0243	0.0097	-0.0045	
10.3582	-31.3845	-10.3887	0.3742	-0.7347	-0.3763	0.3726	0.7470	0.3809	0.3975	-0.0253	0.0102	-0.0051	
10.3978	-31.4641	-10.4260	0.3743	-0.7350	-0.3763	0.3739	0.7586	0.3737	0.3808	-0.0261	0.0125	-0.0048	
10.4422	-31.5380	-10.4646	0.3747	-0.7350	-0.3763	0.3783	0.7694	0.3648	0.3627	-0.0275	0.0141	-0.0049	
10.4818	-31.6108	-10.5012	0.3748	-0.7350	-0.3763	0.3764	0.7715	0.3725	0.3537	-0.0237	0.0151	-0.0052	
10.5243	-31.6804	-10.5370	0.3750	-0.7348	-0.3762	0.3807	0.7743	0.3762	0.3377	-0.0225	0.0163	-0.0066	
10.5618	-31.7492	-10.5760	0.3750	-0.7345	-0.3763	0.3825	0.7821	0.3690	0.3252	-0.0231	0.0165	-0.0060	
10.5928	-31.8190	-10.6119	0.3747	-0.7343	-0.3762	0.3833	0.7943	0.3629	0.3006	-0.0249	0.0197	-0.0060	
10.6320	-31.8979	-10.6531	0.3748	-0.7346	-0.3764	0.3859	0.7930	0.3603	0.3056	-0.0219	0.0157	-0.0055	
10.6668	-31.9733	-10.6950	0.3747	-0.7347	-0.3766	0.4010	0.7879	0.3658	0.2918	-0.0205	0.0145	-0.0093	
10.7089	-32.0495	-10.7293	0.3749	-0.7349	-0.3764	0.4114	0.7894	0.3644	0.2732	-0.0211	0.0151	-0.0112	
10.7468	-32.1218	-10.7668	0.3749	-0.7348	-0.3764	0.4166	0.7949	0.3602	0.2546	-0.0221	0.0163	-0.0116	
10.7804	-32.1945	-10.8033	0.3747	-0.7348	-0.3763	0.4282	0.7929	0.3604	0.2412	-0.0215	0.0154	-0.0135	
10.8170	-32.2685	-10.8365	0.3747	-0.7348	-0.3761	0.4328	0.7977	0.3490	0.2341	-0.0224	0.0139	-0.0124	
10.8560	-32.3416	-10.8728	0.3748	-0.7348	-0.3760	0.4478	0.7974	0.3374	0.2231	-0.0240	0.0117	-0.0140	
10.8945	-32.4150	-10.9070	0.3748	-0.7348	-0.3759	0.4585	0.7941	0.3351	0.2171	-0.0227	0.0099	-0.0150	
10.9301	-32.4894	-10.9508	0.3747	-0.7348	-0.3762	0.4577	0.8052	0.3154	0.2076	-0.0253	0.0097	-0.0120	
10.9715	-32.5625	-10.9947	0.3749	-0.7348	-0.3765	0.4600	0.8069	0.3164	0.1932	-0.0239	0.0112	-0.0119	
11.0129	-32.6315	-11.0353	0.3751	-0.7346	-0.3767	0.4614	0.8134	0.2991	0.1906	-0.0252	0.0092	-0.0097	
11.0547	-32.7064	-11.0717	0.3753	-0.7346	-0.3766	0.4613	0.8236	0.2848	0.1662	-0.0283	0.0121	-0.0085	
11.0933	-32.7794	-11.1099	0.3754	-0.7346	-0.3766	0.4614	0.8255	0.2822	0.1627	-0.0259	0.0112	-0.0075	
11.1318	-32.8512	-11.1442	0.3754	-0.7345	-0.3764	0.4674	0.8227	0.2855	0.1538	-0.0233	0.0111	-0.0087	
11.1714	-32.9305	-11.1857	0.3755	-0.7348	-0.3766	0.4668	0.8254	0.2841	0.1424	-0.0222	0.0120	-0.0081	
11.2134	-33.0056	-11.2259	0.3757	-0.7349	-0.3768	0.4724	0.8261	0.2719	0.1445	-0.0218	0.0086	-0.0078	
11.2485	-33.0766	-11.2648	0.3756	-0.7348	-0.3768	0.4651	0.8324	0.2668	0.1413	-0.0206	0.0088	-0.0048	
11.2860	-33.1502	-11.3008	0.3756	-0.7348	-0.3767	0.4632	0.8398	0.2598	0.1128	-0.0232	0.0130	-0.0045	
11.3206	-33.2212	-11.3373	0.3755	-0.7347	-0.3767	0.4696	0.8406	0.2481	0.1073	-0.0236	0.0109	-0.0052	
11.3570	-33.2969	-11.3680	0.3754	-0.7348	-0.3763	0.4748	0.8380	0.2540	0.0897	-0.0217	0.0129	-0.0069	
11.3937	-33.3691	-11.4087	0.3754	-0.7347	-0.3765	0.4671	0.8442	0.2513	0.0790	-0.0210	0.0141	-0.0045	
11.4337	-33.4441	-11.4452	0.3755	-0.7348	-0.3764	0.4783	0.8414	0.2405	0.0758	-0.0210	0.0110	-0.0066	
11.4680	-33.5153	-11.4819	0.3753	-0.7347	-0.3764	0.4800	0.8446	0.2307	0.0535	-0.0233	0.0130	-0.0068	
11.5053	-33.5898	-11.5174	0.3753	-0.7347	-0.3763	0.4930	0.8383	0.2301	0.0370	-0.0226	0.0132	-0.0102	
11.5404	-33.6668	-11.5580	0.3752	-0.7349	-0.3764	0.4901	0.8412	0.2278	0.0192	-0.0225	0.0151	-0.0090	
11.5814	-33.7397	-11.5973	0.3754	-0.7349	-0.3765	0.4869	0.8416	0.2345	0.0064	-0.0200	0.0166	-0.0080	
11.6210	-33.8139	-11.6335	0.3755	-0.7349	-0.3764	0.4925	0.8408	0.2236	-0.0201	-0.0230	0.0182	-0.0096	
11.6558	-33.8823	-11.6701	0.3753	-0.7347	-0.3764	0.5146	0.8312	0.2094	-0.0314	-0.0241	0.0151	-0.0148	
11.6904	-33.9571	-11.7039	0.3752	-0.7347	-0.3762	0.5082	0.8336	0.2133	-0.0424	-0.0218	0.0164	-0.0120	
11.7307	-34.0313	-11.7433	0.3753	-0.7348	-0.3763	0.5084	0.8330	0.2101	-0.0583	-0.0218	0.0172	-0.0115	
11.7683	-34.1044	-11.7770	0.3753	-0.7347	-0.3761	0.5074	0.8353	0.2007	-0.0685	-0.0223	0.0164	-0.0102	
11.8043	-34.1790	-11.8171	0.3753	-0.7348	-0.3762	0.5100	0.8338	0.1924	-0.0870	-0.0234	0.0170	-0.0107	
11.8423	-34.2563	-11.8572	0.3753	-0.7350	-0.3763	0.5118	0.8346	0.1772	-0.1002	-0.0252	0.0160	-0.0105	
11.8784	-34.3308	-11.8988	0.3752	-0.7350	-0.3765	0.5153	0.8313	0.1698	-0.1205	-0.0259	0.0169	-0.0115	
11.9210	-34.4036	-11.9341	0.3755	-0.7350	-0.3764	0.5205	0.8289	0.1621	-0.1266	-0.0249	0.0151	-0.0119	
11.9566	-34.4799	-11.9700	0.3754	-0.7351	-0.3763	0.5211	0.8292	0.1546	-0.1313	-0.0239	0.0136	-0.0108	
11.9942	-34.5614	-12.0098	0.3754	-0.7355	-0.3764	0.5226	0.8285	0.1362	-0.1478	-0.0266	0.0132	-0.0110	
12.0264	-34.6367	-12.0468	0.3751	-0.7356	-0.3764	0.5267	0.8234	0.1409	-0.1589	-0.0234	0.0141	-0.0116	
12.0635	-34.7121	-12.0853	0.3751	-0.7356	-0.3764	0.5335	0.8186	0.1277	-0.1705	-0.0242	0.0131	-0.0130	
12.1009	-34.7879	-12.1195	0.3751	-0.7358	-0.3763	0.5320	0.8177	0.1188	-0.1852	-0.0250	0.0135	-0.0119	
12.1358	-34.8594	-12.1555	0.3750	-0.7357	-0.3762	0.5279	0.8200	0.1187	-0.1882	-0.0225	0.0127	-0.0094	
12.1759	-34.9317	-12.1888	0.3751	-0.7356	-0.3760	0.5274	0.8210	0.0975	-0.1960	-0.0251	0.0106	-0.0088	
12.2188	-35.0010	-12.2253	0.3753	-0.7354	-0.3759	0.5236	0.8243	0.0874	-0.1975	-0.0246	0.0087	-0.0069	
12.2557	-35.0774	-12.2648	0.3753	-0.7355	-0.3760	0.5255	0.8215	0.0789	-0.2071	-0.0243	0.0085	-0.0074	
12.2949	-35.1502	-12.3027	0.3754	-0.7355	-0.3760	0.5278	0.8206	0.0732	-0.2075	-0.0224	0.0070	-0.0073	
12.3344	-35.2181	-12.3373	0.3755	-0.7352	-0.3759	0.5329	0.8165	0.0557	-0.2149	-0.0239	0.0057	-0.0088	
12.3751	-35.2929	-12.3766	0.3756	-0.7353	-0.3760	0.5375	0.8086	0.0619	-0.2323	-0.0217	0.0088	-0.0101	
12.4106	-35.3722	-12.4209	0.3755	-0.7356	-0.3763	0.5361	0.8045	0.0530	-0.2498	-0.0230	0.0101	-0.0101	
12.4518	-35.4490	-12.4544	0.3757	-0.7357	-0.3761	0.5336	0.8033	0.0372	-0.2620	-0.0251	0.0096	-0.0094	
12.4887	-35.5241	-12.4853	0.3757	-0.7358	-0.3758	0.5389	0.7978	0.0313	-0.2688	-0.0236	0.0093	-0.0104	
12.5289	-35.5956	-12.5238	0.3758	-0.7357	-0.3758	0.5454	0.7903	0.0120	-0.2789	-0.0254	0.0083	-0.0125	
12.5623	-35.6701	-12.5635	0.3756	-0.7357	-0.3759	0.5431	0.7910	0.0118	-0.2824	-0.0229	0.0079	-0.0105	
12.5956	-35.7468	-12.5970	0.3754	-0.7359	-0.3758	0.5326	0.7901	-0.0015	-0.3035	-0.0261	0.0093	-0.0082	
12.6346	-35.8205	-12.6316	0.3755	-0.7359	-0.3756	0.5358	0.7766	-0.0099	-0.3314	-0.0279	0.0129	-0.0107	
12.6772	-35.8941	-12.6679	0.3757	-0.7359	-0.3756	0.5344	0.7691	-0.0239	-0.3494	-0.0298	0.0135	-0.0111	
12.7148	-35.9674	-12.7078	0.3757	-0.7359	-0.3757	0.5254	0.7671	-0.0327	-0.3667	-0.0308	0.0140	-0.0091	
12.7542	-36.0378	-12.7452	0.3758	-0.7357	-0.3757	0.5290	0.7658	-0.0352	-0.3652	-0.0270	0.0121	-0.0089	
12.7896	-36.1175	-12.7784	0.3757	-0.7360	-0.3755	0.5262	0.7597	-0.0209	-0.3825	-0.0234	0.0156	-0.0075	
12.8266	-36.1912	-12.8159	0.3757	-0.7360	-0.3755	0.5281	0.7549	-0.0255	-0.3884	-0.0220	0.0148	-0.0079	
12.8580	-36.2625	-12.8549	0.3754	-0.7359	-0.3755	0.5243	0.7530	-0.0457	-0.3952	-0.0243	0.0122	-0.0077	
12.8906	-36.3354	-12.8909	0.3752	-0.7359	-0.3755	0.5263	0.7444	-0.0478	-0.4083	-0.0231	0.0136	-0.0086	
12.9258	-36.4123	-12.9275	0.3751	-0.7360	-0.3754	0.5279	0.7406	-0.0556	-0.4122	-0.0221	0.0123	-0.0088	
12.9646	-36.4881	-12.9596	0.3751	-0.7361	-0.3752	0.5185	0.7416	-0.0506	-0.4233	-0.0208	0.0130	-0.0055	
13.0069	-36.5634	-12.9967	0.3754	-0.7362	-0.3752	0.5295	0.7266	-0.0595	-0.4339	-0.0204	0.0139	-0.0095	
13.0452	-36.6352	-13.0364	0.3754	-0.7361	-0.3753	0.5293	0.7210	-0.0665	-0.4422	-0.0203	0.0134	-0.0097	
13.0873	-36.7089	-13.0733	0.3756	-0.7361	-0.3752	0.5271	0.7106	-0.0749	-0.4598	-0.0220	0.0147	-0.0102	
13.1194	-36.7870	-13.1105	0.3753	-0.7363	-0.3752	0.5279	0.6996	-0.0972	-0.4716	-0.0249	0.0136	-0.0122	
13.1574	-36.8595	-13.1513	0.3754	-0.7362	-0.3754	0.5241	0.6920	-0.1006	-0.4863	-0.0249	0.0147	-0.0115	
13.1950	-36.9333	-13.1867	0.3754	-0.7363	-0.3753	0.5202	0.6912	-0.1135	-0.4890	-0.0250	0.0119	-0.0104	
13.2342	-37.0033	-13.2283	0.3754	-0.7361	-0.3754	0.5174	0.6874	-0.1237	-0.4945	-0.0250	0.0106	-0.0101	
13.2679	-37.0802	-13.2690	0.3753	-0.7362	-0.3756	0.5114	0.6773	-0.1285	-0.5130	-0.0258	0.0127	-0.0096	
13.2984	-37.1589	-13.3086	0.3750	-0.7364	-0.3757	0.5141	0.6737	-0.1301	-0.5151	-0.0229	0.0120	-0.0095	
13.3329	-37.2326	-13.3475	0.3749	-0.7364	-0.3757	0.5149	0.6644	-0.1378	-0.5238	-0.0226	0.0122	-0.0103	
13.3702	-37.3109	-13.3858	0.3748	-0.7366	-0.3757	0.5031	0.6647	-0.1430	-0.5337	-0.0234	0.0112	-0.0075	
13.4069	-37.3863	-13.4235	0.3748	-0.7367	-0.3758	0.4923	0.6553	-0.1528	-0.5520	-0.0261	0.0123	-0.0069	
13.4480	-37.4542	-13.4617	0.3750	-0.7365	-0.3758	0.4895	0.6551	-0.1684	-0.5508	-0.0259	0.0088	-0.0070	
13.4895	-37.5254	-13.4990	0.3751	-0.7364	-0.3758	0.4873	0.6397	-0.1811	-0.5660	-0.0275	0.0106	-0.0089	
13.5290	-37.5992	-13.5300	0.3752	-0.7364	-0.3755	0.4759	0.6279	-0.1948	-0.5840	-0.0305	0.0114	-0.0085	
13.5706	-37.6674	-13.5679	0.3754	-0.7362	-0.3755	0.4754	0.6260	-0.2006	-0.5852	-0.0281	0.0099	-0.0082	
13.6071	-37.7459	-13.6046	0.3753	-0.7364	-0.3755	0.4717	0.6223	-0.2056	-0.5901	-0.0268	0.0093	-0.0075	
13.6443	-37.8237	-13.6457	0.3753	-0.7365	-0.3756	0.4603	0.6172	-0.2184	-0.5995	-0.0285	0.0083	-0.0068	
13.6841	-37.8978	-13.6847	0.3754	-0.7366	-0.3757	0.4662	0.6060	-0.2407	-0.5983	-0.0284	0.0066	-0.0107	
13.7231	-37.9720	-13.7210	0.3755	-0.7366	-0.3756	0.4579	0.5935	-0.2588	-0.6090	-0.0307	0.0066	-0.0115	
13.7593	-38.0425	-13.7612	0.3754	-0.7364	-0.3757	0.4638	0.5834	-0.2566	-0.6159	-0.0271	0.0089	-0.0116	
13.7941	-38.1196	-13.8016	0.3753	-0.7366	-0.3758	0.4552	0.5847	-0.2596	-0.6197	-0.0259	0.0075	-0.0092	
13.8319	-38.1956	-13.8350	0.3753	-0.7367	-0.3757	0.4495	0.5697	-0.2628	-0.6359	-0.0264	0.0102	-0.0089	
13.8683	-38.2742	-13.8698	0.3753	-0.7369	-0.3756	0.4392	0.5628	-0.2578	-0.6513	-0.0259	0.0121	-0.0061	
13.9006	-38.3480	-13.9056	0.3751	-0.7369	-0.3755	0.4297	0.5534	-0.2572	-0.6656	-0.0259	0.0135	-0.0045	
13.9396	-38.4214	-13.9429	0.3751	-0.7369	-0.3755	0.4331	0.5385	-0.2751	-0.6686	-0.0263	0.0129	-0.0081	
13.9778	-38.4950	-13.9796	0.3752	-0.7369	-0.3754	0.4435	0.5320	-0.2815	-0.6647	-0.0228	0.0120	-0.0099	
14.0169	-38.5662	-14.0199	0.3752	-0.7368	-0.3756	0.4388	0.5181	-0.3036	-0.6685	-0.0253	0.0106	-0.0124	
14.0516	-38.6394	-14.0579	0.3751	-0.7367	-0.3756	0.4340	0.5079	-0.3115	-0.6758	-0.0254	0.0107	-0.0122	
14.0901	-38.7104	-14.0981	0.3751	-0.7366	-0.3757	0.4363	0.4907	-0.3239	-0.6811	-0.0255	0.0117	-0.0143	
14.1287	-38.7880	-14.1404	0.3752	-0.7368	-0.3759	0.4232	0.4786	-0.3201	-0.6998	-0.0263	0.0139	-0.0112	
14.1671	-38.8587	-14.1794	0.3752	-0.7367	-0.3759	0.4236	0.4778	-0.3156	-0.7025	-0.0230	0.0134	-0.0091	
14.2043	-38.9352	-14.2221	0.3752	-0.7368	-0.3761	0.4078	0.4745	-0.3263	-0.7087	-0.0249	0.0108	-0.0079	
14.2421	-39.0077	-14.2644	0.3752	-0.7367	-0.3763	0.3963	0.4618	-0.3432	-0.7154	-0.0274	0.0098	-0.0091	
14.2757	-39.0830	-14.3020	0.3751	-0.7368	-0.3763	0.4035	0.4516	-0.3473	-0.7163	-0.0245	0.0107	-0.0102	
14.3157	-39.1574	-14.3420	0.3752	-0.7368	-0.3764	0.4035	0.4498	-0.3432	-0.7195	-0.0217	0.0106	-0.0083	
14.3554	-39.2323	-14.3800	0.3752	-0.7369	-0.3764	0.3985	0.4442	-0.3575	-0.7185	-0.0222	0.0083	-0.0095	
14.3924	-39.3066	-14.4187	0.3752	-0.7369	-0.3765	0.3971	0.4372	-0.3595	-0.7226	-0.0210	0.0087	-0.0089	
14.4293	-39.3752	-14.4570	0.3752	-0.7367	-0.3765	0.3785	0.4255	-0.3618	-0.7382	-0.0237	0.0096	-0.0066	
14.4677	-39.4524	-14.4907	0.3752	-0.7368	-0.3763	0.3693	0.4110	-0.3616	-0.7510	-0.0246	0.0116	-0.0055	
14.5076	-39.5249	-14.5268	0.3753	-0.7368	-0.3763	0.3579	0.4069	-0.3660	-0.7566	-0.0249	0.0102	-0.0043	
14.5443	-39.5952	-14.5700	0.3753	-0.7367	-0.3765	0.3654	0.4011	-0.3755	-0.7519	-0.0222	0.0093	-0.0066	
14.5819	-39.6684	-14.6048	0.3753	-0.7367	-0.3764	0.3619	0.3867	-0.3809	-0.7579	-0.0225	0.0105	-0.0072	
14.6187	-39.7439	-14.6425	0.3753	-0.7367	-0.3764	0.3473	0.3841	-0.3767	-0.7683	-0.0227	0.0100	-0.0039	
14.6563	-39.8153	-14.6796	0.3753	-0.7366	-0.3764	0.3486	0.3738	-0.3836	-0.7693	-0.0217	0.0102	-0.0053	
14.6976	-39.8855	-14.7224	0.3754	-0.7365	-0.3766	0.3448	0.3560	-0.3981	-0.7719	-0.0232	0.0107	-0.0081	
14.7332	-39.9607	-14.7515	0.3753	-0.7366	-0.3762	0.3369	0.3534	-0.3989	-0.7763	-0.0225	0.0095	-0.0064	
14.7698	-40.0353	-14.7888	0.3753	-0.7366	-0.3762	0.3324	0.3528	-0.4027	-0.7766	-0.0212	0.0078	-0.0058	
14.8061	-40.1136	-14.8239	0.3753	-0.7368	-0.3761	0.3142	0.3360	-0.4165	-0.7841	-0.0251	0.0078	-0.0070	
14.8423	-40.1898	-14.8587	0.3752	-0.7369	-0.3760	0.2934	0.3223	-0.4257	-0.7929	-0.0283	0.0074	-0.0067	
14.8817	-40.2637	-14.9016	0.3753	-0.7369	-0.3762	0.2971	0.3061	-0.4342	-0.7936	-0.0270	0.0092	-0.0087	
14.9224	-40.3401	-14.9402	0.3754	-0.7370	-0.3763	0.2976	0.2926	-0.4441	-0.7929	-0.0261	0.0097	-0.0105	
14.9609	-40.4112	-14.9765	0.3754	-0.7369	-0.3762	0.2843	0.2876	-0.4532	-0.7944	-0.0267	0.0076	-0.0101	
15.0014	-40.4897	-15.0140	0.3755	-0.7371	-0.3762	0.2816	0.2815	-0.4638	-0.7916	-0.0256	0.0064	-0.0112	
15.0373	-40.5634	-15.0460	0.3755	-0.7371	-0.3760	0.2747	0.2658	-0.4708	-0.7951	-0.0262	0.0076	-0.0115	
15.0764	-40.6385	-15.0853	0.3755	-0.7371	-0.3760	0.2768	0.2551	-0.4802	-0.7925	-0.0247	0.0079	-0.0128	
15.1183	-40.7100	-15.1259	0.3757	-0.7370	-0.3762	0.2707	0.2473	-0.4789	-0.7978	-0.0239	0.0083	-0.0107	
15.1525	-40.7828	-15.1685	0.3756	-0.7370	-0.3763	0.2510	0.2189	-0.4922	-0.8042	-0.0287	0.0102	-0.0122	
15.1856	-40.8579	-15.2055	0.3754	-0.7370	-0.3763	0.2491	0.2025	-0.4975	-0.8059	-0.0280	0.0117	-0.0125	
15.2264	-40.9285	-15.2457	0.3755	-0.7369	-0.3764	0.2313	0.1926	-0.5146	-0.8029	-0.0299	0.0088	-0.0142	
15.2684	-40.9999	-15.2832	0.3757	-0.7369	-0.3764	0.2275	0.1801	-0.5321	-0.7955	-0.0294	0.0078	-0.0170	
15.3056	-41.0728	-15.3203	0.3757	-0.7368	-0.3764	0.2288	0.1594	-0.5399	-0.7942	-0.0287	0.0102	-0.0178	
15.3440	-41.1493	-15.3586	0.3757	-0.7369	-0.3764	0.2329	0.1460	-0.5396	-0.7961	-0.0265	0.0121	-0.0164	
15.3822	-41.2242	-15.3980	0.3757	-0.7370	-0.3765	0.2125	0.1486	-0.5428	-0.7994	-0.0268	0.0081	-0.0138	
15.4201	-41.2992	-15.4382	0.3757	-0.7370	-0.3766	0.2016	0.1419	-0.5637	-0.7885	-0.0270	0.0052	-0.0173	
15.4601	-41.3729	-15.4756	0.3758	-0.7370	-0.3766	0.2089	0.1297	-0.5697	-0.7845	-0.0244	0.0069	-0.0176	
15.4983	-41.4464	-15.5085	0.3758	-0.7370	-0.3764	0.2196	0.1120	-0.5676	-0.7859	-0.0221	0.0106	-0.0162	
15.5344	-41.5213	-15.5502	0.3758	-0.7371	-0.3765	0.2103	0.0868	-0.5764	-0.7848	-0.0246	0.0124	-0.0172	
15.5734	-41.5945	-15.5867	0.3758	-0.7370	-0.3765	0.2043	0.0718	-0.5878	-0.7794	-0.0249	0.0121	-0.0186	
15.6117	-41.6698	-15.6274	0.3759	-0.7371	-0.3766	0.1929	0.0664	-0.5863	-0.7843	-0.0248	0.0109	-0.0155	
15.6534	-41.7439	-15.6664	0.3760	-0.7371	-0.3766	0.2035	0.0551	-0.5835	-0.7847	-0.0215	0.0130	-0.0139	
15.6880	-41.8167	-15.7075	0.3759	-0.7371	-0.3768	0.1888	0.0324	-0.5885	-0.7854	-0.0247	0.0137	-0.0139	
15.7306	-41.8881	-15.7451	0.3761	-0.7370	-0.3768	0.1831	0.0296	-0.5920	-0.7846	-0.0233	0.0118	-0.0131	
15.7683	-41.9622	-15.7860	0.3761	-0.7370	-0.3769	0.1747	0.0292	-0.5941	-0.7850	-0.0222	0.0097	-0.0119	
15.8054	-42.0390	-15.8276	0.3761	-0.7371	-0.3770	0.1680	0.0255	-0.5996	-0.7822	-0.0213	0.0083	-0.0120	
15.8387	-42.1116	-15.8685	0.3759	-0.7371	-0.3771	0.1616	0.0155	-0.6014	-0.7823	-0.0214	0.0084	-0.0113	
15.8779	-42.1905	-15.9051	0.3760	-0.7373	-0.3771	0.1592	0.0098	-0.6054	-0.7799	-0.0201	0.0080	-0.0113	
15.9180	-42.2642	-15.9411	0.3761	-0.7373	-0.3770	0.1499	0.0048	-0.6125	-0.7762	-0.0200	0.0065	-0.0119	
15.9526	-42.3360	-15.9818	0.3760	-0.7372	-0.3771	0.1516	-0.0179	-0.6143	-0.7743	-0.0205	0.0096	-0.0120	
15.9920	-42.4066	-16.0174	0.3760	-0.7371	-0.3771	0.1396	-0.0244	-0.6212	-0.7708	-0.0211	0.0079	-0.0125	
16.0294	-42.4772	-16.0593	0.3760	-0.7370	-0.3772	0.1287	-0.0328	-0.6365	-0.7598	-0.0213	0.0065	-0.0157	
16.0628	-42.5496	-16.0933	0.3759	-0.7369	-0.3771	0.1322	-0.0436	-0.6385	-0.7571	-0.0198	0.0078	-0.0150	
16.1017	-42.6172	-16.1255	0.3759	-0.7367	-0.3769	0.1269	-0.0544	-0.6410	-0.7550	-0.0199	0.0080	-0.0144	
16.1421	-42.6900	-16.1609	0.3760	-0.7367	-0.3768	0.1222	-0.0775	-0.6584	-0.7386	-0.0210	0.0094	-0.0191	
16.1828	-42.7641	-16.2006	0.3761	-0.7367	-0.3769	0.1085	-0.0777	-0.6585	-0.7411	-0.0211	0.0069	-0.0165	
16.2177	-42.8360	-16.2397	0.3760	-0.7366	-0.3769	0.1019	-0.1055	-0.6654	-0.7318	-0.0235	0.0094	-0.0181	
16.2561	-42.9083	-16.2773	0.3760	-0.7366	-0.3769	0.0904	-0.1128	-0.6696	-0.7286	-0.0238	0.0081	-0.0175	
16.2957	-42.9825	-16.3176	0.3761	-0.7366	-0.3770	0.0844	-0.1303	-0.6793	-0.7172	-0.0241	0.0090	-0.0195	
16.3291	-43.0561	-16.3559	0.3760	-0.7366	-0.3770	0.0674	-0.1326	-0.6772	-0.7210	-0.0249	0.0065	-0.0165	
16.3665	-43.1330	-16.3974	0.3760	-0.7367	-0.3772	0.0662	-0.1459	-0.6842	-0.7115	-0.0239	0.0076	-0.0177	
16.4033	-43.2064	-16.4378	0.3759	-0.7367	-0.3773	0.0550	-0.1482	-0.6813	-0.7152	-0.0236	0.0058	-0.0147	
16.4411	-43.2828	-16.4772	0.3759	-0.7368	-0.3773	0.0599	-0.1709	-0.6821	-0.7087	-0.0233	0.0092	-0.0147	
16.4815	-43.3564	-16.5138	0.3760	-0.7368	-0.3773	0.0531	-0.1814	-0.6906	-0.6981	-0.0229	0.0090	-0.0165	
16.5229	-43.4276	-16.5525	0.3762	-0.7367	-0.3773	0.0569	-0.2009	-0.6965	-0.6866	-0.0221	0.0115	-0.0178	
16.5629	-43.5018	-16.5887	0.3762	-0.7367	-0.3773	0.0450	-0.2143	-0.7086	-0.6708	-0.0229	0.0110	-0.0209	
16.6015	-43.5759	-16.6229	0.3763	-0.7367	-0.3771	0.0402	-0.2316	-0.7140	-0.6594	-0.0233	0.0119	-0.0218	
16.6409	-43.6466	-16.6628	0.3763	-0.7366	-0.3772	0.0372	-0.2499	-0.7162	-0.6504	-0.0237	0.0131	-0.0215	
16.6792	-43.7220	-16.6993	0.3764	-0.7367	-0.3772	0.0315	-0.2521	-0.7198	-0.6464	-0.0222	0.0115	-0.0204	
16.7153	-43.7957	-16.7332	0.3763	-0.7367	-0.3770	0.0174	-0.2467	-0.7275	-0.6406	-0.0208	0.0079	-0.0206	
16.7546	-43.8692	-16.7704	0.3764	-0.7367	-0.3770	0.0133	-0.2686	-0.7245	-0.6347	-0.0225	0.0097	-0.0192	
16.7938	-43.9394	-16.8092	0.3764	-0.7366	-0.3771	0.0127	-0.2651	-0.7385	-0.6204	-0.0188	0.0089	-0.0215	
16.8322	-44.0169	-16.8511	0.3764	-0.7367	-0.3772	0.0126	-0.2803	-0.7375	-0.6144	-0.0190	0.0102	-0.0201	
16.8689	-44.0883	-16.8875	0.3764	-0.7366	-0.3772	0.0116	-0.2891	-0.7451	-0.6009	-0.0179	0.0108	-0.0213	
16.9088	-44.1625	-16.9253	0.3765	-0.7367	-0.3772	-0.0041	-0.2911	-0.7508	-0.5932	-0.0183	0.0081	-0.0217	
16.9470	-44.2359	-16.9640	0.3765	-0.7366	-0.3772	0.0052	0.3016	0.7507	0.5879	-0.0186	0.0075	-0.0229	
16.9837	-44.3091	-17.0068	0.3765	-0.7366	-0.3774	0.0099	0.3067	0.7540	0.5810	-0.0190	0.0079	-0.0232	
17.0177	-44.3808	-17.0414	0.3764	-0.7366	-0.3773	0.0107	0.3225	0.7538	0.5725	-0.0191	0.0074	-0.0232	
17.0559	-44.4531	-17.0769	0.3764	-0.7365	-0.3772	0.0161	0.3333	0.7610	0.5563	-0.0190	0.0084	-0.0243	
17.0949	-44.5267	-17.1141	0.3764	-0.7365	-0.3772	0.0138	0.3418	0.7631	0.5486	-0.0177	0.0095	-0.0227	
17.1336	-44.6010	-17.1516	0.3765	-0.7365	-0.3772	0.0186	0.3541	0.7693	0.5314	-0.0181	0.0110	-0.0249	
17.1736	-44.6787	-17.1906	0.3765	-0.7367	-0.3772	0.0249	0.3593	0.7727	0.5229	-0.0173	0.0097	-0.0242	
17.2105	-44.7540	-17.2301	0.3765	-0.7367	-0.3773	0.0308	0.3651	0.7756	0.5140	-0.0167	0.0088	-0.0236	
17.2510	-44.8293	-17.2684	0.3766	-0.7368	-0.3773	0.0236	0.3767	0.7789	0.5011	-0.0155	0.0123	-0.0228	
17.2837	-44.9054	-17.3067	0.3764	-0.7369	-0.3773	0.0119	0.4059	0.7755	0.4837	-0.0181	0.0190	-0.0218	
17.3216	-44.9817	-17.3406	0.3764	-0.7369	-0.3772	0.0251	0.4202	0.7771	0.4679	-0.0204	0.0173	-0.0236	
17.3618	-45.0554	-17.3782	0.3765	-0.7369	-0.3772	0.0381	0.4209	0.7796	0.4629	-0.0195	0.0131	-0.0230	
17.3982	-45.1314	-17.4125	0.3765	-0.7370	-0.3771	0.0333	0.4376	0.7766	0.4522	-0.0199	0.0154	-0.0214	
17.4340	-45.2035	-17.4525	0.3764	-0.7370	-0.3771	0.0235	0.4471	0.7812	0.4353	-0.0177	0.0183	-0.0217	
17.4703	-45.2749	-17.4904	0.3764	-0.7369	-0.3771	0.0192	0.4715	0.7705	0.4289	-0.0203	0.0201	-0.0187	
17.5063	-45.3486	-17.5278	0.3763	-0.7369	-0.3771	0.0187	0.4995	0.7542	0.4263	-0.0241	0.0209	-0.0151	
17.5466	-45.4210	-17.5698	0.3764	-0.7368	-0.3773	0.0165	0.5048	0.7548	0.4191	-0.0221	0.0203	-0.0144	
17.5845	-45.4957	-17.6076	0.3764	-0.7369	-0.3773	0.0363	0.5113	0.7531	0.4133	-0.0233	0.0159	-0.0153	
17.6207	-45.5663	-17.6467	0.3764	-0.7368	-0.3773	0.0296	0.5243	0.7552	0.3924	-0.0220	0.0188	-0.0168	
17.6616	-45.6395	-17.6811	0.3765	-0.7368	-0.3772	0.0248	0.5335	0.7575	0.3756	-0.0205	0.0204	-0.0176	
17.6975	-45.7139	-17.7157	0.3764	-0.7368	-0.3771	0.0188	0.5256	0.7730	0.3563	-0.0153	0.0210	-0.0197	
17.7378	-45.7901	-17.7491	0.3765	-0.7369	-0.3770	0.0248	0.5400	0.7731	0.3315	-0.0166	0.0217	-0.0225	
17.7713	-45.8677	-17.7842	0.3764	-0.7370	-0.3769	0.0207	0.5544	0.7697	0.3158	-0.0171	0.0229	-0.0220	
17.8077	-45.9373	-17.8170	0.3763	-0.7369	-0.3767	0.0152	0.5576	0.7702	0.3102	-0.0154	0.0223	-0.0199	
17.8442	-46.0102	-17.8588	0.3763	-0.7368	-0.3769	0.0141	0.5677	0.7705	0.2893	-0.0154	0.0233	-0.0211	
17.8833	-46.0806	-17.8941	0.3764	-0.7367	-0.3768	0.0069	0.5789	0.7689	0.2712	-0.0151	0.0250	-0.0210	
17.9158	-46.1554	-17.9311	0.3762	-0.7368	-0.3768	0.0141	0.5809	0.7726	0.2566	-0.0144	0.0230	-0.0222	
17.9524	-46.2328	-17.9701	0.3762	-0.7369	-0.3768	0.0208	0.5788	0.7767	0.2489	-0.0129	0.0200	-0.0220	
17.9901	-46.3036	-18.0089	0.3762	-0.7368	-0.3768	0.0188	0.5940	0.7720	0.2252	-0.0143	0.0221	-0.0232	
18.0258	-46.3768	-18.0470	0.3761	-0.7368	-0.3769	0.0205	0.5951	0.7738	0.2168	-0.0131	0.0204	-0.0223	
18.0639	-46.4509	-18.0857	0.3761	-0.7368	-0.3769	0.0110	0.6007	0.7725	0.2060	-0.0120	0.0216	-0.0203	
18.1021	-46.5256	-18.1231	0.3761	-0.7368	-0.3769	-0.0040	0.5993	0.7769	0.1939	-0.0089	0.0235	-0.0185	
18.1393	-46.5996	-18.1636	0.3761	-0.7368	-0.3770	0.0079	-0.6055	-0.7736	-0.1874	-0.0086	0.0242	-0.0199	
18.1756	-46.6739	-18.2015	0.3761	-0.7369	-0.3770	0.0120	-0.6151	-0.7697	-0.1703	-0.0081	0.0237	-0.0201	
18.2145	-46.7493	-18.2430	0.3761	-0.7369	-0.3771	0.0166	-0.6187	-0.7691	-0.1601	-0.0082	0.0235	-0.0197	
18.2538	-46.8250	-18.2825	0.3762	-0.7370	-0.3771	0.0206	-0.6247	-0.7663	-0.1493	-0.0084	0.0230	-0.0189	
18.2907	-46.9025	-18.3217	0.3762	-0.7371	-0.3772	0.0220	-0.6310	-0.7627	-0.1408	-0.0090	0.0214	-0.0177	
18.3242	-46.9745	-18.3555	0.3760	-0.7370	-0.3771	0.0238	-0.6406	-0.7576	-0.1225	-0.0103	0.0224	-0.0191	
18.3594	-47.0504	-18.3944	0.3760	-0.7371	-0.3771	0.0292	-0.6487	-0.7530	-0.1056	-0.0111	0.0241	-0.0190	
18.3946	-47.1246	-18.4317	0.3759	-0.7371	-0.3771	0.0323	-0.6625	-0.7420	-0.0997	-0.0144	0.0225	-0.0165	
18.4352	-47.1977	-18.4683	0.3760	-0.7371	-0.3771	0.0384	-0.6638	-0.7425	-0.0816	-0.0122	0.0243	-0.0170	
18.4712	-47.2714	-18.5066	0.3759	-0.7371	-0.3771	0.0429	-0.6722	-0.7361	-0.0656	-0.0131	0.0251	-0.0171	
18.5115	-47.3448	-18.5437	0.3760	-0.7371	-0.3771	0.0530	-0.6806	-0.7290	-0.0505	-0.0138	0.0268	-0.0159	
18.5460	-47.4174	-18.5808	0.3759	-0.7371	-0.3770	0.0649	-0.6864	-0.7231	-0.0455	-0.0137	0.0267	-0.0126	
18.5840	-47.4891	-18.6212	0.3759	-0.7370	-0.3771	0.0727	-0.6935	-0.7158	-0.0417	-0.0143	0.0256	-0.0103	
18.6208	-47.5638	-18.6572	0.3759	-0.7370	-0.3771	0.0881	-0.7098	-0.6983	-0.0286	-0.0175	0.0280	-0.0087	
18.6592	-47.6384	-18.6966	0.3759	-0.7371	-0.3771	0.1043	-0.7209	-0.6849	-0.0071	-0.0186	0.0316	-0.0088	
18.6968	-47.7127	-18.7330	0.3759	-0.7371	-0.3771	0.1252	-0.7247	-0.6774	0.0145	-0.0175	0.0354	-0.0081	
18.7313	-47.7859	-18.7686	0.3758	-0.7371	-0.3770	0.1302	-0.7315	-0.6686	0.0311	-0.0177	0.0350	-0.0092	
18.7686	-47.8613	-18.8048	0.3758	-0.7371	-0.3770	0.1509	-0.7368	-0.6573	0.0467	-0.0177	0.0374	-0.0073	
18.8039	-47.9349	-18.8408	0.3758	-0.7371	-0.3769	0.1453	-0.7393	-0.6557	0.0577	-0.0165	0.0338	-0.0093	
