-0.3473	-12.9325	0.0950	0.0000	0.0000	0.0000	0.5527	0.5147	0.4762	-0.4504	0.0000	0.0000	0.0000	
-0.3266	-12.1978	0.1848	0.0021	0.0727	0.0089	0.5555	0.5269	0.5335	-0.3725	0.0272	-0.0061	0.0273	
-0.3096	-11.8470	0.1605	0.0098	0.1555	0.0067	0.5474	0.5688	0.5214	-0.3277	-0.0032	-0.0279	0.0624	
-0.1700	-11.5300	0.0854	0.0585	0.2827	-0.0347	0.5341	0.5076	0.5896	-0.3608	0.0317	0.0500	0.0137	
-0.0899	-11.2881	0.2019	0.1050	0.4056	0.0316	0.5720	0.4750	0.5926	-0.3204	0.0612	0.0088	-0.0009	
-0.0230	-11.1149	0.2510	0.1096	0.5388	0.0733	0.5704	0.4589	0.5883	-0.3505	0.0246	0.0203	-0.0194	
0.0268	-10.9001	0.3985	0.1644	0.6593	0.1795	0.6024	0.4426	0.5904	-0.3094	0.0431	-0.0006	-0.0118	
0.0702	-10.7686	0.4152	0.1651	0.7379	0.1856	0.6109	0.4271	0.5897	-0.3118	0.0349	-0.0000	-0.0169	
0.0829	-10.6324	0.5001	0.1694	0.7935	0.2423	0.6262	0.4170	0.5921	-0.2893	0.0383	-0.0056	-0.0125	
0.2152	-10.5605	0.6361	0.2783	0.7854	0.3458	0.6332	0.4110	0.5969	-0.2723	0.0369	-0.0058	-0.0081	
0.2375	-10.4296	0.6669	0.2790	0.8322	0.3421	0.6367	0.3976	0.6096	-0.2549	0.0393	-0.0042	-0.0055	
0.3784	-10.2418	0.8087	0.3864	0.9288	0.4389	0.6466	0.3860	0.6168	-0.2287	0.0412	-0.0056	-0.0027	
0.4334	-10.0990	0.9117	0.4128	0.9679	0.5000	0.6612	0.3463	0.6278	-0.2211	0.0463	-0.0021	-0.0088	
0.4755	-9.9383	1.0326	0.4070	1.0283	0.5649	0.6786	0.3211	0.6254	-0.2131	0.0462	-0.0036	-0.0126	
0.5180	-9.8585	1.1710	0.4077	1.0097	0.6361	0.6931	0.2965	0.6236	-0.2071	0.0460	-0.0040	-0.0155	
0.5608	-9.7681	1.2469	0.4035	1.0043	0.6312	0.7039	0.3061	0.6171	-0.1787	0.0431	-0.0099	-0.0094	
0.6878	-9.6813	1.3820	0.4661	0.9971	0.6899	0.7045	0.2978	0.6220	-0.1693	0.0407	-0.0077	-0.0080	
0.7981	-9.5345	1.4866	0.5085	1.0347	0.7148	0.7249	0.2806	0.6095	-0.1568	0.0399	-0.0119	-0.0104	
0.8542	-9.4455	1.5476	0.5150	1.0227	0.7089	0.7345	0.2588	0.6103	-0.1448	0.0410	-0.0117	-0.0116	
0.9809	-9.3557	1.6238	0.5680	1.0138	0.7156	0.7479	0.2330	0.6064	-0.1365	0.0416	-0.0123	-0.0142	
1.0450	-9.2431	1.6703	0.5762	1.0198	0.7070	0.7459	0.2014	0.6214	-0.1320	0.0431	-0.0071	-0.0157	
1.1115	-9.1709	1.7408	0.5818	1.0010	0.7035	0.7537	0.1908	0.6186	-0.1151	0.0426	-0.0086	-0.0142	
1.2964	-9.0509	1.8776	0.6645	1.0119	0.7480	0.7540	0.1624	0.6285	-0.0999	0.0447	-0.0052	-0.0145	
1.3266	-8.9975	2.0358	0.6396	0.9855	0.7969	0.7580	0.1554	0.6268	-0.0964	0.0413	-0.0046	-0.0138	
1.3547	-8.8951	2.1231	0.6201	0.9867	0.8008	0.7647	0.1325	0.6253	-0.0802	0.0429	-0.0054	-0.0142	
1.4706	-8.8262	2.1755	0.6515	0.9704	0.7852	0.7632	0.1166	0.6325	-0.0632	0.0436	-0.0039	-0.0128	
1.5490	-8.6981	2.3164	0.6577	0.9872	0.8182	0.7697	0.1012	0.6283	-0.0530	0.0422	-0.0046	-0.0130	
1.6373	-8.6260	2.4380	0.6701	0.9736	0.8396	0.7704	0.0803	0.6311	-0.0423	0.0426	-0.0031	-0.0134	
1.7142	-8.5246	2.5164	0.6751	0.9757	0.8393	0.7654	0.0552	0.6402	-0.0387	0.0422	0.0001	-0.0147	
1.7870	-8.4539	2.5600	0.6772	0.9632	0.8203	0.7641	0.0383	0.6433	-0.0329	0.0411	0.0007	-0.0148	
1.8524	-8.3520	2.5970	0.6761	0.9658	0.7988	0.7579	0.0231	0.6519	-0.0186	0.0412	0.0024	-0.0135	
1.8969	-8.2515	2.7109	0.6649	0.9675	0.8153	0.7622	-0.0000	0.6473	-0.0191	0.0396	0.0016	-0.0157	
1.9567	-8.1273	2.7692	0.6620	0.9794	0.8055	0.7613	-0.0236	0.6478	-0.0104	0.0399	0.0016	-0.0165	
2.0574	-8.0595	2.8539	0.6778	0.9668	0.8066	0.7571	-0.0430	0.6517	0.0155	0.0433	0.0024	-0.0145	
2.1003	-7.9705	2.9890	0.6670	0.9633	0.8290	0.7646	-0.0613	0.6412	0.0276	0.0432	-0.0004	-0.0147	
2.1693	-7.8536	3.0721	0.6685	0.9716	0.8288	0.7634	-0.0873	0.6376	0.0525	0.0466	-0.0010	-0.0141	
2.2064	-7.7697	3.2177	0.6562	0.9660	0.8538	0.7699	-0.1080	0.6265	0.0587	0.0453	-0.0030	-0.0153	
2.2320	-7.6590	3.3238	0.6404	0.9709	0.8621	0.7751	-0.1386	0.6128	0.0671	0.0461	-0.0055	-0.0175	
2.3058	-7.5599	3.4000	0.6440	0.9717	0.8581	0.7744	-0.1478	0.6110	0.0771	0.0438	-0.0053	-0.0159	
2.3834	-7.4875	3.5270	0.6489	0.9628	0.8728	0.7634	-0.1585	0.6199	0.0930	0.0432	-0.0012	-0.0144	
2.4292	-7.4053	3.5926	0.6417	0.9576	0.8651	0.7616	-0.1775	0.6153	0.1000	0.0424	-0.0017	-0.0148	
2.4752	-7.3361	3.7079	0.6351	0.9482	0.8749	0.7518	-0.1943	0.6185	0.1202	0.0437	0.0007	-0.0137	
2.5113	-7.2532	3.8304	0.6253	0.9438	0.8869	0.7506	-0.2136	0.6113	0.1320	0.0437	-0.0003	-0.0141	
2.5777	-7.1740	3.9275	0.6266	0.9388	0.8896	0.7378	-0.2293	0.6190	0.1425	0.0430	0.0030	-0.0141	
2.6381	-7.0940	4.0106	0.6258	0.9343	0.8878	0.7344	-0.2486	0.6108	0.1600	0.0443	0.0018	-0.0134	
2.6885	-7.0076	4.1263	0.6217	0.9318	0.8962	0.7296	-0.2593	0.6070	0.1796	0.0444	0.0020	-0.0116	
2.7445	-6.9488	4.2161	0.6196	0.9210	0.8962	0.7189	-0.2715	0.6074	0.2016	0.0453	0.0036	-0.0099	
2.7865	-6.8740	4.3193	0.6130	0.9153	0.9005	0.7174	-0.2828	0.6027	0.2068	0.0427	0.0026	-0.0098	
2.8425	-6.7798	4.4716	0.6115	0.9159	0.9194	0.7086	-0.3026	0.5979	0.2207	0.0435	0.0029	-0.0110	
2.9244	-6.7145	4.5970	0.6176	0.9082	0.9296	0.7048	-0.3263	0.5900	0.2214	0.0429	0.0015	-0.0135	
2.9789	-6.6105	4.6934	0.6154	0.9119	0.9307	0.7028	-0.3456	0.5798	0.2253	0.0419	-0.0004	-0.0143	
3.0716	-6.5164	4.8044	0.6246	0.9130	0.9359	0.6973	-0.3616	0.5701	0.2407	0.0429	-0.0010	-0.0135	
3.1124	-6.4310	4.8940	0.6184	0.9112	0.9346	0.6809	-0.3764	0.5755	0.2525	0.0422	0.0022	-0.0140	
3.1826	-6.3479	4.9699	0.6206	0.9092	0.9299	0.6728	-0.4125	0.5598	0.2527	0.0442	-0.0005	-0.0175	
3.2109	-6.2412	5.0769	0.6115	0.9132	0.9336	0.6599	-0.4354	0.5517	0.2651	0.0452	-0.0003	-0.0184	
3.2827	-6.1711	5.1838	0.6143	0.9076	0.9373	0.6454	-0.4454	0.5467	0.2942	0.0474	0.0019	-0.0153	
3.3158	-6.0624	5.2994	0.6069	0.9120	0.9429	0.6328	-0.4555	0.5478	0.3042	0.0452	0.0034	-0.0153	
3.3588	-5.9596	5.3909	0.6024	0.9149	0.9420	0.6134	-0.4703	0.5448	0.3250	0.0465	0.0055	-0.0148	
3.4076	-5.8593	5.5033	0.5995	0.9170	0.9466	0.6050	-0.4830	0.5361	0.3369	0.0459	0.0047	-0.0140	
3.4813	-5.7472	5.6054	0.6031	0.9222	0.9484	0.5945	-0.5015	0.5275	0.3420	0.0454	0.0038	-0.0150	
3.5157	-5.6638	5.6918	0.5966	0.9198	0.9463	0.5810	-0.5168	0.5316	0.3372	0.0416	0.0044	-0.0175	
3.5557	-5.5571	5.7670	0.5919	0.9233	0.9414	0.5611	-0.5362	0.5277	0.3450	0.0422	0.0053	-0.0189	
3.6046	-5.4723	5.8511	0.5894	0.9215	0.9390	0.5458	-0.5546	0.5201	0.3520	0.0425	0.0051	-0.0194	
3.6494	-5.3931	5.9406	0.5860	0.9183	0.9380	0.5363	-0.5594	0.5111	0.3724	0.0427	0.0057	-0.0157	
3.6896	-5.3159	6.0551	0.5816	0.9147	0.9429	0.5231	-0.5685	0.5033	0.3872	0.0428	0.0061	-0.0144	
3.7606	-5.2146	6.1423	0.5846	0.9171	0.9412	0.5070	-0.5853	0.5014	0.3864	0.0414	0.0061	-0.0167	
3.8165	-5.1361	6.2518	0.5840	0.9140	0.9447	0.4884	-0.6013	0.4908	0.3985	0.0430	0.0063	-0.0169	
3.8818	-5.0440	6.3363	0.5855	0.9142	0.9425	0.4788	-0.6048	0.4919	0.4047	0.0400	0.0071	-0.0158	
3.9232	-4.9604	6.4585	0.5817	0.9123	0.9486	0.4554	-0.6194	0.4888	0.4122	0.0404	0.0080	-0.0177	
3.9814	-4.8659	6.5760	0.5818	0.9129	0.9535	0.4411	-0.6336	0.4805	0.4161	0.0402	0.0070	-0.0183	
4.0285	-4.7611	6.6353	0.5795	0.9159	0.9457	0.4271	-0.6468	0.4707	0.4215	0.0403	0.0065	-0.0179	
4.0804	-4.6588	6.7403	0.5783	0.9181	0.9479	0.4151	-0.6556	0.4591	0.4327	0.0407	0.0063	-0.0163	
4.1262	-4.5614	6.8019	0.5758	0.9193	0.9409	0.3938	-0.6688	0.4522	0.4394	0.0412	0.0071	-0.0172	
4.1778	-4.4745	6.9014	0.5745	0.9182	0.9420	0.3749	-0.6886	0.4375	0.4401	0.0425	0.0054	-0.0187	
4.2298	-4.3788	7.0074	0.5735	0.9190	0.9444	0.3635	-0.6968	0.4246	0.4497	0.0425	0.0050	-0.0169	
4.2981	-4.2919	7.0898	0.5756	0.9180	0.9421	0.3522	-0.7143	0.4003	0.4534	0.0445	0.0027	-0.0158	
4.3651	-4.2015	7.1703	0.5774	0.9179	0.9394	0.3322	-0.7331	0.3881	0.4489	0.0447	0.0014	-0.0182	
4.4248	-4.0906	7.2569	0.5778	0.9216	0.9379	0.3105	-0.7363	0.3813	0.4651	0.0449	0.0044	-0.0172	
4.4846	-3.9754	7.3638	0.5784	0.9260	0.9403	0.2925	-0.7459	0.3812	0.4620	0.0424	0.0040	-0.0193	
4.5437	-3.8997	7.4767	0.5786	0.9227	0.9440	0.2745	-0.7500	0.3830	0.4648	0.0398	0.0050	-0.0200	
4.6164	-3.8080	7.5612	0.5813	0.9227	0.9421	0.2612	-0.7521	0.3729	0.4769	0.0395	0.0066	-0.0177	
4.6676	-3.7101	7.6603	0.5801	0.9237	0.9430	0.2485	-0.7481	0.3750	0.4888	0.0368	0.0090	-0.0162	
4.7122	-3.6211	7.7622	0.5777	0.9230	0.9444	0.2360	-0.7560	0.3630	0.4910	0.0366	0.0077	-0.0156	
4.7884	-3.5324	7.8406	0.5809	0.9225	0.9415	0.2212	-0.7593	0.3541	0.4993	0.0364	0.0088	-0.0147	
4.8429	-3.4575	7.9386	0.5802	0.9194	0.9423	0.1985	-0.7712	0.3417	0.4989	0.0378	0.0077	-0.0163	
4.9014	-3.3399	8.0307	0.5804	0.9239	0.9418	0.1751	-0.7785	0.3272	0.5059	0.0399	0.0084	-0.0168	
4.9438	-3.2641	8.1139	0.5776	0.9210	0.9399	0.1535	-0.7869	0.3150	0.5077	0.0405	0.0080	-0.0175	
4.9862	-3.1843	8.2223	0.5750	0.9188	0.9424	0.1345	-0.7949	0.3023	0.5086	0.0408	0.0070	-0.0177	
5.0422	-3.0982	8.3031	0.5747	0.9178	0.9401	0.1223	-0.8031	0.2897	0.5063	0.0401	0.0055	-0.0172	
5.1038	-3.0146	8.3802	0.5753	0.9165	0.9373	0.1014	-0.8141	0.2708	0.5034	0.0417	0.0043	-0.0178	
5.1564	-2.9178	8.4837	0.5745	0.9173	0.9389	0.0786	-0.8150	0.2674	0.5082	0.0407	0.0057	-0.0187	
5.2020	-2.8201	8.5893	0.5726	0.9182	0.9408	0.0635	-0.8111	0.2588	0.5212	0.0398	0.0082	-0.0169	
5.2592	-2.7258	8.6729	0.5726	0.9187	0.9391	0.0479	-0.8152	0.2420	0.5240	0.0405	0.0079	-0.0161	
5.3315	-2.6414	8.7571	0.5750	0.9175	0.9375	0.0303	-0.8174	0.2318	0.5266	0.0399	0.0083	-0.0161	
5.3718	-2.5448	8.8552	0.5723	0.9182	0.9382	0.0134	-0.8174	0.2094	0.5364	0.0382	0.0067	-0.0179	
5.4135	-2.4382	8.9423	0.5699	0.9206	0.9370	0.0125	0.8152	-0.2003	-0.5432	0.0390	0.0088	-0.0189	
5.4691	-2.3599	9.0411	0.5696	0.9184	0.9379	0.0417	0.8167	-0.1915	-0.5426	0.0399	0.0090	-0.0208	
5.5115	-2.2747	9.1390	0.5674	0.9173	0.9385	0.0512	0.8100	-0.1784	-0.5570	0.0386	0.0115	-0.0177	
5.5684	-2.1864	9.2274	0.5674	0.9168	0.9377	0.0762	0.8121	-0.1744	-0.5517	0.0381	0.0105	-0.0199	
5.6272	-2.0912	9.3223	0.5677	0.9173	0.9378	0.0949	0.8089	-0.1770	-0.5530	0.0354	0.0110	-0.0209	
5.6833	-1.9950	9.4150	0.5676	0.9180	0.9376	0.1301	0.8063	-0.1614	-0.5535	0.0389	0.0121	-0.0231	
5.7364	-1.9047	9.5179	0.5671	0.9177	0.9390	0.1436	0.8122	-0.1498	-0.5457	0.0386	0.0090	-0.0218	
5.7915	-1.8076	9.6234	0.5669	0.9185	0.9407	0.1569	0.8097	-0.1366	-0.5490	0.0382	0.0093	-0.0201	
5.8576	-1.7171	9.7080	0.5682	0.9183	0.9393	0.1805	0.8169	-0.1335	-0.5317	0.0379	0.0056	-0.0222	
5.9122	-1.6201	9.8123	0.5680	0.9191	0.9408	0.1964	0.8139	-0.1275	-0.5320	0.0365	0.0060	-0.0218	
5.9798	-1.5338	9.8988	0.5695	0.9183	0.9398	0.2233	0.8055	-0.1289	-0.5338	0.0350	0.0081	-0.0245	
6.0285	-1.4376	9.9995	0.5683	0.9189	0.9407	0.2386	0.8050	-0.1236	-0.5292	0.0340	0.0071	-0.0240	
6.0940	-1.3601	10.0970	0.5695	0.9169	0.9413	0.2592	0.8007	-0.1103	-0.5287	0.0349	0.0078	-0.0237	
6.1614	-1.2741	10.1995	0.5709	0.9161	0.9425	0.2804	0.7890	-0.1007	-0.5375	0.0346	0.0109	-0.0239	
6.2110	-1.1840	10.2892	0.5699	0.9159	0.9419	0.2875	0.7782	-0.0927	-0.5514	0.0320	0.0137	-0.0218	
6.2750	-1.1173	10.3761	0.5708	0.9125	0.9409	0.3086	0.7817	-0.0855	-0.5355	0.0329	0.0100	-0.0225	
6.3386	-1.0279	10.4548	0.5716	0.9123	0.9388	0.3266	0.7777	-0.0797	-0.5312	0.0325	0.0095	-0.0230	
6.3967	-0.9403	10.5436	0.5718	0.9118	0.9381	0.3423	0.7768	-0.0689	-0.5242	0.0330	0.0082	-0.0223	
6.4737	-0.8425	10.6495	0.5744	0.9127	0.9398	0.3582	0.7690	-0.0516	-0.5270	0.0340	0.0098	-0.0209	
6.5346	-0.7478	10.7283	0.5748	0.9132	0.9378	0.3777	0.7636	-0.0244	-0.5231	0.0378	0.0105	-0.0196	
6.6013	-0.6459	10.8213	0.5760	0.9146	0.9377	0.3825	0.7636	-0.0156	-0.5207	0.0357	0.0092	-0.0173	
6.6648	-0.5462	10.9178	0.5768	0.9157	0.9380	0.4008	0.7568	0.0026	-0.5161	0.0375	0.0097	-0.0170	
6.7169	-0.4564	11.0185	0.5761	0.9154	0.9389	0.4233	0.7454	0.0227	-0.5141	0.0398	0.0113	-0.0174	
6.7726	-0.3823	11.1017	0.5758	0.9132	0.9376	0.4380	0.7360	0.0411	-0.5145	0.0403	0.0125	-0.0168	
6.8503	-0.2937	11.1834	0.5783	0.9129	0.9361	0.4525	0.7279	0.0393	-0.5144	0.0366	0.0120	-0.0185	
6.9030	-0.2117	11.2671	0.5776	0.9117	0.9348	0.4677	0.7205	0.0642	-0.5079	0.0395	0.0123	-0.0170	
6.9718	-0.1124	11.3615	0.5790	0.9128	0.9349	0.4760	0.7097	0.0749	-0.5145	0.0371	0.0139	-0.0161	
7.0221	-0.0216	11.4605	0.5781	0.9127	0.9356	0.4992	0.6987	0.0814	-0.5060	0.0377	0.0131	-0.0183	
7.0647	0.0663	11.5491	0.5762	0.9123	0.9350	0.5219	0.6905	0.0934	-0.4919	0.0397	0.0116	-0.0194	
7.1150	0.1460	11.6402	0.5753	0.9108	0.9347	0.5508	0.6771	0.1092	-0.4752	0.0433	0.0109	-0.0215	
7.1656	0.2355	11.7463	0.5745	0.9106	0.9362	0.5739	0.6567	0.1198	-0.4742	0.0433	0.0128	-0.0236	
7.2279	0.3254	11.8405	0.5751	0.9105	0.9363	0.5910	0.6400	0.1224	-0.4760	0.0408	0.0134	-0.0253	
7.3001	0.4070	11.9232	0.5768	0.9094	0.9350	0.6129	0.6152	0.1388	-0.4757	0.0419	0.0159	-0.0271	
7.3605	0.4928	12.0284	0.5771	0.9088	0.9364	0.6192	0.6124	0.1514	-0.4685	0.0406	0.0145	-0.0235	
7.4170	0.5876	12.1121	0.5770	0.9092	0.9352	0.6379	0.5947	0.1598	-0.4623	0.0406	0.0145	-0.0250	
7.4695	0.6719	12.2091	0.5764	0.9085	0.9357	0.6505	0.5780	0.1723	-0.4618	0.0400	0.0158	-0.0247	
7.5256	0.7658	12.2961	0.5762	0.9088	0.9349	0.6629	0.5593	0.1878	-0.4610	0.0400	0.0173	-0.0244	
7.5734	0.8571	12.3756	0.5751	0.9089	0.9333	0.6686	0.5549	0.1818	-0.4621	0.0350	0.0147	-0.0238	
7.6327	0.9294	12.4703	0.5752	0.9068	0.9335	0.6885	0.5331	0.1860	-0.4550	0.0356	0.0145	-0.0263	
7.6861	1.0077	12.5582	0.5747	0.9054	0.9329	0.6945	0.5207	0.1838	-0.4623	0.0313	0.0142	-0.0264	
7.7384	1.0885	12.6638	0.5742	0.9042	0.9342	0.7066	0.4997	0.1917	-0.4627	0.0311	0.0157	-0.0270	
7.7891	1.1840	12.7610	0.5734	0.9048	0.9346	0.7260	0.4862	0.1917	-0.4471	0.0322	0.0131	-0.0281	
7.8428	1.2707	12.8498	0.5730	0.9044	0.9341	0.7345	0.4736	0.2060	-0.4405	0.0330	0.0138	-0.0260	
7.9034	1.3631	12.9369	0.5734	0.9046	0.9334	0.7438	0.4629	0.1991	-0.4401	0.0294	0.0117	-0.0266	
7.9587	1.4462	13.0255	0.5732	0.9038	0.9329	0.7556	0.4493	0.2143	-0.4258	0.0322	0.0120	-0.0251	
8.0064	1.5428	13.1110	0.5721	0.9045	0.9321	0.7659	0.4341	0.2162	-0.4225	0.0310	0.0116	-0.0256	
8.0745	1.6334	13.2144	0.5733	0.9045	0.9332	0.7715	0.4257	0.2264	-0.4154	0.0306	0.0117	-0.0230	
8.1254	1.7268	13.2943	0.5726	0.9048	0.9317	0.7894	0.4065	0.2261	-0.4004	0.0323	0.0099	-0.0254	
8.1868	1.8097	13.3773	0.5730	0.9040	0.9307	0.8020	0.3799	0.2372	-0.3949	0.0337	0.0119	-0.0272	
8.2363	1.8930	13.4714	0.5722	0.9033	0.9308	0.8151	0.3599	0.2308	-0.3911	0.0321	0.0104	-0.0295	
8.3019	1.9863	13.5696	0.5731	0.9036	0.9313	0.8281	0.3291	0.2386	-0.3856	0.0332	0.0124	-0.0318	
8.3672	2.0716	13.6541	0.5739	0.9031	0.9304	0.8369	0.3120	0.2485	-0.3749	0.0341	0.0127	-0.0306	
8.4300	2.1580	13.7440	0.5744	0.9027	0.9301	0.8390	0.2941	0.2650	-0.3739	0.0333	0.0154	-0.0286	
8.4852	2.2460	13.8369	0.5742	0.9024	0.9301	0.8462	0.2805	0.2738	-0.3614	0.0340	0.0150	-0.0270	
8.5393	2.3338	13.9275	0.5738	0.9022	0.9299	0.8642	0.2518	0.2745	-0.3379	0.0378	0.0134	-0.0299	
8.6007	2.4214	14.0295	0.5742	0.9019	0.9308	0.8681	0.2484	0.2822	-0.3256	0.0366	0.0124	-0.0259	
8.6533	2.5107	14.1217	0.5738	0.9018	0.9307	0.8768	0.2148	0.2896	-0.3178	0.0377	0.0143	-0.0289	
8.7146	2.6011	14.2254	0.5742	0.9018	0.9318	0.8828	0.1957	0.2926	-0.3113	0.0364	0.0140	-0.0289	
8.7698	2.6893	14.3125	0.5739	0.9016	0.9312	0.8878	0.1714	0.3037	-0.3000	0.0374	0.0155	-0.0290	
8.8178	2.7823	14.4095	0.5730	0.9019	0.9315	0.8927	0.1498	0.3078	-0.2934	0.0364	0.0156	-0.0294	
8.8701	2.8674	14.4980	0.5726	0.9014	0.9311	0.8912	0.1314	0.3164	-0.2987	0.0331	0.0172	-0.0288	
8.9367	2.9530	14.5895	0.5734	0.9010	0.9309	0.8937	0.1049	0.3165	-0.3005	0.0312	0.0170	-0.0308	
8.9990	3.0543	14.6816	0.5739	0.9021	0.9308	0.9036	0.0816	0.3055	-0.2894	0.0314	0.0132	-0.0326	
9.0465	3.1456	14.7839	0.5730	0.9022	0.9317	0.9036	0.0668	0.3069	-0.2926	0.0281	0.0133	-0.0316	
9.1077	3.2435	14.8904	0.5734	0.9029	0.9329	0.9112	0.0472	0.3057	-0.2722	0.0305	0.0119	-0.0314	
9.1627	3.3409	14.9819	0.5732	0.9036	0.9328	0.9147	0.0321	0.3109	-0.2566	0.0314	0.0119	-0.0297	
9.2235	3.4328	15.0844	0.5735	0.9037	0.9336	0.9162	0.0069	0.3142	-0.2482	0.0316	0.0128	-0.0307	
9.2864	3.5327	15.1720	0.5740	0.9046	0.9331	0.9218	-0.0074	0.3044	-0.2409	0.0304	0.0093	-0.0303	
9.3339	3.6141	15.2597	0.5731	0.9037	0.9326	0.9238	-0.0332	0.3035	-0.2307	0.0312	0.0094	-0.0317	
9.3922	3.7019	15.3523	0.5732	0.9035	0.9325	0.9220	-0.0460	0.3066	-0.2340	0.0278	0.0099	-0.0303	
9.4513	3.7957	15.4483	0.5733	0.9038	0.9328	0.9216	-0.0757	0.3047	-0.2277	0.0282	0.0103	-0.0327	
9.5195	3.8950	15.5408	0.5743	0.9047	0.9327	0.9210	-0.0890	0.3147	-0.2125	0.0288	0.0119	-0.0302	
9.5835	3.9889	15.6253	0.5749	0.9050	0.9319	0.9150	-0.1034	0.3280	-0.2126	0.0263	0.0145	-0.0286	
9.6288	4.0797	15.7227	0.5738	0.9050	0.9323	0.9131	-0.1161	0.3414	-0.1913	0.0282	0.0167	-0.0261	
9.6765	4.1788	15.8098	0.5730	0.9058	0.9317	0.9135	-0.1367	0.3394	-0.1776	0.0293	0.0155	-0.0266	
9.7204	4.2704	15.9077	0.5718	0.9058	0.9321	0.9134	-0.1572	0.3425	-0.1533	0.0324	0.0157	-0.0265	
9.7822	4.3562	15.9988	0.5722	0.9054	0.9319	0.9083	-0.1768	0.3479	-0.1514	0.0304	0.0165	-0.0269	
9.8393	4.4355	16.0921	0.5722	0.9044	0.9319	0.9099	-0.1882	0.3423	-0.1415	0.0302	0.0138	-0.0257	
9.8963	4.5226	16.1796	0.5722	0.9041	0.9315	0.9084	-0.2115	0.3351	-0.1331	0.0307	0.0120	-0.0272	
9.9502	4.6111	16.2749	0.5719	0.9040	0.9316	0.9016	-0.2389	0.3376	-0.1263	0.0305	0.0133	-0.0294	
10.0047	4.7033	16.3623	0.5717	0.9041	0.9311	0.8983	-0.2587	0.3334	-0.1231	0.0293	0.0122	-0.0299	
10.0732	4.7911	16.4538	0.5726	0.9039	0.9310	0.8897	-0.2872	0.3333	-0.1216	0.0286	0.0129	-0.0324	
10.1321	4.8812	16.5414	0.5727	0.9039	0.9306	0.8818	-0.3147	0.3360	-0.1003	0.0316	0.0144	-0.0334	
10.1869	4.9759	16.6269	0.5725	0.9043	0.9299	0.8751	-0.3360	0.3379	-0.0843	0.0326	0.0149	-0.0331	
10.2525	5.0603	16.7174	0.5732	0.9038	0.9297	0.8695	-0.3510	0.3428	-0.0585	0.0351	0.0158	-0.0311	
10.3132	5.1328	16.8057	0.5735	0.9023	0.9294	0.8651	-0.3657	0.3392	-0.0602	0.0321	0.0141	-0.0305	
10.3662	5.2082	16.8985	0.5731	0.9011	0.9294	0.8614	-0.3893	0.3213	-0.0617	0.0314	0.0103	-0.0322	
10.4220	5.3053	16.9880	0.5730	0.9016	0.9291	0.8463	-0.4218	0.3196	-0.0598	0.0305	0.0114	-0.0359	
10.4762	5.4016	17.0761	0.5727	0.9021	0.9287	0.8341	-0.4416	0.3270	-0.0487	0.0298	0.0136	-0.0358	
10.5283	5.4879	17.1732	0.5723	0.9018	0.9290	0.8279	-0.4554	0.3263	-0.0325	0.0306	0.0136	-0.0340	
10.5872	5.5674	17.2649	0.5724	0.9009	0.9289	0.8202	-0.4735	0.3199	-0.0331	0.0288	0.0119	-0.0342	
10.6507	5.6534	17.3517	0.5729	0.9006	0.9284	0.8176	-0.4867	0.3079	-0.0154	0.0313	0.0098	-0.0319	
10.7021	5.7443	17.4444	0.5724	0.9007	0.9284	0.8116	-0.4949	0.3115	-0.0086	0.0289	0.0102	-0.0298	
10.7588	5.8332	17.5434	0.5724	0.9006	0.9289	0.7982	-0.5197	0.3045	-0.0118	0.0273	0.0094	-0.0328	
10.8180	5.9177	17.6315	0.5726	0.9002	0.9285	0.7874	-0.5367	0.3033	-0.0047	0.0269	0.0097	-0.0328	
10.8759	5.9992	17.7216	0.5726	0.8995	0.9283	0.7673	-0.5675	0.2985	-0.0074	0.0259	0.0099	-0.0373	
10.9341	6.0894	17.8160	0.5727	0.8995	0.9285	0.7512	-0.5964	0.2824	-0.0040	0.0274	0.0082	-0.0400	
10.9861	6.1762	17.9185	0.5723	0.8992	0.9292	0.7396	-0.6086	0.2883	0.0105	0.0271	0.0104	-0.0383	
11.0457	6.2707	18.0091	0.5725	0.8996	0.9290	0.7212	-0.6236	0.3017	0.0204	0.0253	0.0136	-0.0383	
11.1039	6.3540	18.1010	0.5725	0.8991	0.9290	0.7054	-0.6460	0.2908	0.0207	0.0253	0.0118	-0.0398	
11.1541	6.4442	18.2010	0.5720	0.8991	0.9295	0.6937	-0.6595	0.2897	0.0198	0.0230	0.0109	-0.0392	
11.2088	6.5373	18.2995	0.5718	0.8993	0.9299	0.6818	-0.6748	0.2809	0.0315	0.0247	0.0105	-0.0382	
11.2602	6.6236	18.3990	0.5714	0.8991	0.9304	0.6654	-0.6871	0.2883	0.0488	0.0250	0.0134	-0.0373	
11.3133	6.7090	18.4977	0.5711	0.8987	0.9308	0.6609	-0.6936	0.2811	0.0616	0.0259	0.0125	-0.0337	
11.3741	6.7982	18.5853	0.5714	0.8987	0.9304	0.6448	-0.7087	0.2764	0.0740	0.0269	0.0130	-0.0337	
11.4382	6.8823	18.6711	0.5719	0.8982	0.9299	0.6281	-0.7269	0.2682	0.0730	0.0261	0.0114	-0.0352	
11.4886	6.9746	18.7699	0.5714	0.8984	0.9303	0.6088	-0.7439	0.2651	0.0756	0.0252	0.0112	-0.0368	
11.5444	7.0707	18.8615	0.5713	0.8989	0.9302	0.5979	-0.7572	0.2562	0.0651	0.0224	0.0077	-0.0369	
11.6072	7.1541	18.9544	0.5717	0.8984	0.9302	0.5807	-0.7713	0.2510	0.0695	0.0225	0.0077	-0.0372	
11.6606	7.2460	19.0488	0.5714	0.8986	0.9303	0.5630	-0.7830	0.2551	0.0708	0.0205	0.0083	-0.0376	
11.7180	7.3265	19.1392	0.5714	0.8979	0.9301	0.5517	-0.7940	0.2445	0.0752	0.0213	0.0072	-0.0362	
11.7739	7.4182	19.2361	0.5713	0.8980	0.9304	0.5367	-0.8018	0.2487	0.0871	0.0209	0.0094	-0.0350	
11.8274	7.5048	19.3378	0.5711	0.8978	0.9310	0.5293	-0.8143	0.2197	0.0961	0.0251	0.0067	-0.0330	
11.8905	7.5939	19.4249	0.5715	0.8977	0.9306	0.5162	-0.8263	0.1979	0.1080	0.0284	0.0059	-0.0321	
11.9431	7.6816	19.5169	0.5712	0.8976	0.9305	0.4997	-0.8379	0.1867	0.1154	0.0291	0.0057	-0.0323	
11.9940	7.7700	19.6105	0.5707	0.8975	0.9305	0.4893	-0.8421	0.1916	0.1243	0.0267	0.0072	-0.0305	
12.0542	7.8565	19.7080	0.5710	0.8972	0.9309	0.4728	-0.8520	0.1911	0.1199	0.0240	0.0062	-0.0315	
12.1169	7.9414	19.7965	0.5713	0.8969	0.9306	0.4500	-0.8654	0.1831	0.1219	0.0242	0.0059	-0.0335	
12.1699	8.0352	19.9001	0.5711	0.8972	0.9313	0.4263	-0.8766	0.1829	0.1281	0.0235	0.0071	-0.0353	
12.2319	8.1264	19.9963	0.5714	0.8973	0.9315	0.4029	-0.8867	0.1731	0.1460	0.0261	0.0093	-0.0358	
12.2871	8.2175	20.0879	0.5713	0.8974	0.9314	0.3763	-0.8956	0.1820	0.1532	0.0237	0.0112	-0.0377	
12.3452	8.3064	20.1858	0.5713	0.8973	0.9317	0.3494	-0.9102	0.1705	0.1432	0.0233	0.0081	-0.0406	
12.4045	8.3903	20.2665	0.5715	0.8969	0.9309	0.3329	-0.9165	0.1557	0.1585	0.0259	0.0092	-0.0386	
12.4628	8.4794	20.3646	0.5716	0.8969	0.9312	0.3122	-0.9259	0.1452	0.1554	0.0256	0.0073	-0.0392	
12.5178	8.5639	20.4593	0.5714	0.8965	0.9313	0.2974	-0.9293	0.1363	0.1723	0.0269	0.0093	-0.0369	
12.5778	8.6449	20.5472	0.5716	0.8960	0.9310	0.2797	-0.9344	0.1307	0.1782	0.0264	0.0094	-0.0361	
12.6342	8.7265	20.6369	0.5715	0.8954	0.9308	0.2622	-0.9403	0.1322	0.1738	0.0236	0.0080	-0.0362	
12.6885	8.8162	20.7326	0.5713	0.8954	0.9309	0.2463	-0.9445	0.1198	0.1817	0.0248	0.0081	-0.0350	
12.7519	8.9067	20.8296	0.5718	0.8955	0.9312	0.2302	-0.9488	0.1126	0.1851	0.0245	0.0078	-0.0343	
12.8127	8.9934	20.9193	0.5720	0.8953	0.9310	0.2069	-0.9542	0.0951	0.1934	0.0269	0.0081	-0.0349	
12.8758	9.0769	21.0142	0.5724	0.8949	0.9311	0.1814	-0.9629	0.1010	0.1754	0.0226	0.0044	-0.0379	
12.9291	9.1654	21.1101	0.5721	0.8948	0.9313	0.1545	-0.9656	0.0910	0.1876	0.0242	0.0065	-0.0387	
12.9923	9.2545	21.2075	0.5725	0.8948	0.9316	0.1456	-0.9677	0.0941	0.1857	0.0213	0.0057	-0.0364	
13.0504	9.3494	21.2947	0.5726	0.8952	0.9312	0.1294	-0.9686	0.1007	0.1884	0.0187	0.0063	-0.0359	
13.1029	9.4552	21.3919	0.5723	0.8962	0.9314	0.1002	-0.9691	0.0998	0.2019	0.0190	0.0091	-0.0379	
13.1604	9.5479	21.4925	0.5723	0.8964	0.9319	0.0836	-0.9684	0.0942	0.2156	0.0195	0.0112	-0.0365	
13.2163	9.6375	21.5843	0.5722	0.8964	0.9318	0.0525	-0.9716	0.0777	0.2165	0.0220	0.0102	-0.0388	
13.2731	9.7235	21.6771	0.5722	0.8962	0.9318	0.0424	-0.9735	0.0802	0.2122	0.0195	0.0083	-0.0367	
13.3292	9.8113	21.7717	0.5721	0.8961	0.9319	0.0127	-0.9745	0.0782	0.2094	0.0191	0.0073	-0.0392	
13.3806	9.9038	21.8654	0.5718	0.8962	0.9319	0.0157	0.9766	-0.0733	-0.2012	0.0195	0.0090	-0.0374	
13.4290	9.9887	21.9535	0.5712	0.8959	0.9316	0.0346	0.9779	-0.0685	-0.1949	0.0204	0.0098	-0.0372	
13.4846	10.0774	22.0435	0.5711	0.8959	0.9314	0.0606	0.9765	-0.0540	-0.1993	0.0201	0.0102	-0.0375	
13.5412	10.1709	22.1328	0.5711	0.8961	0.9311	0.0829	0.9744	-0.0503	-0.2026	0.0200	0.0100	-0.0379	
13.6026	10.2602	22.2280	0.5713	0.8961	0.9313	0.1056	0.9724	-0.0495	-0.2020	0.0197	0.0086	-0.0386	
13.6585	10.3503	22.3216	0.5713	0.8961	0.9313	0.1267	0.9717	-0.0408	-0.1955	0.0211	0.0060	-0.0385	
13.7099	10.4370	22.4155	0.5709	0.8960	0.9314	0.1434	0.9699	-0.0284	-0.1950	0.0223	0.0058	-0.0369	
13.7679	10.5242	22.5102	0.5710	0.8958	0.9315	0.1648	0.9671	-0.0112	-0.1934	0.0251	0.0055	-0.0368	
13.8256	10.6132	22.6093	0.5710	0.8958	0.9318	0.1804	0.9662	-0.0149	-0.1852	0.0221	0.0023	-0.0360	
13.8863	10.7017	22.7001	0.5712	0.8957	0.9317	0.2095	0.9627	-0.0004	-0.1706	0.0252	-0.0010	-0.0386	
13.9408	10.7902	22.7884	0.5711	0.8956	0.9314	0.2389	0.9574	0.0069	-0.1613	0.0256	-0.0025	-0.0411	
14.0055	10.8847	22.8787	0.5715	0.8960	0.9312	0.2543	0.9542	-0.0004	-0.1605	0.0214	-0.0024	-0.0401	
14.0642	10.9797	22.9691	0.5716	0.8963	0.9310	0.2849	0.9461	-0.0112	-0.1545	0.0179	-0.0033	-0.0435	
14.1159	11.0719	23.0635	0.5713	0.8964	0.9311	0.3010	0.9411	-0.0098	-0.1552	0.0167	-0.0023	-0.0421	
14.1709	11.1555	23.1530	0.5712	0.8961	0.9309	0.3247	0.9338	0.0018	-0.1499	0.0185	-0.0024	-0.0425	
14.2224	11.2469	23.2455	0.5708	0.8962	0.9309	0.3454	0.9256	0.0007	-0.1559	0.0166	-0.0005	-0.0427	
14.2801	11.3388	23.3462	0.5709	0.8963	0.9313	0.3620	0.9214	0.0148	-0.1415	0.0192	-0.0026	-0.0411	
14.3431	11.4289	23.4367	0.5712	0.8963	0.9312	0.3872	0.9104	0.0405	-0.1400	0.0235	-0.0012	-0.0417	
14.3958	11.5211	23.5301	0.5710	0.8965	0.9312	0.4094	0.8989	0.0559	-0.1461	0.0245	0.0012	-0.0419	
14.4514	11.6093	23.6319	0.5709	0.8964	0.9317	0.4358	0.8873	0.0585	-0.1390	0.0239	0.0003	-0.0436	
14.5129	11.6935	23.7223	0.5711	0.8961	0.9315	0.4413	0.8844	0.0798	-0.1330	0.0263	0.0003	-0.0389	
14.5701	11.7801	23.8173	0.5711	0.8959	0.9316	0.4584	0.8732	0.0867	-0.1419	0.0247	0.0027	-0.0387	
14.6294	11.8776	23.9099	0.5713	0.8964	0.9316	0.4708	0.8672	0.0893	-0.1371	0.0233	0.0018	-0.0372	
14.6832	11.9691	23.9962	0.5711	0.8965	0.9312	0.4927	0.8553	0.0899	-0.1330	0.0221	0.0011	-0.0387	
14.7420	12.0586	24.0874	0.5712	0.8965	0.9311	0.5053	0.8463	0.1056	-0.1324	0.0234	0.0021	-0.0371	
14.8032	12.1463	24.1778	0.5714	0.8964	0.9309	0.5235	0.8318	0.1178	-0.1425	0.0230	0.0048	-0.0376	
14.8584	12.2371	24.2709	0.5713	0.8964	0.9309	0.5317	0.8279	0.1199	-0.1351	0.0219	0.0033	-0.0351	
14.9141	12.3226	24.3721	0.5712	0.8962	0.9314	0.5516	0.8148	0.1290	-0.1227	0.0235	0.0017	-0.0360	
14.9697	12.4109	24.4591	0.5711	0.8961	0.9311	0.5725	0.7961	0.1460	-0.1310	0.0245	0.0045	-0.0376	
15.0287	12.5025	24.5503	0.5712	0.8962	0.9309	0.5908	0.7834	0.1497	-0.1217	0.0243	0.0027	-0.0382	
15.0857	12.5948	24.6446	0.5712	0.8964	0.9310	0.6034	0.7746	0.1551	-0.1098	0.0245	0.0010	-0.0369	
15.1434	12.6817	24.7369	0.5712	0.8962	0.9310	0.6146	0.7636	0.1643	-0.1119	0.0239	0.0022	-0.0358	
15.2001	12.7719	24.8304	0.5712	0.8963	0.9310	0.6420	0.7420	0.1603	-0.1075	0.0224	0.0006	-0.0398	
15.2598	12.8654	24.9261	0.5714	0.8965	0.9311	0.6606	0.7245	0.1635	-0.1096	0.0212	0.0011	-0.0409	
15.3188	12.9539	25.0186	0.5715	0.8964	0.9311	0.6749	0.7134	0.1576	-0.1060	0.0188	-0.0004	-0.0405	
15.3795	13.0509	25.1168	0.5717	0.8968	0.9314	0.6951	0.6941	0.1610	-0.0941	0.0199	-0.0020	-0.0418	
15.4290	13.1404	25.2121	0.5713	0.8968	0.9315	0.7051	0.6843	0.1681	-0.0823	0.0211	-0.0026	-0.0396	
15.4845	13.2356	25.3054	0.5712	0.8971	0.9315	0.7173	0.6715	0.1691	-0.0783	0.0201	-0.0029	-0.0389	
15.5385	13.3239	25.4019	0.5710	0.8970	0.9317	0.7357	0.6529	0.1705	-0.0580	0.0220	-0.0057	-0.0400	
15.5926	13.4138	25.4891	0.5708	0.8970	0.9314	0.7511	0.6374	0.1649	-0.0500	0.0205	-0.0074	-0.0404	
15.6469	13.5039	25.5828	0.5707	0.8971	0.9314	0.7658	0.6183	0.1695	-0.0506	0.0199	-0.0060	-0.0409	
15.6983	13.5886	25.6723	0.5704	0.8968	0.9312	0.7674	0.6123	0.1870	-0.0505	0.0209	-0.0026	-0.0368	
15.7573	13.6792	25.7670	0.5705	0.8968	0.9313	0.7773	0.5932	0.2054	-0.0417	0.0238	-0.0008	-0.0365	
15.8134	13.7663	25.8614	0.5704	0.8967	0.9313	0.7875	0.5759	0.2158	-0.0418	0.0238	0.0007	-0.0364	
15.8731	13.8565	25.9553	0.5706	0.8967	0.9314	0.7969	0.5668	0.2083	-0.0329	0.0216	-0.0021	-0.0351	
15.9353	13.9429	26.0512	0.5708	0.8965	0.9315	0.8091	0.5506	0.2057	-0.0113	0.0229	-0.0055	-0.0352	
15.9996	14.0307	26.1430	0.5712	0.8965	0.9315	0.8235	0.5328	0.1954	-0.0050	0.0208	-0.0082	-0.0363	
16.0566	14.1242	26.2333	0.5712	0.8967	0.9313	0.8315	0.5166	0.2046	0.0011	0.0216	-0.0067	-0.0357	
16.1145	14.2145	26.3264	0.5713	0.8967	0.9313	0.8464	0.4928	0.2015	0.0038	0.0205	-0.0075	-0.0379	
16.1705	14.3016	26.4152	0.5712	0.8966	0.9311	0.8565	0.4709	0.2098	0.0231	0.0237	-0.0080	-0.0382	
16.2292	14.3962	26.5130	0.5713	0.8968	0.9313	0.8624	0.4577	0.2152	0.0296	0.0234	-0.0071	-0.0365	
16.2826	14.4848	26.6045	0.5711	0.8968	0.9312	0.8715	0.4394	0.2125	0.0469	0.0243	-0.0092	-0.0364	
16.3412	14.5765	26.6999	0.5712	0.8969	0.9314	0.8778	0.4265	0.2077	0.0689	0.0253	-0.0119	-0.0347	
16.3965	14.6632	26.7892	0.5711	0.8967	0.9312	0.8934	0.3907	0.2089	0.0734	0.0254	-0.0120	-0.0395	
16.4496	14.7535	26.8835	0.5709	0.8967	0.9312	0.9035	0.3625	0.2165	0.0732	0.0250	-0.0098	-0.0416	
16.5068	14.8423	26.9767	0.5709	0.8967	0.9312	0.9091	0.3399	0.2321	0.0690	0.0245	-0.0056	-0.0418	
16.5660	14.9319	27.0719	0.5710	0.8967	0.9313	0.9149	0.3256	0.2284	0.0732	0.0226	-0.0066	-0.0401	
16.6259	15.0272	27.1702	0.5711	0.8970	0.9316	0.9203	0.3086	0.2256	0.0843	0.0225	-0.0079	-0.0389	
16.6844	15.1212	27.2638	0.5712	0.8972	0.9316	0.9277	0.2869	0.2194	0.0941	0.0222	-0.0099	-0.0391	
16.7397	15.2099	27.3606	0.5711	0.8972	0.9318	0.9329	0.2711	0.2160	0.0988	0.0209	-0.0103	-0.0379	
16.7974	15.2988	27.4492	0.5711	0.8971	0.9316	0.9379	0.2471	0.2181	0.1074	0.0217	-0.0101	-0.0387	
16.8530	15.3952	27.5418	0.5711	0.8975	0.9316	0.9449	0.2203	0.2208	0.1003	0.0195	-0.0087	-0.0406	
16.9141	15.4844	27.6348	0.5713	0.8974	0.9315	0.9524	0.1852	0.2218	0.0957	0.0185	-0.0082	-0.0443	
16.9746	15.5742	27.7279	0.5714	0.8974	0.9315	0.9555	0.1644	0.2198	0.1090	0.0199	-0.0092	-0.0432	
17.0318	15.6588	27.8275	0.5714	0.8972	0.9319	0.9571	0.1484	0.2195	0.1189	0.0203	-0.0092	-0.0413	
17.0867	15.7483	27.9184	0.5713	0.8972	0.9318	0.9586	0.1316	0.2149	0.1333	0.0213	-0.0105	-0.0396	
17.1463	15.8397	28.0134	0.5714	0.8972	0.9318	0.9596	0.1068	0.2209	0.1380	0.0215	-0.0088	-0.0403	
17.2069	15.9280	28.1057	0.5716	0.8972	0.9318	0.9624	0.0798	0.2168	0.1423	0.0213	-0.0099	-0.0415	
17.2635	16.0173	28.2003	0.5716	0.8972	0.9319	0.9625	0.0477	0.2156	0.1567	0.0235	-0.0106	-0.0434	
17.3266	16.1016	28.2929	0.5719	0.8969	0.9319	0.9607	0.0274	0.2113	0.1785	0.0263	-0.0120	-0.0418	
17.3827	16.1930	28.3858	0.5718	0.8970	0.9318	0.9606	0.0231	0.1998	0.1950	0.0262	-0.0141	-0.0365	
17.4390	16.2854	28.4825	0.5718	0.8971	0.9320	0.9640	0.0049	0.1907	0.1871	0.0222	-0.0149	-0.0362	
17.4975	16.3749	28.5746	0.5718	0.8971	0.9320	0.9634	-0.0159	0.1935	0.1854	0.0205	-0.0131	-0.0367	
17.5589	16.4596	28.6686	0.5720	0.8968	0.9320	0.9631	-0.0353	0.1907	0.1871	0.0196	-0.0129	-0.0366	
17.6125	16.5519	28.7614	0.5719	0.8970	0.9320	0.9650	-0.0520	0.1805	0.1840	0.0173	-0.0142	-0.0357	
17.6688	16.6434	28.8553	0.5718	0.8971	0.9320	0.9599	-0.0780	0.1867	0.1938	0.0188	-0.0121	-0.0373	
17.7274	16.7288	28.9488	0.5719	0.8969	0.9320	0.9593	-0.0928	0.1835	0.1944	0.0175	-0.0119	-0.0361	
17.7880	16.8153	29.0374	0.5721	0.8967	0.9318	0.9524	-0.1116	0.2008	0.2018	0.0182	-0.0071	-0.0364	
17.8405	16.8980	29.1291	0.5718	0.8964	0.9317	0.9496	-0.1414	0.1983	0.1971	0.0168	-0.0077	-0.0392	
17.8948	16.9947	29.2241	0.5717	0.8967	0.9318	0.9493	-0.1600	0.1860	0.1974	0.0159	-0.0103	-0.0382	
17.9445	17.0748	29.3164	0.5713	0.8962	0.9318	0.9451	-0.1758	0.1759	0.2128	0.0183	-0.0120	-0.0363	
18.0048	17.1658	29.4102	0.5715	0.8963	0.9318	0.9409	-0.2078	0.1631	0.2114	0.0181	-0.0146	-0.0390	
18.0626	17.2550	29.5001	0.5715	0.8963	0.9316	0.9382	-0.2292	0.1494	0.2120	0.0177	-0.0167	-0.0387	
18.1166	17.3409	29.5972	0.5714	0.8961	0.9318	0.9313	-0.2433	0.1515	0.2261	0.0191	-0.0146	-0.0370	
18.1761	17.4280	29.6911	0.5715	0.8960	0.9319	0.9251	-0.2538	0.1508	0.2399	0.0204	-0.0133	-0.0346	
18.2316	17.5160	29.7838	0.5714	0.8959	0.9318	0.9136	-0.2784	0.1549	0.2526	0.0220	-0.0114	-0.0363	
18.2847	17.6024	29.8799	0.5712	0.8958	0.9320	0.9061	-0.2935	0.1581	0.2611	0.0219	-0.0097	-0.0356	
18.3396	17.6911	29.9700	0.5711	0.8957	0.9318	0.8964	-0.3166	0.1543	0.2688	0.0227	-0.0100	-0.0365	
18.4011	17.7816	30.0605	0.5713	0.8958	0.9317	0.8849	-0.3360	0.1522	0.2844	0.0249	-0.0096	-0.0363	
18.4550	17.8741	30.1552	0.5712	0.8959	0.9318	0.8732	-0.3684	0.1494	0.2817	0.0236	-0.0103	-0.0400	
18.5102	17.9585	30.2467	0.5711	0.8957	0.9317	0.8683	-0.3766	0.1430	0.2907	0.0237	-0.0104	-0.0364	
18.5652	18.0485	30.3408	0.5710	0.8957	0.9317	0.8605	-0.3880	0.1453	0.2971	0.0228	-0.0088	-0.0349	
18.6236	18.1399	30.4330	0.5710	0.8958	0.9317	0.8499	-0.4099	0.1274	0.3056	0.0250	-0.0118	-0.0348	
18.6811	18.2250	30.5222	0.5711	0.8956	0.9315	0.8457	-0.4200	0.1060	0.3128	0.0260	-0.0146	-0.0314	
18.7407	18.3177	30.6114	0.5712	0.8957	0.9313	0.8299	-0.4467	0.1019	0.3179	0.0264	-0.0148	-0.0343	
18.7961	18.4054	30.7041	0.5711	0.8956	0.9313	0.8140	-0.4779	0.0989	0.3148	0.0250	-0.0154	-0.0383	
18.8558	18.4970	30.7952	0.5712	0.8957	0.9312	0.8020	-0.4929	0.0816	0.3278	0.0277	-0.0167	-0.0362	
18.9113	18.5841	30.8856	0.5711	0.8956	0.9311	0.7869	-0.5200	0.0810	0.3223	0.0251	-0.0168	-0.0392	
18.9672	18.6818	30.9766	0.5711	0.8960	0.9310	0.7774	-0.5395	0.0674	0.3166	0.0236	-0.0187	-0.0388	
19.0240	18.7708	31.0665	0.5711	0.8959	0.9309	0.7694	-0.5515	0.0698	0.3157	0.0211	-0.0169	-0.0374	
19.0863	18.8591	31.1594	0.5713	0.8959	0.9308	0.7626	-0.5599	0.0555	0.3201	0.0219	-0.0174	-0.0342	
19.1420	18.9506	31.2494	0.5712	0.8960	0.9307	0.7460	-0.5763	0.0490	0.3301	0.0235	-0.0167	-0.0344	
19.2004	19.0409	31.3460	0.5713	0.8960	0.9309	0.7308	-0.5919	0.0422	0.3373	0.0244	-0.0162	-0.0344	
19.2602	19.1253	31.4413	0.5714	0.8958	0.9310	0.7129	-0.6124	0.0355	0.3397	0.0246	-0.0166	-0.0360	
19.3133	19.2137	31.5332	0.5712	0.8957	0.9309	0.6914	-0.6317	0.0206	0.3495	0.0274	-0.0174	-0.0368	
19.3713	19.2986	31.6258	0.5713	0.8955	0.9309	0.6819	-0.6449	0.0096	0.3455	0.0257	-0.0184	-0.0354	
19.4264	19.3905	31.7178	0.5712	0.8956	0.9308	0.6668	-0.6579	0.0091	0.3504	0.0249	-0.0169	-0.0352	
19.4861	19.4843	31.8129	0.5713	0.8958	0.9309	0.6533	-0.6688	0.0049	0.3551	0.0246	-0.0158	-0.0343	
19.5435	19.5729	31.9092	0.5713	0.8958	0.9311	0.6343	-0.6816	-0.0103	0.3646	0.0272	-0.0161	-0.0340	
19.6026	19.6655	31.9992	0.5714	0.8959	0.9309	0.6077	-0.7079	-0.0236	0.3587	0.0273	-0.0192	-0.0376	
19.6596	19.7553	32.0937	0.5714	0.8959	0.9310	0.5915	-0.7216	-0.0343	0.3582	0.0269	-0.0197	-0.0371	
19.7146	19.8458	32.1818	0.5713	0.8959	0.9308	0.5731	-0.7341	-0.0342	0.3630	0.0262	-0.0180	-0.0372	
19.7705	19.9369	32.2731	0.5712	0.8960	0.9307	0.5584	-0.7380	-0.0350	0.3782	0.0270	-0.0142	-0.0350	
19.8250	20.0247	32.3655	0.5711	0.8959	0.9307	0.5493	-0.7428	-0.0347	0.3821	0.0251	-0.0123	-0.0328	
19.8783	20.1098	32.4606	0.5710	0.8957	0.9308	0.5411	-0.7436	-0.0567	0.3895	0.0272	-0.0126	-0.0288	
19.9339	20.1977	32.5544	0.5709	0.8957	0.9308	0.5234	-0.7548	-0.0524	0.3922	0.0254	-0.0115	-0.0300	
19.9948	20.2842	32.6468	0.5711	0.8955	0.9308	0.5081	-0.7600	-0.0649	0.4001	0.0269	-0.0110	-0.0287	
20.0524	20.3721	32.7343	0.5711	0.8955	0.9305	0.4917	-0.7692	-0.0739	0.4014	0.0268	-0.0116	-0.0286	
20.1111	20.4633	32.8255	0.5711	0.8955	0.9304	0.4710	-0.7807	-0.0840	0.4018	0.0272	-0.0127	-0.0295	
20.1686	20.5526	32.9167	0.5712	0.8955	0.9304	0.4559	-0.7852	-0.0970	0.4078	0.0283	-0.0124	-0.0282	
20.2285	20.6407	33.0091	0.5713	0.8955	0.9303	0.4341	-0.7984	-0.1024	0.4044	0.0274	-0.0137	-0.0299	
20.2841	20.7289	33.0995	0.5712	0.8954	0.9302	0.4254	-0.7977	-0.1163	0.4120	0.0283	-0.0125	-0.0266	
20.3407	20.8201	33.1986	0.5712	0.8955	0.9305	0.4061	-0.8041	-0.1377	0.4116	0.0302	-0.0144	-0.0261	
20.3997	20.9092	33.2950	0.5713	0.8955	0.9306	0.3966	-0.8084	-0.1653	0.4030	0.0311	-0.0176	-0.0232	
20.4527	20.9967	33.3896	0.5711	0.8954	0.9307	0.3736	-0.8143	-0.1678	0.4115	0.0310	-0.0158	-0.0249	
20.5093	21.0880	33.4781	0.5711	0.8954	0.9305	0.3603	-0.8188	-0.1658	0.4159	0.0289	-0.0139	-0.0249	
20.5711	21.1769	33.5765	0.5713	0.8954	0.9307	0.3332	-0.8261	-0.1702	0.4212	0.0294	-0.0134	-0.0273	
20.6303	21.2671	33.6731	0.5714	0.8954	0.9309	0.3038	-0.8396	-0.1769	0.4140	0.0290	-0.0161	-0.0303	
20.6884	21.3573	33.7690	0.5714	0.8955	0.9310	0.2726	-0.8530	-0.1792	0.4073	0.0282	-0.0181	-0.0335	
20.7481	21.4441	33.8641	0.5715	0.8954	0.9311	0.2536	-0.8616	-0.1874	0.3979	0.0271	-0.0198	-0.0332	
20.8039	21.5349	33.9561	0.5715	0.8954	0.9310	0.2279	-0.8636	-0.1975	0.4039	0.0288	-0.0184	-0.0336	
20.8604	21.6278	34.0486	0.5714	0.8955	0.9310	0.1996	-0.8674	-0.2171	0.4005	0.0313	-0.0199	-0.0338	
20.9168	21.7141	34.1416	0.5714	0.8954	0.9310	0.1800	-0.8755	-0.2263	0.3874	0.0299	-0.0224	-0.0332	
20.9708	21.8010	34.2386	0.5713	0.8953	0.9312	0.1530	-0.8785	-0.2406	0.3830	0.0313	-0.0231	-0.0334	
21.0237	21.8915	34.3316	0.5711	0.8953	0.9312	0.1319	-0.8798	-0.2563	0.3781	0.0322	-0.0236	-0.0324	
21.0794	21.9858	34.4272	0.5710	0.8955	0.9313	0.1158	-0.8787	-0.2645	0.3809	0.0318	-0.0215	-0.0311	
21.1389	22.0739	34.5228	0.5711	0.8955	0.9314	0.1060	-0.8818	-0.2750	0.3692	0.0301	-0.0226	-0.0283	
21.1913	22.1583	34.6194	0.5710	0.8953	0.9315	0.0964	-0.8749	-0.2939	0.3736	0.0315	-0.0199	-0.0251	
21.2511	22.2450	34.7109	0.5711	0.8952	0.9314	0.0756	-0.8757	-0.3070	0.3647	0.0318	-0.0213	-0.0249	
21.3066	22.3351	34.8092	0.5710	0.8952	0.9316	0.0546	-0.8733	-0.3113	0.3712	0.0315	-0.0187	-0.0258	
21.3629	22.4223	34.9063	0.5710	0.8951	0.9318	0.0393	-0.8799	-0.3142	0.3550	0.0290	-0.0215	-0.0250	
21.4187	22.5119	35.0027	0.5709	0.8951	0.9319	0.0201	-0.8804	-0.3077	0.3613	0.0266	-0.0187	-0.0265	
21.4768	22.6043	35.0985	0.5710	0.8952	0.9320	-0.0066	-0.8728	-0.3259	0.3631	0.0233	-0.0197	-0.0257	
21.5286	22.6918	35.1919	0.5708	0.8951	0.9320	0.0197	0.8722	0.3314	-0.3595	0.0228	-0.0192	-0.0246	
21.5877	22.7811	35.2818	0.5708	0.8951	0.9319	0.0439	0.8751	0.3341	-0.3471	0.0225	-0.0215	-0.0257	
21.6392	22.8715	35.3745	0.5706	0.8952	0.9319	0.0712	0.8730	0.3356	-0.3465	0.0230	-0.0210	-0.0279	
21.6956	22.9561	35.4712	0.5706	0.8950	0.9320	0.0790	0.8737	0.3440	-0.3357	0.0223	-0.0215	-0.0248	
21.7503	23.0486	35.5674	0.5705	0.8951	0.9321	0.0954	0.8696	0.3600	-0.3242	0.0243	-0.0225	-0.0234	
21.8080	23.1366	35.6576	0.5705	0.8950	0.9320	0.1166	0.8644	0.3670	-0.3233	0.0250	-0.0213	-0.0243	
21.8689	23.2289	35.7483	0.5707	0.8951	0.9319	0.1456	0.8550	0.3747	-0.3275	0.0267	-0.0195	-0.0270	
21.9224	23.3171	35.8488	0.5705	0.8951	0.9322	0.1633	0.8434	0.3903	-0.3318	0.0288	-0.0169	-0.0267	
21.9742	23.4058	35.9396	0.5703	0.8950	0.9321	0.1730	0.8405	0.3975	-0.3257	0.0279	-0.0167	-0.0246	
22.0289	23.4961	36.0364	0.5703	0.8951	0.9323	0.2003	0.8305	0.4058	-0.3245	0.0294	-0.0165	-0.0266	
22.0899	23.5882	36.1292	0.5704	0.8952	0.9322	0.2219	0.8175	0.4303	-0.3120	0.0337	-0.0178	-0.0254	
22.1432	23.6759	36.2286	0.5703	0.8951	0.9325	0.2304	0.8115	0.4412	-0.3069	0.0332	-0.0169	-0.0229	
22.2023	23.7633	36.3242	0.5703	0.8950	0.9326	0.2518	0.8051	0.4444	-0.3014	0.0325	-0.0172	-0.0238	
22.2598	23.8541	36.4192	0.5704	0.8951	0.9326	0.2691	0.7973	0.4473	-0.3033	0.0312	-0.0158	-0.0246	
22.3191	23.9433	36.5106	0.5704	0.8951	0.9326	0.2876	0.7918	0.4541	-0.2900	0.0315	-0.0175	-0.0239	
22.3749	24.0315	36.6052	0.5704	0.8950	0.9326	0.3059	0.7855	0.4613	-0.2768	0.0319	-0.0190	-0.0232	
22.4363	24.1185	36.6983	0.5706	0.8949	0.9326	0.3314	0.7722	0.4684	-0.2726	0.0330	-0.0189	-0.0251	
22.4896	24.2090	36.7939	0.5704	0.8950	0.9327	0.3430	0.7640	0.4809	-0.2599	0.0339	-0.0191	-0.0226	
22.5495	24.3006	36.8844	0.5705	0.8950	0.9326	0.3629	0.7556	0.4867	-0.2456	0.0342	-0.0207	-0.0225	
22.6074	24.3879	36.9754	0.5706	0.8950	0.9325	0.3810	0.7520	0.4826	-0.2384	0.0316	-0.0213	-0.0232	
22.6692	24.4747	37.0681	0.5707	0.8949	0.9325	0.4026	0.7374	0.4917	-0.2285	0.0332	-0.0215	-0.0238	
22.7290	24.5673	37.1591	0.5708	0.8950	0.9324	0.4251	0.7265	0.4999	-0.2031	0.0355	-0.0247	-0.0230	
22.7819	24.6566	37.2559	0.5707	0.8950	0.9325	0.4415	0.7126	0.5083	-0.1977	0.0358	-0.0234	-0.0230	
22.8365	24.7455	37.3451	0.5706	0.8949	0.9324	0.4614	0.6978	0.5161	-0.1835	0.0371	-0.0241	-0.0231	
22.8897	24.8322	37.4434	0.5704	0.8948	0.9326	0.4707	0.6966	0.5138	-0.1736	0.0339	-0.0238	-0.0214	
22.9483	24.9212	37.5359	0.5705	0.8948	0.9325	0.4815	0.6820	0.5221	-0.1763	0.0332	-0.0207	-0.0216	
23.0048	25.0133	37.6294	0.5705	0.8949	0.9326	0.4934	0.6789	0.5169	-0.1707	0.0298	-0.0207	-0.0212	
23.0664	25.1006	37.7207	0.5706	0.8948	0.9325	0.5103	0.6779	0.5055	-0.1583	0.0266	-0.0230	-0.0213	
23.1239	25.1900	37.8188	0.5707	0.8948	0.9327	0.5243	0.6620	0.5167	-0.1409	0.0297	-0.0231	-0.0202	
23.1787	25.2790	37.9105	0.5706	0.8948	0.9326	0.5342	0.6488	0.5241	-0.1392	0.0296	-0.0208	-0.0200	
23.2382	25.3655	38.0026	0.5707	0.8947	0.9326	0.5536	0.6377	0.5220	-0.1193	0.0302	-0.0235	-0.0202	
23.2956	25.4583	38.0948	0.5707	0.8948	0.9325	0.5715	0.6181	0.5285	-0.1087	0.0320	-0.0234	-0.0212	
23.3523	25.5471	38.1871	0.5707	0.8948	0.9325	0.5838	0.5997	0.5392	-0.0933	0.0346	-0.0228	-0.0205	
23.4086	25.6373	38.2807	0.5706	0.8948	0.9325	0.5968	0.5926	0.5342	-0.0886	0.0315	-0.0227	-0.0206	
23.4708	25.7287	38.3772	0.5708	0.8949	0.9326	0.6091	0.5816	0.5322	-0.0891	0.0291	-0.0214	-0.0213	
23.5286	25.8200	38.4715	0.5709	0.8950	0.9327	0.6073	0.5776	0.5400	-0.0829	0.0279	-0.0185	-0.0181	
23.5837	25.9089	38.5665	0.5708	0.8949	0.9327	0.6267	0.5540	0.5430	-0.0725	0.0301	-0.0194	-0.0203	
23.6387	26.0017	38.6595	0.5707	0.8951	0.9327	0.6341	0.5281	0.5612	-0.0665	0.0336	-0.0162	-0.0207	
23.6932	26.0898	38.7533	0.5706	0.8950	0.9327	0.6543	0.5025	0.5616	-0.0607	0.0345	-0.0171	-0.0236	
23.7435	26.1790	38.8484	0.5704	0.8950	0.9328	0.6593	0.4940	0.5648	-0.0520	0.0332	-0.0162	-0.0217	
23.7999	26.2692	38.9402	0.5704	0.8950	0.9327	0.6751	0.4695	0.5668	-0.0498	0.0336	-0.0160	-0.0240	
23.8596	26.3626	39.0316	0.5705	0.8952	0.9327	0.6908	0.4440	0.5682	-0.0527	0.0332	-0.0153	-0.0267	
23.9119	26.4528	39.1256	0.5703	0.8952	0.9327	0.7114	0.4276	0.5560	-0.0459	0.0313	-0.0184	-0.0280	
23.9679	26.5424	39.2194	0.5702	0.8952	0.9327	0.7202	0.4097	0.5594	-0.0264	0.0335	-0.0189	-0.0263	
24.0231	26.6335	39.3132	0.5702	0.8952	0.9327	0.7248	0.3859	0.5706	-0.0149	0.0359	-0.0166	-0.0257	
24.0767	26.7200	39.4043	0.5701	0.8951	0.9327	0.7375	0.3680	0.5662	0.0047	0.0369	-0.0191	-0.0248	
24.1360	26.8072	39.4981	0.5701	0.8951	0.9327	0.7396	0.3443	0.5782	0.0188	0.0395	-0.0165	-0.0239	
24.1979	26.8941	39.5931	0.5703	0.8950	0.9327	0.7447	0.3206	0.5851	0.0230	0.0396	-0.0144	-0.0245	
24.2597	26.9841	39.6871	0.5705	0.8950	0.9328	0.7482	0.2984	0.5909	0.0440	0.0421	-0.0143	-0.0230	
24.3228	27.0722	39.7812	0.5707	0.8949	0.9328	0.7516	0.2851	0.5928	0.0538	0.0407	-0.0136	-0.0217	
24.3803	27.1577	39.8722	0.5707	0.8948	0.9327	0.7597	0.2662	0.5903	0.0605	0.0394	-0.0142	-0.0221	
24.4378	27.2506	39.9645	0.5707	0.8949	0.9327	0.7740	0.2502	0.5770	0.0752	0.0382	-0.0182	-0.0218	
24.4942	27.3380	40.0594	0.5707	0.8948	0.9327	0.7715	0.2290	0.5872	0.0887	0.0399	-0.0151	-0.0208	
24.5520	27.4280	40.1542	0.5707	0.8949	0.9328	0.7735	0.2133	0.5889	0.0982	0.0390	-0.0142	-0.0201	
24.6095	27.5190	40.2504	0.5707	0.8949	0.9329	0.7735	0.1943	0.5919	0.1163	0.0405	-0.0135	-0.0188	
24.6682	27.6086	40.3394	0.5708	0.8949	0.9328	0.7807	0.1652	0.5876	0.1324	0.0426	-0.0154	-0.0199	
24.7271	27.6986	40.4356	0.5709	0.8949	0.9329	0.7891	0.1446	0.5782	0.1485	0.0426	-0.0179	-0.0196	
24.7854	27.7862	40.5289	0.5709	0.8949	0.9329	0.7964	0.1431	0.5659	0.1619	0.0389	-0.0200	-0.0164	
24.8422	27.8741	40.6213	0.5709	0.8948	0.9328	0.8036	0.1208	0.5570	0.1714	0.0386	-0.0213	-0.0173	
24.8998	27.9648	40.7142	0.5709	0.8949	0.9328	0.8060	0.0997	0.5564	0.1762	0.0377	-0.0200	-0.0184	
24.9570	28.0565	40.8058	0.5709	0.8949	0.9328	0.8042	0.0816	0.5571	0.1908	0.0385	-0.0185	-0.0176	
25.0135	28.1464	40.9004	0.5709	0.8949	0.9328	0.8060	0.0654	0.5499	0.2091	0.0391	-0.0194	-0.0162	
25.0722	28.2331	40.9970	0.5709	0.8949	0.9329	0.8066	0.0553	0.5452	0.2226	0.0380	-0.0190	-0.0145	
25.1315	28.3223	41.0880	0.5710	0.8948	0.9328	0.8078	0.0407	0.5359	0.2421	0.0388	-0.0201	-0.0128	
25.1899	28.4100	41.1828	0.5711	0.8948	0.9329	0.8112	0.0319	0.5305	0.2454	0.0355	-0.0196	-0.0123	
25.2481	28.5015	41.2746	0.5711	0.8948	0.9328	0.8108	0.0003	0.5322	0.2444	0.0357	-0.0180	-0.0165	
25.3053	28.5923	41.3697	0.5711	0.8949	0.9329	0.8069	-0.0159	0.5425	0.2359	0.0322	-0.0136	-0.0188	
25.3623	28.6884	41.4635	0.5711	0.8951	0.9329	0.8031	-0.0335	0.5369	0.2561	0.0346	-0.0140	-0.0173	
25.4208	28.7744	41.5551	0.5711	0.8950	0.9329	0.7914	-0.0572	0.5426	0.2756	0.0382	-0.0114	-0.0176	
25.4790	28.8659	41.6533	0.5712	0.8951	0.9330	0.7896	-0.0915	0.5397	0.2770	0.0389	-0.0118	-0.0214	
25.5383	28.9555	41.7477	0.5712	0.8951	0.9331	0.7907	-0.1140	0.5275	0.2888	0.0395	-0.0142	-0.0210	
25.5968	29.0468	41.8379	0.5713	0.8951	0.9330	0.7877	-0.1134	0.5232	0.3069	0.0379	-0.0134	-0.0160	
25.6549	29.1399	41.9357	0.5713	0.8952	0.9331	0.7715	-0.1433	0.5333	0.3163	0.0402	-0.0095	-0.0194	
25.7116	29.2253	42.0300	0.5713	0.8951	0.9331	0.7655	-0.1720	0.5322	0.3180	0.0400	-0.0093	-0.0222	
25.7703	29.3150	42.1229	0.5714	0.8951	0.9331	0.7642	-0.1980	0.5216	0.3235	0.0401	-0.0114	-0.0229	
25.8287	29.4086	42.2124	0.5714	0.8953	0.9330	0.7559	-0.2114	0.5197	0.3378	0.0403	-0.0103	-0.0210	
25.8864	29.4972	42.3030	0.5714	0.8952	0.9329	0.7559	-0.2288	0.5158	0.3329	0.0368	-0.0108	-0.0218	
25.9425	29.5848	42.3972	0.5714	0.8952	0.9329	0.7428	-0.2598	0.5072	0.3509	0.0413	-0.0113	-0.0227	
25.9991	29.6741	42.4928	0.5714	0.8952	0.9330	0.7282	-0.2773	0.5057	0.3704	0.0433	-0.0095	-0.0214	
26.0585	29.7657	42.5848	0.5714	0.8952	0.9330	0.7226	-0.3087	0.4946	0.3712	0.0434	-0.0115	-0.0237	
26.1165	29.8544	42.6788	0.5715	0.8952	0.9330	0.7206	-0.3201	0.4901	0.3728	0.0401	-0.0115	-0.0225	
26.1738	29.9427	42.7712	0.5715	0.8952	0.9330	0.7148	-0.3276	0.4841	0.3848	0.0391	-0.0109	-0.0196	
26.2289	30.0363	42.8663	0.5714	0.8953	0.9330	0.7046	-0.3374	0.4773	0.4028	0.0400	-0.0100	-0.0169	
26.2859	30.1245	42.9614	0.5714	0.8952	0.9331	0.6919	-0.3441	0.4827	0.4130	0.0383	-0.0070	-0.0161	
26.3466	30.2107	43.0563	0.5715	0.8951	0.9331	0.6862	-0.3627	0.4722	0.4179	0.0382	-0.0083	-0.0163	
26.4016	30.2965	43.1489	0.5714	0.8950	0.9331	0.6833	-0.3798	0.4606	0.4206	0.0372	-0.0099	-0.0161	
26.4553	30.3901	43.2442	0.5713	0.8952	0.9332	0.6685	-0.3959	0.4535	0.4367	0.0393	-0.0090	-0.0155	
26.5131	30.4820	43.3351	0.5714	0.8952	0.9331	0.6582	-0.4198	0.4350	0.4484	0.0420	-0.0110	-0.0154	
26.5748	30.5706	43.4270	0.5715	0.8952	0.9331	0.6413	-0.4153	0.4386	0.4748	0.0422	-0.0062	-0.0112	
26.6317	30.6664	43.5223	0.5715	0.8954	0.9331	0.6324	-0.4331	0.4274	0.4794	0.0418	-0.0074	-0.0120	
26.6895	30.7562	43.6166	0.5715	0.8954	0.9332	0.6310	-0.4412	0.4115	0.4881	0.0406	-0.0087	-0.0095	
26.7486	30.8454	43.7110	0.5716	0.8954	0.9332	0.6144	-0.4613	0.3936	0.5045	0.0443	-0.0094	-0.0094	
26.8057	30.9343	43.8082	0.5716	0.8954	0.9333	0.6047	-0.4721	0.3971	0.5046	0.0406	-0.0081	-0.0113	
26.8607	31.0197	43.9025	0.5715	0.8952	0.9334	0.5821	-0.4778	0.3988	0.5237	0.0416	-0.0044	-0.0109	
26.9209	31.1105	43.9952	0.5716	0.8953	0.9333	0.5504	-0.4971	0.4017	0.5372	0.0442	-0.0019	-0.0143	
26.9790	31.1969	44.0898	0.5716	0.8952	0.9334	0.5539	-0.5184	0.3840	0.5275	0.0410	-0.0067	-0.0150	
27.0350	31.2825	44.1871	0.5716	0.8951	0.9335	0.5551	-0.5300	0.3740	0.5216	0.0372	-0.0089	-0.0146	
27.0907	31.3743	44.2840	0.5716	0.8951	0.9336	0.5402	-0.5481	0.3588	0.5280	0.0390	-0.0099	-0.0149	
27.1455	31.4630	44.3764	0.5715	0.8951	0.9336	0.5343	-0.5677	0.3392	0.5266	0.0390	-0.0128	-0.0148	
27.2030	31.5542	44.4711	0.5715	0.8952	0.9336	0.5192	-0.5829	0.3237	0.5345	0.0407	-0.0129	-0.0144	
27.2581	31.6412	44.5666	0.5714	0.8951	0.9337	0.4908	-0.5969	0.3185	0.5490	0.0434	-0.0103	-0.0157	
27.3171	31.7285	44.6561	0.5715	0.8950	0.9336	0.4774	-0.5997	0.3078	0.5641	0.0436	-0.0080	-0.0129	
27.3728	31.8194	44.7461	0.5714	0.8951	0.9335	0.4590	-0.6139	0.3091	0.5634	0.0416	-0.0075	-0.0155	
27.4306	31.9079	44.8369	0.5715	0.8950	0.9334	0.4395	-0.6285	0.3007	0.5668	0.0420	-0.0076	-0.0166	
27.4870	31.9963	44.9307	0.5714	0.8950	0.9334	0.4340	-0.6407	0.2856	0.5658	0.0405	-0.0094	-0.0154	
27.5477	32.0861	45.0235	0.5715	0.8950	0.9334	0.4226	-0.6593	0.2556	0.5669	0.0430	-0.0125	-0.0142	
27.6054	32.1774	45.1173	0.5716	0.8951	0.9334	0.4114	-0.6679	0.2407	0.5717	0.0426	-0.0123	-0.0129	
27.6623	32.2672	45.2149	0.5716	0.8951	0.9335	0.3999	-0.6756	0.2288	0.5758	0.0418	-0.0119	-0.0121	
27.7220	32.3567	45.3075	0.5716	0.8951	0.9335	0.3902	-0.6765	0.2260	0.5829	0.0394	-0.0095	-0.0109	
27.7793	32.4447	45.4016	0.5716	0.8950	0.9335	0.3637	-0.6844	0.2212	0.5920	0.0407	-0.0072	-0.0125	
27.8392	32.5358	45.4949	0.5717	0.8951	0.9335	0.3526	-0.6854	0.2155	0.6000	0.0392	-0.0053	-0.0113	
27.8938	32.6266	45.5871	0.5716	0.8951	0.9335	0.3340	-0.6955	0.2096	0.6007	0.0388	-0.0055	-0.0127	
27.9502	32.7171	45.6835	0.5716	0.8951	0.9336	0.3176	-0.6970	0.2071	0.6089	0.0378	-0.0033	-0.0126	
28.0070	32.8068	45.7801	0.5716	0.8951	0.9337	0.2929	-0.6999	0.1894	0.6231	0.0413	-0.0014	-0.0119	
28.0607	32.8976	45.8683	0.5715	0.8952	0.9335	0.2773	-0.7085	0.1757	0.6247	0.0414	-0.0024	-0.0118	
28.1178	32.9881	45.9612	0.5715	0.8952	0.9335	0.2524	-0.7256	0.1555	0.6208	0.0440	-0.0053	-0.0135	
28.1717	33.0771	46.0578	0.5714	0.8952	0.9336	0.2353	-0.7349	0.1549	0.6173	0.0415	-0.0059	-0.0153	
28.2293	33.1631	46.1482	0.5714	0.8951	0.9335	0.2110	-0.7400	0.1344	0.6241	0.0443	-0.0052	-0.0146	
28.2857	33.2538	46.2419	0.5714	0.8951	0.9335	0.1912	-0.7472	0.1172	0.6255	0.0453	-0.0057	-0.0143	
28.3421	33.3443	46.3315	0.5714	0.8952	0.9334	0.1745	-0.7567	0.1041	0.6215	0.0447	-0.0071	-0.0145	
28.4012	33.4308	46.4252	0.5714	0.8951	0.9334	0.1532	-0.7631	0.0898	0.6213	0.0452	-0.0073	-0.0148	
28.4603	33.5239	46.5185	0.5715	0.8952	0.9334	0.1340	-0.7733	0.0689	0.6158	0.0464	-0.0092	-0.0145	
28.5182	33.6138	46.6134	0.5715	0.8952	0.9335	0.1212	-0.7766	0.0496	0.6164	0.0463	-0.0092	-0.0127	
28.5714	33.7011	46.7061	0.5714	0.8951	0.9335	0.1001	-0.7826	0.0253	0.6137	0.0482	-0.0100	-0.0120	
