-0.6843	-11.8268	-0.8029	0.0000	0.0000	0.0000	0.0774	-0.7088	-0.4984	0.4931	0.0000	0.0000	0.0000	
-0.5401	-11.5807	-0.5920	0.0143	0.0244	0.0209	0.0597	-0.6841	-0.4741	0.5560	0.0035	0.0199	-0.0216	
-0.3021	-11.4979	-0.3552	0.0751	0.0410	0.0884	0.0646	-0.7081	-0.4690	0.5277	-0.0328	-0.0346	0.0152	
-0.2135	-11.3741	-0.2845	0.1091	0.0918	0.1148	0.0475	-0.7162	-0.4271	0.5547	-0.0399	-0.0010	-0.0533	
-0.1365	-11.2678	-0.3093	0.1550	0.1416	0.0999	0.0058	-0.7614	-0.3545	0.5440	-0.0634	-0.0375	-0.0929	
-0.0564	-11.3671	-0.1994	0.1989	0.0897	0.1422	0.0024	0.7872	0.3098	-0.5349	-0.0570	-0.0351	-0.0944	
0.0207	-11.3449	-0.1799	0.2628	0.1274	0.1025	0.0177	0.7976	0.2793	-0.5373	-0.0488	-0.0292	-0.0772	
0.0607	-11.3571	-0.1603	0.3750	0.1159	0.0423	0.0371	0.8121	0.2939	-0.5112	-0.0060	-0.0401	-0.0439	
0.1023	-11.3943	-0.2300	0.4168	0.0724	-0.0728	0.0583	0.8421	0.2791	-0.4589	-0.0074	-0.0711	-0.0372	
0.2497	-11.3474	-0.2367	0.5272	0.1082	-0.0602	0.1183	0.8564	0.2238	-0.4514	-0.0163	-0.0697	-0.0688	
0.3904	-11.4249	-0.2896	0.6252	0.0187	-0.1146	0.1540	0.8702	0.1787	-0.4315	-0.0236	-0.0703	-0.0743	
0.4935	-11.3948	-0.3889	0.6681	0.0512	-0.2138	0.1807	0.8812	0.1367	-0.4152	-0.0292	-0.0678	-0.0756	
0.5011	-11.4216	-0.4727	0.6176	0.0202	-0.2800	0.2016	0.8917	0.0807	-0.3969	-0.0375	-0.0669	-0.0764	
0.6421	-11.4749	-0.5467	0.6831	-0.0257	-0.3253	0.2383	0.8896	0.0640	-0.3883	-0.0311	-0.0613	-0.0764	
0.7717	-11.5519	-0.6543	0.7382	-0.0954	-0.3889	0.2564	0.8948	0.0411	-0.3658	-0.0305	-0.0607	-0.0715	
0.8564	-11.6162	-0.7975	0.7403	-0.1393	-0.4781	0.2851	0.8926	0.0226	-0.3511	-0.0273	-0.0579	-0.0709	
0.9197	-11.7391	-0.8406	0.7256	-0.2228	-0.4795	0.3232	0.8823	-0.0008	-0.3438	-0.0240	-0.0539	-0.0730	
0.9574	-11.7621	-0.9978	0.7011	-0.2274	-0.5597	0.3360	0.8846	-0.0300	-0.3242	-0.0258	-0.0536	-0.0698	
1.0982	-11.7326	-1.0821	0.7512	-0.1893	-0.5776	0.3602	0.8829	-0.0595	-0.2955	-0.0260	-0.0553	-0.0692	
1.2286	-11.7745	-1.1785	0.7910	-0.2027	-0.6104	0.3940	0.8709	-0.1059	-0.2717	-0.0287	-0.0559	-0.0730	
1.3048	-11.8400	-1.3288	0.7859	-0.2349	-0.6678	0.4152	0.8662	-0.1297	-0.2481	-0.0276	-0.0558	-0.0716	
1.4383	-11.8532	-1.4459	0.8203	-0.2268	-0.7017	0.4409	0.8514	-0.1616	-0.2344	-0.0289	-0.0534	-0.0729	
1.5754	-11.9265	-1.5460	0.8498	-0.2567	-0.7222	0.4708	0.8338	-0.1794	-0.2300	-0.0276	-0.0486	-0.0741	
1.6840	-11.9507	-1.5966	0.8679	-0.2552	-0.7119	0.4916	0.8119	-0.2291	-0.2145	-0.0324	-0.0482	-0.0752	
1.7368	-12.0316	-1.6890	0.8473	-0.2880	-0.7233	0.5069	0.7997	-0.2459	-0.2151	-0.0314	-0.0435	-0.0725	
1.8353	-12.1102	-1.7994	0.8558	-0.3158	-0.7466	0.5306	0.7700	-0.2899	-0.2018	-0.0351	-0.0424	-0.0755	
1.8817	-12.1492	-1.8792	0.8365	-0.3201	-0.7500	0.5487	0.7459	-0.3278	-0.1865	-0.0364	-0.0420	-0.0759	
1.9285	-12.2119	-1.9476	0.8199	-0.3366	-0.7485	0.5658	0.7131	-0.3742	-0.1748	-0.0403	-0.0412	-0.0773	
1.9983	-12.2755	-2.0339	0.8134	-0.3517	-0.7531	0.5717	0.7002	-0.3996	-0.1590	-0.0392	-0.0415	-0.0732	
2.0837	-12.3162	-2.1507	0.8147	-0.3545	-0.7719	0.5835	0.6781	-0.4254	-0.1389	-0.0383	-0.0417	-0.0726	
2.1751	-12.3640	-2.2741	0.8191	-0.3606	-0.7921	0.5883	0.6522	-0.4607	-0.1291	-0.0413	-0.0413	-0.0712	
2.2283	-12.4595	-2.3452	0.8061	-0.3879	-0.7889	0.5877	0.6327	-0.4924	-0.1132	-0.0419	-0.0426	-0.0678	
2.2853	-12.5744	-2.4832	0.7953	-0.4223	-0.8146	0.5955	0.6046	-0.5206	-0.0945	-0.0421	-0.0423	-0.0683	
2.3654	-12.6010	-2.6232	0.7955	-0.4158	-0.8376	0.5906	0.5774	-0.5575	-0.0869	-0.0458	-0.0427	-0.0659	
2.4720	-12.6870	-2.7196	0.8051	-0.4341	-0.8424	0.5919	0.5572	-0.5779	-0.0858	-0.0464	-0.0402	-0.0629	
2.5140	-12.7723	-2.8390	0.7897	-0.4519	-0.8561	0.5956	0.5230	-0.6041	-0.0861	-0.0490	-0.0370	-0.0627	
2.5774	-12.8398	-2.8818	0.7832	-0.4607	-0.8400	0.5875	0.4952	-0.6351	-0.0835	-0.0513	-0.0377	-0.0592	
2.6642	-12.9292	-2.9566	0.7851	-0.4771	-0.8365	0.5706	0.4711	-0.6695	-0.0702	-0.0527	-0.0416	-0.0556	
2.7624	-12.9653	-2.9789	0.7918	-0.4723	-0.8143	0.5596	0.4400	-0.6995	-0.0650	-0.0547	-0.0427	-0.0530	
2.7737	-13.0154	-3.0528	0.7682	-0.4737	-0.8122	0.5512	0.4127	-0.7237	-0.0501	-0.0531	-0.0432	-0.0520	
2.8482	-13.1055	-3.1213	0.7664	-0.4891	-0.8078	0.5331	0.3738	-0.7577	-0.0349	-0.0559	-0.0466	-0.0514	
2.9001	-13.1570	-3.1865	0.7581	-0.4898	-0.8030	0.5160	0.3528	-0.7811	-0.0114	-0.0525	-0.0496	-0.0498	
2.9737	-13.2099	-3.2885	0.7571	-0.4912	-0.8099	0.5009	0.3216	-0.8039	-0.0103	-0.0546	-0.0484	-0.0477	
3.0663	-13.2576	-3.3586	0.7623	-0.4905	-0.8064	0.4813	0.2868	-0.8280	0.0117	-0.0543	-0.0514	-0.0480	
3.1501	-13.3414	-3.4255	0.7645	-0.5015	-0.8024	0.4694	0.2647	-0.8425	0.0318	-0.0512	-0.0514	-0.0477	
3.2265	-13.4159	-3.5176	0.7644	-0.5091	-0.8063	0.4562	0.2436	-0.8554	0.0464	-0.0491	-0.0506	-0.0466	
3.2716	-13.4663	-3.6299	0.7550	-0.5090	-0.8158	0.4367	0.2122	-0.8711	0.0733	-0.0472	-0.0522	-0.0480	
3.3491	-13.5467	-3.7191	0.7555	-0.5179	-0.8182	0.4241	0.1846	-0.8802	0.1087	-0.0435	-0.0528	-0.0510	
3.4383	-13.6093	-3.7758	0.7594	-0.5209	-0.8111	0.4112	0.1534	-0.8895	0.1284	-0.0429	-0.0523	-0.0513	
3.5305	-13.6725	-3.8434	0.7640	-0.5239	-0.8073	0.3920	0.1275	-0.8972	0.1591	-0.0399	-0.0537	-0.0528	
3.6311	-13.6990	-3.9447	0.7714	-0.5164	-0.8129	0.3825	0.0977	-0.8999	0.1865	-0.0380	-0.0515	-0.0549	
3.6908	-13.7673	-4.0470	0.7662	-0.5210	-0.8186	0.3466	0.0723	-0.9088	0.2206	-0.0351	-0.0565	-0.0558	
3.7628	-13.8259	-4.1337	0.7650	-0.5228	-0.8200	0.3294	0.0492	-0.9106	0.2461	-0.0331	-0.0556	-0.0562	
3.8097	-13.8787	-4.2279	0.7569	-0.5230	-0.8232	0.2934	0.0121	-0.9130	0.2813	-0.0322	-0.0599	-0.0586	
3.8797	-13.9234	-4.3236	0.7557	-0.5210	-0.8267	0.2838	-0.0136	-0.9094	0.3055	-0.0312	-0.0563	-0.0594	
3.9559	-13.9609	-4.3842	0.7560	-0.5172	-0.8211	0.2594	-0.0336	-0.9040	0.3387	-0.0275	-0.0568	-0.0612	
4.0215	-13.9888	-4.4796	0.7537	-0.5111	-0.8244	0.2378	-0.0603	-0.8944	0.3737	-0.0254	-0.0562	-0.0641	
4.1091	-14.0714	-4.5574	0.7567	-0.5190	-0.8232	0.2299	-0.0910	-0.8823	0.4013	-0.0265	-0.0527	-0.0655	
4.1693	-14.1466	-4.6364	0.7528	-0.5248	-0.8225	0.2196	-0.1227	-0.8689	0.4266	-0.0276	-0.0502	-0.0665	
4.2317	-14.2082	-4.7224	0.7496	-0.5270	-0.8234	0.2027	-0.1534	-0.8597	0.4436	-0.0287	-0.0498	-0.0652	
4.2761	-14.2513	-4.7978	0.7425	-0.5249	-0.8219	0.1985	-0.1789	-0.8404	0.4723	-0.0285	-0.0456	-0.0676	
4.3347	-14.3095	-4.8514	0.7388	-0.5263	-0.8153	0.1924	-0.2182	-0.8207	0.4919	-0.0316	-0.0436	-0.0681	
4.3825	-14.3861	-4.9184	0.7327	-0.5319	-0.8122	0.1785	-0.2447	-0.8012	0.5163	-0.0311	-0.0426	-0.0690	
4.4449	-14.4407	-4.9829	0.7301	-0.5322	-0.8084	0.1636	-0.2924	-0.7738	0.5367	-0.0349	-0.0429	-0.0708	
4.5172	-14.4842	-5.0550	0.7300	-0.5300	-0.8064	0.1596	-0.3347	-0.7429	0.5570	-0.0387	-0.0402	-0.0726	
4.5895	-14.5432	-5.1450	0.7299	-0.5314	-0.8083	0.1672	-0.3613	-0.7221	0.5676	-0.0412	-0.0353	-0.0701	
4.6878	-14.6016	-5.2144	0.7354	-0.5324	-0.8057	0.1540	-0.4082	-0.6853	0.5821	-0.0452	-0.0358	-0.0717	
4.7568	-14.6474	-5.2725	0.7346	-0.5309	-0.8009	0.1613	-0.4361	-0.6587	0.5927	-0.0475	-0.0317	-0.0700	
4.8265	-14.6961	-5.3387	0.7339	-0.5300	-0.7980	0.1521	-0.4567	-0.6466	0.5938	-0.0457	-0.0322	-0.0654	
4.9147	-14.7578	-5.4159	0.7369	-0.5317	-0.7975	0.1328	-0.4897	-0.6127	0.6054	-0.0460	-0.0334	-0.0668	
4.9788	-14.8141	-5.4877	0.7348	-0.5323	-0.7959	0.1155	-0.5326	-0.5812	0.6039	-0.0486	-0.0369	-0.0656	
5.0747	-14.8769	-5.5922	0.7393	-0.5342	-0.8008	0.1068	-0.5674	-0.5479	0.6052	-0.0512	-0.0367	-0.0646	
5.1589	-14.9267	-5.6838	0.7414	-0.5334	-0.8030	0.0907	-0.6089	-0.5088	0.6011	-0.0541	-0.0392	-0.0644	
5.2248	-14.9972	-5.7451	0.7397	-0.5367	-0.7993	0.0779	-0.6460	-0.4758	0.5918	-0.0559	-0.0418	-0.0621	
5.2847	-15.0248	-5.8100	0.7370	-0.5317	-0.7964	0.0649	-0.6714	-0.4491	0.5867	-0.0547	-0.0425	-0.0606	
5.3465	-15.0613	-5.8759	0.7348	-0.5285	-0.7938	0.0538	-0.7003	-0.4249	0.5721	-0.0545	-0.0446	-0.0573	
5.4106	-15.1095	-5.9811	0.7330	-0.5277	-0.7986	0.0392	-0.7328	-0.3932	0.5540	-0.0555	-0.0475	-0.0554	
5.4711	-15.1477	-6.0782	0.7306	-0.5250	-0.8018	0.0284	-0.7606	-0.3695	0.5340	-0.0552	-0.0496	-0.0522	
5.5573	-15.2368	-6.1808	0.7328	-0.5317	-0.8060	0.0095	-0.7847	-0.3491	0.5131	-0.0532	-0.0523	-0.0492	
5.6108	-15.2947	-6.2392	0.7292	-0.5325	-0.8021	0.0025	0.8077	0.3182	-0.4965	-0.0530	-0.0519	-0.0506	
5.6687	-15.3516	-6.3035	0.7265	-0.5332	-0.7993	0.0214	0.8323	0.2818	-0.4763	-0.0522	-0.0508	-0.0512	
5.7277	-15.4077	-6.3730	0.7241	-0.5337	-0.7976	0.0357	0.8490	0.2546	-0.4624	-0.0521	-0.0510	-0.0520	
5.7963	-15.4584	-6.4449	0.7235	-0.5332	-0.7962	0.0558	0.8646	0.2233	-0.4469	-0.0509	-0.0510	-0.0531	
5.8603	-15.4999	-6.5279	0.7222	-0.5313	-0.7968	0.0858	0.8748	0.1891	-0.4379	-0.0491	-0.0490	-0.0572	
5.9214	-15.5493	-6.6150	0.7203	-0.5307	-0.7981	0.1092	0.8829	0.1614	-0.4282	-0.0463	-0.0472	-0.0582	
5.9878	-15.5995	-6.6856	0.7195	-0.5303	-0.7966	0.1440	0.8924	0.1364	-0.4059	-0.0406	-0.0499	-0.0610	
6.0395	-15.6481	-6.7685	0.7161	-0.5296	-0.7973	0.1777	0.9022	0.1068	-0.3780	-0.0373	-0.0541	-0.0628	
6.1208	-15.7040	-6.8301	0.7178	-0.5301	-0.7943	0.2241	0.9005	0.0816	-0.3643	-0.0322	-0.0528	-0.0685	
6.1804	-15.7487	-6.9048	0.7158	-0.5287	-0.7935	0.2496	0.8979	0.0516	-0.3602	-0.0320	-0.0487	-0.0686	
6.2619	-15.8115	-6.9829	0.7174	-0.5303	-0.7933	0.2730	0.9014	0.0441	-0.3368	-0.0262	-0.0496	-0.0647	
6.3324	-15.8747	-7.0550	0.7172	-0.5319	-0.7921	0.2992	0.8993	0.0070	-0.3181	-0.0279	-0.0501	-0.0655	
6.4148	-15.9316	-7.1439	0.7189	-0.5325	-0.7937	0.3344	0.8942	-0.0151	-0.2975	-0.0250	-0.0502	-0.0672	
6.4933	-16.0012	-7.2139	0.7199	-0.5350	-0.7923	0.3708	0.8818	-0.0527	-0.2858	-0.0261	-0.0485	-0.0710	
6.5682	-16.0557	-7.3029	0.7204	-0.5352	-0.7938	0.3965	0.8726	-0.0792	-0.2752	-0.0259	-0.0465	-0.0709	
6.6409	-16.0971	-7.3787	0.7205	-0.5333	-0.7932	0.4207	0.8603	-0.1127	-0.2651	-0.0274	-0.0447	-0.0714	
6.6988	-16.1437	-7.4642	0.7183	-0.5323	-0.7942	0.4405	0.8502	-0.1450	-0.2497	-0.0283	-0.0444	-0.0705	
6.7763	-16.2015	-7.5270	0.7192	-0.5330	-0.7916	0.4730	0.8319	-0.1751	-0.2304	-0.0274	-0.0442	-0.0728	
6.8441	-16.2603	-7.6021	0.7186	-0.5338	-0.7911	0.4904	0.8148	-0.2137	-0.2242	-0.0308	-0.0421	-0.0723	
6.9161	-16.3257	-7.6748	0.7187	-0.5356	-0.7902	0.5119	0.7875	-0.2663	-0.2144	-0.0364	-0.0413	-0.0745	
7.0004	-16.3950	-7.7430	0.7205	-0.5378	-0.7886	0.5229	0.7682	-0.3102	-0.2007	-0.0401	-0.0418	-0.0728	
7.0590	-16.4340	-7.8229	0.7186	-0.5357	-0.7887	0.5398	0.7483	-0.3313	-0.2019	-0.0393	-0.0374	-0.0719	
7.1388	-16.4947	-7.8997	0.7197	-0.5367	-0.7884	0.5566	0.7228	-0.3648	-0.1857	-0.0399	-0.0375	-0.0723	
7.2167	-16.5602	-7.9706	0.7206	-0.5384	-0.7873	0.5653	0.6999	-0.4016	-0.1711	-0.0418	-0.0383	-0.0707	
7.3044	-16.6182	-8.0681	0.7228	-0.5390	-0.7899	0.5752	0.6752	-0.4375	-0.1470	-0.0425	-0.0404	-0.0705	
7.3698	-16.6631	-8.1512	0.7218	-0.5378	-0.7905	0.5867	0.6471	-0.4688	-0.1317	-0.0429	-0.0400	-0.0706	
7.4402	-16.7094	-8.2354	0.7216	-0.5367	-0.7912	0.5897	0.6259	-0.4952	-0.1300	-0.0440	-0.0380	-0.0676	
7.4990	-16.7462	-8.3065	0.7198	-0.5344	-0.7901	0.5876	0.5978	-0.5321	-0.1201	-0.0466	-0.0389	-0.0655	
7.5600	-16.7989	-8.3822	0.7182	-0.5343	-0.7896	0.5792	0.5713	-0.5717	-0.1073	-0.0493	-0.0413	-0.0625	
7.6435	-16.8366	-8.4641	0.7199	-0.5322	-0.7899	0.5781	0.5387	-0.6042	-0.1039	-0.0522	-0.0402	-0.0614	
7.7181	-16.8826	-8.5389	0.7202	-0.5312	-0.7894	0.5754	0.5072	-0.6348	-0.0938	-0.0534	-0.0402	-0.0603	
7.7830	-16.9339	-8.6160	0.7193	-0.5310	-0.7891	0.5591	0.4805	-0.6715	-0.0776	-0.0545	-0.0440	-0.0573	
7.8583	-16.9904	-8.6975	0.7197	-0.5314	-0.7894	0.5557	0.4523	-0.6944	-0.0747	-0.0551	-0.0419	-0.0557	
7.9343	-17.0433	-8.7952	0.7202	-0.5314	-0.7919	0.5483	0.4230	-0.7192	-0.0594	-0.0546	-0.0424	-0.0551	
8.0105	-17.0980	-8.8807	0.7208	-0.5316	-0.7927	0.5441	0.3929	-0.7406	-0.0387	-0.0528	-0.0428	-0.0555	
8.0790	-17.1568	-8.9430	0.7203	-0.5323	-0.7905	0.5383	0.3468	-0.7671	-0.0253	-0.0555	-0.0428	-0.0566	
8.1418	-17.2112	-9.0316	0.7191	-0.5325	-0.7918	0.5286	0.3168	-0.7878	-0.0055	-0.0537	-0.0438	-0.0564	
8.2097	-17.2714	-9.1096	0.7186	-0.5333	-0.7917	0.5185	0.2838	-0.8065	0.0184	-0.0520	-0.0450	-0.0569	
8.2725	-17.3299	-9.1910	0.7174	-0.5340	-0.7920	0.5009	0.2597	-0.8256	0.0337	-0.0504	-0.0466	-0.0548	
8.3321	-17.3931	-9.2783	0.7159	-0.5352	-0.7930	0.4799	0.2420	-0.8424	0.0543	-0.0471	-0.0490	-0.0527	
8.4142	-17.4506	-9.3534	0.7172	-0.5356	-0.7925	0.4617	0.2177	-0.8570	0.0750	-0.0450	-0.0504	-0.0519	
8.4866	-17.5140	-9.4254	0.7173	-0.5368	-0.7916	0.4426	0.1957	-0.8702	0.0963	-0.0426	-0.0517	-0.0510	
8.5654	-17.5729	-9.4978	0.7182	-0.5374	-0.7908	0.4222	0.1785	-0.8802	0.1272	-0.0380	-0.0536	-0.0514	
8.6390	-17.6449	-9.5767	0.7184	-0.5396	-0.7908	0.3951	0.1534	-0.8923	0.1552	-0.0362	-0.0566	-0.0515	
8.7054	-17.6945	-9.6548	0.7177	-0.5391	-0.7907	0.3795	0.1433	-0.9006	0.1640	-0.0340	-0.0547	-0.0481	
8.7819	-17.7381	-9.7241	0.7183	-0.5379	-0.7895	0.3603	0.1001	-0.9055	0.1982	-0.0342	-0.0558	-0.0521	
8.8550	-17.7904	-9.8134	0.7184	-0.5377	-0.7907	0.3354	0.0622	-0.9103	0.2327	-0.0337	-0.0577	-0.0551	
8.9300	-17.8374	-9.8977	0.7188	-0.5369	-0.7913	0.3170	0.0179	-0.9050	0.2818	-0.0321	-0.0579	-0.0620	
8.9950	-17.8918	-9.9784	0.7180	-0.5370	-0.7915	0.3075	-0.0165	-0.9015	0.3049	-0.0329	-0.0550	-0.0628	
9.0747	-17.9444	-10.0602	0.7190	-0.5369	-0.7918	0.2968	-0.0483	-0.8942	0.3323	-0.0325	-0.0523	-0.0644	
9.1445	-17.9957	-10.1420	0.7187	-0.5366	-0.7921	0.2712	-0.0675	-0.8891	0.3634	-0.0289	-0.0532	-0.0652	
9.2243	-18.0559	-10.2101	0.7196	-0.5373	-0.7909	0.2622	-0.0961	-0.8745	0.3970	-0.0279	-0.0500	-0.0682	
9.3008	-18.1024	-10.3001	0.7202	-0.5365	-0.7921	0.2622	-0.1279	-0.8593	0.4211	-0.0293	-0.0449	-0.0693	
9.3843	-18.1485	-10.3795	0.7215	-0.5357	-0.7921	0.2406	-0.1601	-0.8424	0.4541	-0.0283	-0.0452	-0.0720	
9.4617	-18.1998	-10.4602	0.7221	-0.5354	-0.7922	0.2318	-0.1931	-0.8212	0.4842	-0.0290	-0.0424	-0.0744	
9.5360	-18.2514	-10.5465	0.7223	-0.5352	-0.7930	0.2218	-0.2241	-0.8027	0.5066	-0.0300	-0.0405	-0.0745	
9.6088	-18.3081	-10.6310	0.7224	-0.5356	-0.7936	0.2026	-0.2565	-0.7867	0.5238	-0.0307	-0.0413	-0.0734	
9.6693	-18.3578	-10.7122	0.7211	-0.5352	-0.7938	0.1982	-0.2923	-0.7647	0.5394	-0.0337	-0.0389	-0.0728	
9.7436	-18.4181	-10.7983	0.7213	-0.5359	-0.7945	0.1858	-0.3198	-0.7550	0.5431	-0.0347	-0.0392	-0.0681	
9.8117	-18.4732	-10.8773	0.7209	-0.5361	-0.7944	0.1779	-0.3621	-0.7276	0.5545	-0.0387	-0.0384	-0.0682	
9.8787	-18.5273	-10.9570	0.7203	-0.5361	-0.7944	0.1747	-0.4031	-0.6963	0.5674	-0.0427	-0.0364	-0.0688	
9.9479	-18.5789	-11.0263	0.7200	-0.5359	-0.7934	0.1614	-0.4516	-0.6645	0.5724	-0.0470	-0.0381	-0.0686	
10.0225	-18.6446	-11.0984	0.7203	-0.5371	-0.7926	0.1475	-0.4899	-0.6341	0.5795	-0.0489	-0.0388	-0.0682	
10.0937	-18.6910	-11.1749	0.7202	-0.5364	-0.7923	0.1284	-0.5225	-0.6120	0.5801	-0.0485	-0.0408	-0.0662	
10.1777	-18.7464	-11.2618	0.7215	-0.5366	-0.7931	0.1205	-0.5592	-0.5775	0.5823	-0.0516	-0.0399	-0.0656	
10.2455	-18.7986	-11.3504	0.7210	-0.5364	-0.7941	0.1120	-0.5981	-0.5439	0.5777	-0.0547	-0.0405	-0.0639	
10.3155	-18.8519	-11.4231	0.7208	-0.5364	-0.7934	0.0978	-0.6315	-0.5051	0.5796	-0.0561	-0.0406	-0.0647	
10.3933	-18.9034	-11.5045	0.7214	-0.5362	-0.7936	0.0950	-0.6548	-0.4887	0.5710	-0.0555	-0.0399	-0.0595	
10.4719	-18.9526	-11.5790	0.7220	-0.5357	-0.7931	0.0850	-0.6790	-0.4716	0.5578	-0.0543	-0.0413	-0.0551	
10.5438	-19.0082	-11.6458	0.7220	-0.5359	-0.7918	0.0685	-0.7091	-0.4394	0.5470	-0.0548	-0.0434	-0.0543	
10.6059	-19.0554	-11.7305	0.7210	-0.5353	-0.7924	0.0607	-0.7352	-0.4200	0.5299	-0.0544	-0.0449	-0.0503	
10.6689	-19.1235	-11.8111	0.7201	-0.5367	-0.7925	0.0340	-0.7606	-0.3862	0.5205	-0.0529	-0.0472	-0.0518	
10.7392	-19.1730	-11.8919	0.7199	-0.5363	-0.7927	0.0054	-0.7838	-0.3498	0.5127	-0.0515	-0.0487	-0.0543	
10.7860	-19.2402	-11.9616	0.7175	-0.5376	-0.7918	0.0148	0.8056	0.3225	-0.4972	-0.0525	-0.0471	-0.0559	
10.8422	-19.2938	-12.0447	0.7160	-0.5376	-0.7922	0.0390	0.8264	0.2885	-0.4818	-0.0523	-0.0455	-0.0569	
10.9036	-19.3552	-12.1124	0.7150	-0.5383	-0.7911	0.0566	0.8452	0.2545	-0.4668	-0.0515	-0.0459	-0.0574	
10.9614	-19.4033	-12.1883	0.7137	-0.5378	-0.7908	0.0815	0.8616	0.2210	-0.4496	-0.0492	-0.0470	-0.0589	
11.0292	-19.4514	-12.2642	0.7134	-0.5373	-0.7905	0.1066	0.8715	0.1967	-0.4375	-0.0455	-0.0465	-0.0600	
11.0935	-19.5083	-12.3289	0.7127	-0.5376	-0.7892	0.1318	0.8823	0.1766	-0.4172	-0.0401	-0.0485	-0.0593	
11.1697	-19.5583	-12.4112	0.7132	-0.5372	-0.7895	0.1636	0.8877	0.1507	-0.4037	-0.0364	-0.0481	-0.0616	
11.2326	-19.6143	-12.4879	0.7124	-0.5374	-0.7893	0.1907	0.8903	0.1211	-0.3959	-0.0352	-0.0459	-0.0627	
11.3022	-19.6604	-12.5619	0.7123	-0.5367	-0.7889	0.2208	0.8968	0.0945	-0.3718	-0.0324	-0.0490	-0.0630	
11.3612	-19.7095	-12.6389	0.7111	-0.5363	-0.7887	0.2464	0.8980	0.0629	-0.3593	-0.0323	-0.0481	-0.0634	
11.4399	-19.7702	-12.7212	0.7118	-0.5369	-0.7890	0.2875	0.8932	0.0264	-0.3437	-0.0314	-0.0482	-0.0686	
11.5145	-19.8309	-12.8072	0.7121	-0.5376	-0.7897	0.3095	0.8924	-0.0067	-0.3288	-0.0322	-0.0478	-0.0677	
11.5769	-19.8845	-12.8864	0.7113	-0.5376	-0.7897	0.3406	0.8909	-0.0302	-0.2995	-0.0288	-0.0506	-0.0677	
11.6411	-19.9457	-12.9589	0.7107	-0.5382	-0.7891	0.3727	0.8840	-0.0548	-0.2769	-0.0263	-0.0512	-0.0686	
11.7024	-20.0024	-13.0382	0.7098	-0.5385	-0.7892	0.3946	0.8758	-0.0865	-0.2650	-0.0274	-0.0494	-0.0682	
11.7706	-20.0569	-13.1082	0.7096	-0.5385	-0.7884	0.4146	0.8660	-0.1128	-0.2579	-0.0277	-0.0465	-0.0672	
11.8402	-20.1120	-13.1919	0.7095	-0.5387	-0.7888	0.4325	0.8579	-0.1463	-0.2356	-0.0287	-0.0476	-0.0662	
11.9110	-20.1722	-13.2746	0.7094	-0.5392	-0.7892	0.4633	0.8382	-0.1763	-0.2274	-0.0289	-0.0446	-0.0692	
11.9803	-20.2182	-13.3452	0.7093	-0.5385	-0.7884	0.4958	0.8144	-0.2123	-0.2125	-0.0296	-0.0434	-0.0728	
12.0470	-20.2660	-13.4201	0.7089	-0.5380	-0.7881	0.5133	0.7974	-0.2421	-0.2073	-0.0311	-0.0409	-0.0718	
12.1131	-20.3314	-13.5037	0.7085	-0.5390	-0.7885	0.5434	0.7664	-0.2723	-0.2084	-0.0326	-0.0362	-0.0753	
12.1914	-20.3917	-13.5778	0.7092	-0.5395	-0.7881	0.5578	0.7455	-0.3105	-0.1913	-0.0348	-0.0374	-0.0742	
12.2626	-20.4461	-13.6576	0.7092	-0.5396	-0.7882	0.5746	0.7182	-0.3463	-0.1841	-0.0373	-0.0360	-0.0745	
12.3368	-20.5069	-13.7343	0.7095	-0.5401	-0.7880	0.5877	0.6911	-0.3785	-0.1856	-0.0402	-0.0333	-0.0737	
12.4165	-20.5689	-13.8101	0.7102	-0.5408	-0.7878	0.5996	0.6518	-0.4296	-0.1729	-0.0458	-0.0345	-0.0753	
12.4934	-20.6166	-13.8904	0.7107	-0.5403	-0.7879	0.6066	0.6291	-0.4612	-0.1557	-0.0455	-0.0359	-0.0732	
12.5657	-20.6737	-13.9596	0.7108	-0.5405	-0.7871	0.6049	0.5984	-0.5042	-0.1479	-0.0497	-0.0373	-0.0709	
12.6470	-20.7281	-14.0366	0.7117	-0.5405	-0.7869	0.6063	0.5732	-0.5357	-0.1323	-0.0497	-0.0386	-0.0688	
12.7158	-20.7862	-14.1204	0.7115	-0.5409	-0.7874	0.6101	0.5403	-0.5678	-0.1152	-0.0501	-0.0393	-0.0688	
12.7868	-20.8496	-14.1931	0.7115	-0.5416	-0.7869	0.6037	0.5197	-0.5958	-0.1106	-0.0506	-0.0394	-0.0646	
12.8519	-20.9070	-14.2672	0.7109	-0.5419	-0.7865	0.5919	0.4906	-0.6335	-0.0875	-0.0513	-0.0438	-0.0626	
12.9229	-20.9614	-14.3347	0.7109	-0.5419	-0.7856	0.5841	0.4756	-0.6548	-0.0786	-0.0492	-0.0438	-0.0584	
12.9971	-21.0127	-14.4113	0.7112	-0.5417	-0.7854	0.5730	0.4474	-0.6844	-0.0560	-0.0487	-0.0466	-0.0573	
13.0762	-21.0634	-14.4883	0.7118	-0.5414	-0.7853	0.5606	0.4161	-0.7149	-0.0365	-0.0493	-0.0490	-0.0565	
13.1456	-21.1154	-14.5670	0.7117	-0.5412	-0.7853	0.5417	0.4019	-0.7391	-0.0292	-0.0484	-0.0501	-0.0517	
13.2275	-21.1765	-14.6516	0.7125	-0.5418	-0.7858	0.5254	0.3740	-0.7643	-0.0233	-0.0502	-0.0502	-0.0494	
13.3063	-21.2364	-14.7386	0.7131	-0.5422	-0.7865	0.5132	0.3606	-0.7800	-0.0066	-0.0465	-0.0501	-0.0474	
13.3753	-21.3030	-14.8155	0.7130	-0.5432	-0.7863	0.4928	0.3281	-0.8057	0.0068	-0.0483	-0.0520	-0.0463	
13.4488	-21.3641	-14.8926	0.7131	-0.5437	-0.7862	0.4709	0.3209	-0.8224	0.0298	-0.0432	-0.0545	-0.0438	
13.5220	-21.4109	-14.9710	0.7133	-0.5431	-0.7862	0.4523	0.2833	-0.8430	0.0608	-0.0428	-0.0569	-0.0463	
13.6004	-21.4616	-15.0488	0.7138	-0.5428	-0.7861	0.4385	0.2429	-0.8605	0.0869	-0.0434	-0.0573	-0.0487	
13.6692	-21.5157	-15.1371	0.7136	-0.5428	-0.7869	0.4108	0.2132	-0.8785	0.1167	-0.0419	-0.0607	-0.0493	
13.7377	-21.5716	-15.2157	0.7134	-0.5430	-0.7869	0.3896	0.1814	-0.8917	0.1414	-0.0412	-0.0615	-0.0499	
13.8140	-21.6246	-15.2953	0.7138	-0.5429	-0.7869	0.3758	0.1366	-0.8977	0.1836	-0.0400	-0.0615	-0.0554	
13.8853	-21.6870	-15.3767	0.7138	-0.5435	-0.7871	0.3593	0.1115	-0.9004	0.2202	-0.0361	-0.0611	-0.0579	
13.9494	-21.7415	-15.4574	0.7132	-0.5435	-0.7873	0.3412	0.0617	-0.9022	0.2544	-0.0375	-0.0613	-0.0616	
14.0190	-21.8052	-15.5354	0.7131	-0.5442	-0.7872	0.3335	0.0405	-0.8999	0.2814	-0.0348	-0.0577	-0.0623	
14.0881	-21.8618	-15.6137	0.7129	-0.5443	-0.7872	0.3205	0.0251	-0.9006	0.2968	-0.0327	-0.0552	-0.0598	
14.1601	-21.9183	-15.6926	0.7130	-0.5445	-0.7872	0.3029	-0.0002	-0.8998	0.3153	-0.0321	-0.0544	-0.0587	
14.2335	-21.9804	-15.7719	0.7132	-0.5451	-0.7873	0.2870	-0.0204	-0.8968	0.3377	-0.0302	-0.0531	-0.0584	
14.2980	-22.0357	-15.8421	0.7127	-0.5451	-0.7867	0.2666	-0.0496	-0.8899	0.3665	-0.0290	-0.0532	-0.0601	
14.3729	-22.0969	-15.9172	0.7129	-0.5456	-0.7864	0.2536	-0.0809	-0.8801	0.3932	-0.0291	-0.0515	-0.0618	
14.4357	-22.1548	-15.9937	0.7123	-0.5458	-0.7862	0.2370	-0.1131	-0.8631	0.4309	-0.0278	-0.0503	-0.0662	
14.5087	-22.2008	-16.0749	0.7124	-0.5452	-0.7864	0.2280	-0.1450	-0.8484	0.4556	-0.0287	-0.0476	-0.0674	
14.5867	-22.2573	-16.1563	0.7129	-0.5454	-0.7866	0.2270	-0.1965	-0.8226	0.4825	-0.0337	-0.0438	-0.0709	
14.6520	-22.3063	-16.2403	0.7125	-0.5450	-0.7870	0.2136	-0.2375	-0.7994	0.5081	-0.0353	-0.0429	-0.0731	
14.7226	-22.3616	-16.3205	0.7124	-0.5450	-0.7871	0.2061	-0.2603	-0.7810	0.5300	-0.0345	-0.0401	-0.0730	
14.7945	-22.4146	-16.4006	0.7125	-0.5449	-0.7872	0.2031	-0.2856	-0.7648	0.5420	-0.0354	-0.0373	-0.0706	
14.8624	-22.4695	-16.4798	0.7123	-0.5450	-0.7872	0.1988	-0.3159	-0.7482	0.5496	-0.0374	-0.0358	-0.0678	
14.9348	-22.5244	-16.5570	0.7123	-0.5450	-0.7871	0.1890	-0.3566	-0.7215	0.5622	-0.0403	-0.0357	-0.0680	
15.0024	-22.5838	-16.6373	0.7121	-0.5453	-0.7872	0.1900	-0.3937	-0.6988	0.5667	-0.0441	-0.0340	-0.0657	
15.0687	-22.6356	-16.7133	0.7117	-0.5451	-0.7871	0.1821	-0.4155	-0.6788	0.5783	-0.0429	-0.0325	-0.0646	
15.1356	-22.6869	-16.7931	0.7114	-0.5449	-0.7871	0.1743	-0.4517	-0.6508	0.5846	-0.0452	-0.0325	-0.0641	
15.2039	-22.7399	-16.8677	0.7113	-0.5448	-0.7868	0.1838	-0.4766	-0.6348	0.5818	-0.0474	-0.0297	-0.0592	
15.2863	-22.8018	-16.9479	0.7120	-0.5453	-0.7869	0.1662	-0.5131	-0.6041	0.5862	-0.0484	-0.0318	-0.0598	
15.3574	-22.8508	-17.0269	0.7120	-0.5449	-0.7870	0.1468	-0.5426	-0.5787	0.5909	-0.0473	-0.0336	-0.0600	
15.4268	-22.9073	-17.1014	0.7119	-0.5451	-0.7867	0.1428	-0.5650	-0.5637	0.5868	-0.0469	-0.0333	-0.0559	
15.4972	-22.9584	-17.1727	0.7118	-0.5448	-0.7862	0.1119	-0.6083	-0.5325	0.5774	-0.0477	-0.0400	-0.0563	
15.5749	-23.0098	-17.2516	0.7123	-0.5446	-0.7862	0.0812	-0.6389	-0.5068	0.5730	-0.0458	-0.0438	-0.0568	
15.6487	-23.0599	-17.3291	0.7125	-0.5443	-0.7861	0.0761	-0.6698	-0.4877	0.5558	-0.0478	-0.0451	-0.0520	
15.7137	-23.1151	-17.4016	0.7120	-0.5444	-0.7857	0.0542	-0.7089	-0.4518	0.5381	-0.0500	-0.0495	-0.0517	
15.7789	-23.1721	-17.4726	0.7116	-0.5446	-0.7852	0.0346	-0.7438	-0.4167	0.5208	-0.0517	-0.0525	-0.0513	
15.8449	-23.2205	-17.5576	0.7113	-0.5442	-0.7856	0.0158	-0.7640	-0.3983	0.5086	-0.0491	-0.0531	-0.0497	
15.9145	-23.2757	-17.6409	0.7112	-0.5442	-0.7859	-0.0011	0.7893	0.3610	-0.4964	-0.0482	-0.0529	-0.0495	
15.9812	-23.3265	-17.7108	0.7109	-0.5440	-0.7854	0.0160	0.8117	0.3312	-0.4809	-0.0480	-0.0525	-0.0504	
16.0515	-23.3791	-17.7860	0.7109	-0.5438	-0.7852	0.0361	0.8313	0.3060	-0.4631	-0.0469	-0.0528	-0.0516	
16.1184	-23.4390	-17.8634	0.7106	-0.5442	-0.7851	0.0629	0.8488	0.2735	-0.4478	-0.0457	-0.0529	-0.0535	
16.1918	-23.4909	-17.9472	0.7107	-0.5441	-0.7854	0.0897	0.8632	0.2390	-0.4353	-0.0450	-0.0525	-0.0558	
16.2592	-23.5400	-18.0273	0.7105	-0.5437	-0.7855	0.1228	0.8781	0.2133	-0.4105	-0.0400	-0.0562	-0.0578	
16.3232	-23.5854	-18.1034	0.7101	-0.5431	-0.7854	0.1601	0.8877	0.1949	-0.3862	-0.0333	-0.0587	-0.0597	
16.3946	-23.6464	-18.1801	0.7101	-0.5436	-0.7853	0.1897	0.8954	0.1614	-0.3687	-0.0334	-0.0588	-0.0612	
16.4698	-23.7002	-18.2516	0.7104	-0.5435	-0.7848	0.2180	0.8970	0.1342	-0.3614	-0.0322	-0.0552	-0.0622	
16.5419	-23.7554	-18.3398	0.7104	-0.5436	-0.7854	0.2582	0.8968	0.1037	-0.3434	-0.0299	-0.0557	-0.0661	
16.6106	-23.8163	-18.4151	0.7103	-0.5440	-0.7852	0.2930	0.8922	0.0638	-0.3373	-0.0313	-0.0530	-0.0698	
16.6882	-23.8806	-18.4969	0.7107	-0.5446	-0.7854	0.3245	0.8883	0.0399	-0.3236	-0.0288	-0.0517	-0.0701	
16.7561	-23.9310	-18.5763	0.7105	-0.5444	-0.7855	0.3519	0.8837	0.0091	-0.3089	-0.0286	-0.0510	-0.0702	
16.8281	-23.9825	-18.6569	0.7106	-0.5442	-0.7856	0.3680	0.8831	-0.0367	-0.2887	-0.0328	-0.0522	-0.0685	
16.9021	-24.0416	-18.7386	0.7107	-0.5445	-0.7858	0.3949	0.8699	-0.0684	-0.2892	-0.0332	-0.0475	-0.0701	
16.9776	-24.0926	-18.8204	0.7110	-0.5443	-0.7860	0.4218	0.8591	-0.1051	-0.2694	-0.0335	-0.0482	-0.0711	
17.0511	-24.1476	-18.8943	0.7112	-0.5443	-0.7857	0.4537	0.8422	-0.1432	-0.2524	-0.0337	-0.0479	-0.0738	
17.1226	-24.2031	-18.9689	0.7112	-0.5444	-0.7855	0.4806	0.8265	-0.1689	-0.2411	-0.0323	-0.0458	-0.0742	
17.1925	-24.2551	-19.0492	0.7111	-0.5442	-0.7856	0.5038	0.8047	-0.2147	-0.2274	-0.0354	-0.0454	-0.0758	
17.2633	-24.3112	-19.1315	0.7111	-0.5443	-0.7858	0.5167	0.7866	-0.2554	-0.2230	-0.0390	-0.0434	-0.0744	
17.3356	-24.3722	-19.2084	0.7112	-0.5447	-0.7857	0.5391	0.7621	-0.2848	-0.2193	-0.0391	-0.0400	-0.0753	
17.4126	-24.4213	-19.2799	0.7115	-0.5444	-0.7853	0.5520	0.7410	-0.3228	-0.2053	-0.0409	-0.0403	-0.0741	
17.4848	-24.4683	-19.3626	0.7116	-0.5439	-0.7855	0.5567	0.7294	-0.3490	-0.1957	-0.0406	-0.0399	-0.0699	
17.5527	-24.5231	-19.4349	0.7114	-0.5440	-0.7852	0.5730	0.7019	-0.3820	-0.1811	-0.0409	-0.0393	-0.0707	
17.6241	-24.5737	-19.5161	0.7114	-0.5437	-0.7853	0.5836	0.6759	-0.4138	-0.1789	-0.0429	-0.0370	-0.0700	
17.6866	-24.6297	-19.5910	0.7109	-0.5438	-0.7851	0.5931	0.6501	-0.4422	-0.1757	-0.0438	-0.0348	-0.0690	
17.7557	-24.6864	-19.6638	0.7108	-0.5440	-0.7848	0.5986	0.6247	-0.4762	-0.1572	-0.0442	-0.0366	-0.0679	
17.8341	-24.7401	-19.7506	0.7112	-0.5439	-0.7853	0.5946	0.6053	-0.5095	-0.1464	-0.0456	-0.0381	-0.0644	
17.9049	-24.7945	-19.8330	0.7112	-0.5439	-0.7855	0.5872	0.5856	-0.5415	-0.1426	-0.0476	-0.0384	-0.0605	
17.9792	-24.8447	-19.9169	0.7114	-0.5437	-0.7858	0.5774	0.5620	-0.5768	-0.1359	-0.0500	-0.0398	-0.0575	
18.0489	-24.8976	-20.0025	0.7113	-0.5436	-0.7862	0.5674	0.5309	-0.6159	-0.1293	-0.0537	-0.0410	-0.0559	
18.1227	-24.9505	-20.0862	0.7114	-0.5435	-0.7865	0.5612	0.5017	-0.6481	-0.1150	-0.0543	-0.0421	-0.0552	
18.1968	-25.0076	-20.1686	0.7116	-0.5437	-0.7867	0.5492	0.4826	-0.6764	-0.0935	-0.0523	-0.0451	-0.0530	
18.2718	-25.0613	-20.2489	0.7118	-0.5436	-0.7868	0.5428	0.4570	-0.7018	-0.0652	-0.0497	-0.0473	-0.0534	
18.3422	-25.1138	-20.3269	0.7118	-0.5435	-0.7868	0.5264	0.4297	-0.7320	-0.0515	-0.0507	-0.0492	-0.0514	
18.4179	-25.1672	-20.4103	0.7121	-0.5435	-0.7870	0.5101	0.3896	-0.7659	-0.0176	-0.0513	-0.0537	-0.0533	
18.4950	-25.2246	-20.4912	0.7124	-0.5436	-0.7872	0.4884	0.3714	-0.7903	0.0031	-0.0493	-0.0564	-0.0506	
18.5629	-25.2836	-20.5739	0.7122	-0.5439	-0.7874	0.4817	0.3532	-0.8026	0.0268	-0.0451	-0.0550	-0.0505	
18.6280	-25.3373	-20.6436	0.7119	-0.5439	-0.7869	0.4726	0.3135	-0.8217	0.0519	-0.0454	-0.0549	-0.0525	
18.6990	-25.3882	-20.7177	0.7118	-0.5437	-0.7866	0.4560	0.2861	-0.8394	0.0765	-0.0439	-0.0561	-0.0523	
18.7686	-25.4472	-20.7987	0.7118	-0.5439	-0.7868	0.4393	0.2555	-0.8539	0.1114	-0.0413	-0.0579	-0.0541	
18.8382	-25.4985	-20.8761	0.7117	-0.5438	-0.7867	0.4210	0.2308	-0.8651	0.1465	-0.0377	-0.0595	-0.0553	
18.9117	-25.5465	-20.9569	0.7118	-0.5434	-0.7868	0.4069	0.2037	-0.8767	0.1596	-0.0382	-0.0579	-0.0535	
18.9871	-25.5993	-21.0310	0.7120	-0.5433	-0.7865	0.3834	0.1676	-0.8863	0.1965	-0.0367	-0.0605	-0.0559	
19.0582	-25.6568	-21.1156	0.7120	-0.5435	-0.7869	0.3599	0.1500	-0.8965	0.2138	-0.0350	-0.0609	-0.0532	
19.1352	-25.7047	-21.2025	0.7124	-0.5431	-0.7873	0.3460	0.1179	-0.8972	0.2477	-0.0332	-0.0597	-0.0562	
19.2052	-25.7593	-21.2772	0.7123	-0.5432	-0.7871	0.3289	0.0762	-0.8975	0.2824	-0.0334	-0.0598	-0.0595	
19.2747	-25.8089	-21.3531	0.7122	-0.5429	-0.7869	0.3214	0.0387	-0.8952	0.3067	-0.0343	-0.0568	-0.0610	
19.3464	-25.8617	-21.4315	0.7122	-0.5428	-0.7869	0.3171	0.0177	-0.8896	0.3309	-0.0322	-0.0526	-0.0616	
19.4174	-25.9222	-21.5052	0.7122	-0.5432	-0.7867	0.3134	-0.0147	-0.8841	0.3477	-0.0336	-0.0491	-0.0613	
19.4916	-25.9760	-21.5774	0.7124	-0.5431	-0.7863	0.3011	-0.0467	-0.8760	0.3738	-0.0331	-0.0480	-0.0627	
19.5687	-26.0341	-21.6539	0.7127	-0.5433	-0.7862	0.2848	-0.0775	-0.8685	0.3982	-0.0325	-0.0477	-0.0633	
19.6400	-26.0922	-21.7323	0.7127	-0.5435	-0.7862	0.2771	-0.1033	-0.8559	0.4251	-0.0313	-0.0450	-0.0649	
19.7088	-26.1442	-21.8138	0.7126	-0.5434	-0.7863	0.2575	-0.1390	-0.8441	0.4487	-0.0316	-0.0458	-0.0657	
19.7808	-26.1962	-21.8923	0.7126	-0.5433	-0.7863	0.2454	-0.1590	-0.8385	0.4615	-0.0307	-0.0445	-0.0631	
19.8511	-26.2500	-21.9678	0.7126	-0.5433	-0.7862	0.2386	-0.1925	-0.8194	0.4844	-0.0319	-0.0419	-0.0649	
19.9239	-26.3003	-22.0460	0.7126	-0.5430	-0.7861	0.2251	-0.2140	-0.8056	0.5053	-0.0302	-0.0407	-0.0649	
19.9915	-26.3529	-22.1277	0.7124	-0.5429	-0.7863	0.2162	-0.2470	-0.7838	0.5270	-0.0314	-0.0389	-0.0665	
20.0611	-26.4059	-22.2098	0.7124	-0.5429	-0.7865	0.2050	-0.2823	-0.7656	0.5405	-0.0334	-0.0386	-0.0659	
20.1339	-26.4626	-22.2930	0.7124	-0.5430	-0.7867	0.1882	-0.3281	-0.7357	0.5608	-0.0364	-0.0393	-0.0686	
20.1996	-26.5163	-22.3754	0.7121	-0.5430	-0.7869	0.1842	-0.3580	-0.7200	0.5663	-0.0382	-0.0378	-0.0655	
20.2743	-26.5702	-22.4548	0.7123	-0.5430	-0.7870	0.1824	-0.3947	-0.6883	0.5805	-0.0415	-0.0351	-0.0667	
20.3433	-26.6278	-22.5332	0.7122	-0.5431	-0.7869	0.1744	-0.4325	-0.6622	0.5864	-0.0442	-0.0352	-0.0656	
20.4215	-26.6822	-22.6133	0.7126	-0.5431	-0.7870	0.1690	-0.4688	-0.6365	0.5889	-0.0469	-0.0349	-0.0639	
20.4948	-26.7381	-22.6906	0.7127	-0.5432	-0.7869	0.1632	-0.4990	-0.6178	0.5863	-0.0480	-0.0351	-0.0604	
20.5642	-26.7922	-22.7677	0.7126	-0.5432	-0.7869	0.1555	-0.5346	-0.5899	0.5848	-0.0501	-0.0356	-0.0590	
20.6308	-26.8515	-22.8413	0.7123	-0.5435	-0.7866	0.1523	-0.5661	-0.5576	0.5877	-0.0522	-0.0343	-0.0587	
20.6991	-26.9051	-22.9220	0.7122	-0.5434	-0.7867	0.1289	-0.6031	-0.5334	0.5790	-0.0518	-0.0390	-0.0572	
20.7767	-26.9590	-22.9986	0.7125	-0.5434	-0.7866	0.1079	-0.6556	-0.4837	0.5683	-0.0570	-0.0435	-0.0592	
20.8412	-27.0162	-23.0727	0.7122	-0.5435	-0.7864	0.0927	-0.6893	-0.4509	0.5593	-0.0578	-0.0452	-0.0584	
20.9114	-27.0727	-23.1549	0.7121	-0.5436	-0.7866	0.0749	-0.7162	-0.4358	0.5417	-0.0554	-0.0482	-0.0543	
20.9807	-27.1308	-23.2326	0.7120	-0.5438	-0.7865	0.0479	-0.7470	-0.4115	0.5204	-0.0537	-0.0530	-0.0527	
21.0472	-27.1787	-23.3158	0.7118	-0.5435	-0.7867	0.0164	-0.7723	-0.3803	0.5085	-0.0514	-0.0554	-0.0543	
21.1193	-27.2360	-23.3953	0.7118	-0.5437	-0.7868	0.0010	0.7919	0.3527	-0.4994	-0.0530	-0.0556	-0.0553	
21.1832	-27.2875	-23.4750	0.7115	-0.5435	-0.7868	0.0226	0.8118	0.3251	-0.4853	-0.0537	-0.0548	-0.0568	
21.2513	-27.3330	-23.5519	0.7113	-0.5431	-0.7867	0.0504	0.8308	0.2908	-0.4718	-0.0531	-0.0539	-0.0585	
21.3245	-27.3928	-23.6262	0.7114	-0.5433	-0.7865	0.0667	0.8472	0.2643	-0.4573	-0.0517	-0.0541	-0.0581	
21.3853	-27.4501	-23.7051	0.7109	-0.5435	-0.7865	0.0917	0.8630	0.2334	-0.4389	-0.0490	-0.0553	-0.0589	
21.4489	-27.5045	-23.7783	0.7105	-0.5435	-0.7863	0.1230	0.8756	0.2053	-0.4201	-0.0447	-0.0563	-0.0608	
21.5230	-27.5632	-23.8633	0.7107	-0.5437	-0.7866	0.1532	0.8864	0.1691	-0.4025	-0.0435	-0.0571	-0.0629	
21.5970	-27.6198	-23.9385	0.7108	-0.5438	-0.7864	0.1899	0.8885	0.1401	-0.3945	-0.0398	-0.0542	-0.0666	
21.6650	-27.6743	-24.0129	0.7107	-0.5438	-0.7862	0.2156	0.8954	0.1173	-0.3729	-0.0362	-0.0552	-0.0646	
21.7337	-27.7278	-24.0902	0.7106	-0.5438	-0.7862	0.2527	0.8982	0.0804	-0.3495	-0.0351	-0.0573	-0.0676	
21.7991	-27.7845	-24.1743	0.7103	-0.5439	-0.7864	0.2959	0.8942	0.0526	-0.3319	-0.0313	-0.0570	-0.0713	
21.8683	-27.8362	-24.2518	0.7102	-0.5438	-0.7864	0.3229	0.8926	0.0251	-0.3148	-0.0300	-0.0561	-0.0705	
21.9448	-27.8876	-24.3269	0.7105	-0.5436	-0.7862	0.3534	0.8858	-0.0089	-0.3007	-0.0302	-0.0547	-0.0718	
22.0192	-27.9366	-24.4072	0.7106	-0.5434	-0.7863	0.3815	0.8783	-0.0221	-0.2912	-0.0262	-0.0515	-0.0707	
22.0901	-27.9891	-24.4860	0.7106	-0.5433	-0.7863	0.4068	0.8659	-0.0438	-0.2907	-0.0253	-0.0467	-0.0707	
22.1616	-28.0424	-24.5584	0.7106	-0.5432	-0.7860	0.4388	0.8532	-0.0635	-0.2757	-0.0225	-0.0456	-0.0716	
22.2345	-28.1011	-24.6357	0.7107	-0.5434	-0.7859	0.4595	0.8420	-0.0879	-0.2706	-0.0230	-0.0429	-0.0705	
22.3036	-28.1593	-24.7154	0.7106	-0.5436	-0.7860	0.4789	0.8318	-0.1156	-0.2567	-0.0235	-0.0425	-0.0691	
22.3684	-28.2110	-24.7898	0.7103	-0.5435	-0.7858	0.5028	0.8125	-0.1523	-0.2526	-0.0261	-0.0401	-0.0706	
22.4427	-28.2600	-24.8710	0.7105	-0.5432	-0.7859	0.5213	0.7922	-0.1973	-0.2479	-0.0309	-0.0388	-0.0715	
22.5120	-28.3148	-24.9454	0.7104	-0.5433	-0.7857	0.5377	0.7729	-0.2464	-0.2280	-0.0346	-0.0409	-0.0718	
22.5790	-28.3712	-25.0201	0.7102	-0.5434	-0.7855	0.5567	0.7490	-0.2795	-0.2267	-0.0364	-0.0380	-0.0723	
22.6508	-28.4283	-25.0976	0.7103	-0.5435	-0.7855	0.5634	0.7291	-0.3236	-0.2154	-0.0402	-0.0389	-0.0705	
22.7264	-28.4829	-25.1793	0.7105	-0.5435	-0.7856	0.5727	0.7071	-0.3644	-0.1975	-0.0420	-0.0405	-0.0697	
22.8002	-28.5405	-25.2563	0.7106	-0.5436	-0.7855	0.5841	0.6878	-0.3975	-0.1672	-0.0403	-0.0435	-0.0689	
22.8747	-28.5989	-25.3322	0.7108	-0.5438	-0.7854	0.5917	0.6621	-0.4307	-0.1630	-0.0426	-0.0416	-0.0679	
22.9474	-28.6524	-25.4107	0.7108	-0.5438	-0.7854	0.5912	0.6427	-0.4617	-0.1601	-0.0444	-0.0406	-0.0646	
23.0217	-28.7104	-25.4845	0.7110	-0.5440	-0.7852	0.5867	0.6213	-0.4944	-0.1633	-0.0476	-0.0391	-0.0611	
23.0933	-28.7616	-25.5579	0.7110	-0.5438	-0.7850	0.5849	0.5850	-0.5404	-0.1506	-0.0518	-0.0409	-0.0613	
23.1594	-28.8154	-25.6327	0.7108	-0.5438	-0.7848	0.5814	0.5731	-0.5621	-0.1407	-0.0492	-0.0407	-0.0575	
23.2320	-28.8719	-25.7091	0.7109	-0.5439	-0.7847	0.5849	0.5439	-0.5898	-0.1191	-0.0480	-0.0414	-0.0583	
23.3010	-28.9212	-25.7843	0.7108	-0.5436	-0.7845	0.5729	0.5125	-0.6300	-0.1091	-0.0516	-0.0436	-0.0565	
23.3700	-28.9723	-25.8641	0.7107	-0.5435	-0.7846	0.5635	0.4814	-0.6640	-0.0988	-0.0535	-0.0445	-0.0553	
23.4462	-29.0319	-25.9401	0.7109	-0.5437	-0.7845	0.5533	0.4599	-0.6903	-0.0820	-0.0521	-0.0460	-0.0533	
23.5203	-29.0854	-26.0262	0.7110	-0.5437	-0.7848	0.5374	0.4317	-0.7214	-0.0655	-0.0527	-0.0484	-0.0519	
23.5890	-29.1423	-26.1042	0.7109	-0.5438	-0.7848	0.5230	0.4046	-0.7495	-0.0316	-0.0500	-0.0525	-0.0523	
23.6585	-29.1922	-26.1772	0.7109	-0.5436	-0.7846	0.5145	0.3759	-0.7709	-0.0155	-0.0493	-0.0518	-0.0519	
23.7251	-29.2499	-26.2592	0.7107	-0.5438	-0.7847	0.5012	0.3566	-0.7894	-0.0042	-0.0479	-0.0512	-0.0495	
23.7904	-29.2993	-26.3421	0.7104	-0.5435	-0.7849	0.4926	0.3401	-0.8015	0.0281	-0.0420	-0.0517	-0.0503	
23.8522	-29.3499	-26.4185	0.7100	-0.5434	-0.7848	0.4687	0.3170	-0.8224	0.0599	-0.0395	-0.0559	-0.0500	
23.9259	-29.4049	-26.4961	0.7101	-0.5434	-0.7848	0.4456	0.2858	-0.8423	0.0984	-0.0376	-0.0599	-0.0517	
23.9970	-29.4631	-26.5751	0.7101	-0.5436	-0.7848	0.4271	0.2649	-0.8557	0.1255	-0.0351	-0.0607	-0.0514	
24.0683	-29.5135	-26.6568	0.7101	-0.5434	-0.7850	0.3981	0.2298	-0.8743	0.1534	-0.0359	-0.0640	-0.0515	
24.1461	-29.5656	-26.7347	0.7104	-0.5433	-0.7849	0.3931	0.2000	-0.8803	0.1774	-0.0351	-0.0605	-0.0530	
24.2145	-29.6191	-26.8146	0.7103	-0.5433	-0.7850	0.3832	0.1652	-0.8856	0.2042	-0.0349	-0.0586	-0.0549	
24.2877	-29.6705	-26.8923	0.7104	-0.5431	-0.7850	0.3534	0.1456	-0.8947	0.2322	-0.0320	-0.0614	-0.0540	
24.3584	-29.7232	-26.9730	0.7104	-0.5431	-0.7851	0.3268	0.1285	-0.9014	0.2553	-0.0294	-0.0626	-0.0525	
24.4262	-29.7798	-27.0542	0.7102	-0.5432	-0.7852	0.3079	0.1067	-0.9027	0.2821	-0.0275	-0.0618	-0.0530	
24.4987	-29.8358	-27.1324	0.7103	-0.5432	-0.7852	0.2916	0.0747	-0.9025	0.3081	-0.0278	-0.0607	-0.0543	
24.5689	-29.8942	-27.2094	0.7103	-0.5434	-0.7851	0.2915	0.0377	-0.8958	0.3346	-0.0293	-0.0558	-0.0572	
24.6429	-29.9495	-27.2875	0.7104	-0.5435	-0.7851	0.2849	0.0154	-0.8840	0.3714	-0.0264	-0.0524	-0.0611	
24.7085	-30.0039	-27.3655	0.7102	-0.5435	-0.7851	0.2718	-0.0337	-0.8700	0.4087	-0.0284	-0.0518	-0.0660	
24.7824	-30.0592	-27.4422	0.7103	-0.5435	-0.7850	0.2622	-0.0715	-0.8578	0.4360	-0.0298	-0.0500	-0.0677	
24.8535	-30.1153	-27.5209	0.7103	-0.5436	-0.7850	0.2456	-0.1069	-0.8414	0.4687	-0.0295	-0.0495	-0.0705	
24.9225	-30.1744	-27.5969	0.7102	-0.5438	-0.7849	0.2534	-0.1405	-0.8240	0.4885	-0.0322	-0.0437	-0.0709	
24.9911	-30.2292	-27.6773	0.7101	-0.5438	-0.7850	0.2396	-0.1740	-0.8072	0.5106	-0.0326	-0.0432	-0.0713	
25.0602	-30.2830	-27.7571	0.7100	-0.5438	-0.7850	0.2315	-0.2002	-0.7938	0.5266	-0.0328	-0.0415	-0.0697	
25.1294	-30.3344	-27.8394	0.7100	-0.5436	-0.7852	0.2264	-0.2557	-0.7632	0.5476	-0.0384	-0.0402	-0.0726	
25.2042	-30.3875	-27.9228	0.7101	-0.5436	-0.7854	0.2257	-0.2844	-0.7401	0.5666	-0.0391	-0.0366	-0.0728	
25.2770	-30.4458	-27.9995	0.7102	-0.5438	-0.7853	0.2237	-0.3201	-0.7177	0.5769	-0.0417	-0.0349	-0.0713	
25.3455	-30.5040	-28.0826	0.7101	-0.5439	-0.7855	0.2045	-0.3604	-0.7014	0.5803	-0.0430	-0.0382	-0.0684	
25.4143	-30.5599	-28.1644	0.7100	-0.5440	-0.7856	0.1905	-0.3944	-0.6832	0.5847	-0.0437	-0.0393	-0.0660	
25.4831	-30.6121	-28.2457	0.7099	-0.5439	-0.7858	0.1797	-0.4407	-0.6549	0.5866	-0.0475	-0.0405	-0.0652	
25.5561	-30.6656	-28.3221	0.7100	-0.5438	-0.7857	0.1593	-0.4816	-0.6356	0.5822	-0.0486	-0.0441	-0.0625	
25.6290	-30.7227	-28.4001	0.7101	-0.5440	-0.7856	0.1594	-0.5204	-0.6107	0.5757	-0.0525	-0.0431	-0.0594	
25.7040	-30.7806	-28.4779	0.7102	-0.5441	-0.7856	0.1309	-0.5649	-0.5812	0.5703	-0.0532	-0.0478	-0.0593	
25.7747	-30.8354	-28.5604	0.7102	-0.5441	-0.7858	0.1316	-0.6001	-0.5563	0.5604	-0.0563	-0.0465	-0.0558	
25.8458	-30.8921	-28.6337	0.7102	-0.5442	-0.7856	0.1072	-0.6341	-0.5325	0.5506	-0.0551	-0.0498	-0.0546	
25.9208	-30.9451	-28.7138	0.7104	-0.5442	-0.7856	0.0960	-0.6640	-0.5019	0.5460	-0.0558	-0.0488	-0.0541	
25.9944	-30.9984	-28.7957	0.7105	-0.5441	-0.7857	0.0809	-0.6989	-0.4720	0.5312	-0.0570	-0.0507	-0.0525	
26.0668	-31.0550	-28.8720	0.7105	-0.5442	-0.7857	0.0709	-0.7220	-0.4482	0.5234	-0.0562	-0.0495	-0.0507	
26.1388	-31.1119	-28.9542	0.7106	-0.5443	-0.7858	0.0470	-0.7454	-0.4275	0.5103	-0.0532	-0.0516	-0.0497	
26.2136	-31.1693	-29.0344	0.7107	-0.5444	-0.7859	0.0098	-0.7672	-0.3986	0.5026	-0.0494	-0.0540	-0.0524	
26.2817	-31.2211	-29.1091	0.7106	-0.5443	-0.7857	0.0135	0.7883	0.3726	-0.4898	-0.0511	-0.0526	-0.0534	
26.3546	-31.2748	-29.1873	0.7107	-0.5443	-0.7857	0.0345	0.8098	0.3369	-0.4789	-0.0514	-0.0519	-0.0535	
26.4170	-31.3280	-29.2617	0.7103	-0.5442	-0.7855	0.0611	0.8297	0.3086	-0.4614	-0.0498	-0.0517	-0.0555	
26.4857	-31.3875	-29.3377	0.7102	-0.5444	-0.7854	0.0806	0.8437	0.2819	-0.4506	-0.0486	-0.0512	-0.0559	
26.5547	-31.4384	-29.4120	0.7102	-0.5443	-0.7853	0.1015	0.8608	0.2494	-0.4319	-0.0471	-0.0531	-0.0555	
26.6226	-31.4897	-29.4895	0.7100	-0.5442	-0.7852	0.1329	0.8752	0.2188	-0.4105	-0.0435	-0.0557	-0.0576	
26.6947	-31.5428	-29.5674	0.7101	-0.5441	-0.7852	0.1629	0.8824	0.1969	-0.3963	-0.0387	-0.0549	-0.0587	
26.7654	-31.6007	-29.6494	0.7101	-0.5443	-0.7853	0.1880	0.8900	0.1705	-0.3795	-0.0366	-0.0548	-0.0582	
26.8350	-31.6510	-29.7260	0.7100	-0.5441	-0.7853	0.2055	0.8982	0.1459	-0.3615	-0.0353	-0.0546	-0.0554	
26.9051	-31.7028	-29.8051	0.7100	-0.5440	-0.7853	0.2390	0.8987	0.1311	-0.3451	-0.0296	-0.0539	-0.0566	
26.9738	-31.7570	-29.8861	0.7099	-0.5440	-0.7854	0.2721	0.9004	0.0945	-0.3248	-0.0300	-0.0553	-0.0596	
27.0462	-31.8155	-29.9656	0.7099	-0.5441	-0.7854	0.2982	0.8990	0.0693	-0.3141	-0.0289	-0.0531	-0.0600	
27.1204	-31.8691	-30.0423	0.7101	-0.5441	-0.7853	0.3345	0.8914	0.0351	-0.3031	-0.0286	-0.0517	-0.0639	
27.1903	-31.9228	-30.1210	0.7100	-0.5441	-0.7854	0.3538	0.8879	0.0085	-0.2958	-0.0289	-0.0490	-0.0627	
27.2606	-31.9764	-30.1969	0.7100	-0.5441	-0.7853	0.3895	0.8783	-0.0333	-0.2731	-0.0296	-0.0508	-0.0665	
27.3280	-32.0264	-30.2777	0.7099	-0.5439	-0.7853	0.4227	0.8653	-0.0733	-0.2578	-0.0306	-0.0504	-0.0697	
27.3993	-32.0781	-30.3565	0.7099	-0.5438	-0.7854	0.4482	0.8504	-0.0946	-0.2631	-0.0298	-0.0447	-0.0702	
27.4669	-32.1321	-30.4336	0.7097	-0.5438	-0.7853	0.4788	0.8306	-0.1345	-0.2489	-0.0311	-0.0443	-0.0731	
27.5349	-32.1836	-30.5109	0.7096	-0.5437	-0.7852	0.5003	0.8170	-0.1653	-0.2349	-0.0311	-0.0438	-0.0725	
27.6034	-32.2409	-30.5867	0.7095	-0.5438	-0.7851	0.5267	0.7964	-0.1994	-0.2195	-0.0314	-0.0434	-0.0740	
27.6699	-32.2921	-30.6634	0.7094	-0.5436	-0.7851	0.5487	0.7745	-0.2303	-0.2157	-0.0325	-0.0406	-0.0745	
27.7410	-32.3478	-30.7422	0.7094	-0.5437	-0.7851	0.5676	0.7498	-0.2636	-0.2160	-0.0349	-0.0376	-0.0748	
27.8073	-32.4040	-30.8179	0.7092	-0.5438	-0.7850	0.5824	0.7283	-0.2934	-0.2120	-0.0360	-0.0357	-0.0737	
27.8767	-32.4621	-30.8972	0.7091	-0.5439	-0.7850	0.5917	0.7049	-0.3396	-0.1932	-0.0392	-0.0383	-0.0727	
27.9494	-32.5167	-30.9746	0.7092	-0.5439	-0.7850	0.5936	0.6887	-0.3715	-0.1926	-0.0415	-0.0372	-0.0687	
28.0211	-32.5701	-31.0503	0.7092	-0.5439	-0.7849	0.6020	0.6634	-0.4044	-0.1850	-0.0429	-0.0365	-0.0678	
28.0915	-32.6212	-31.1279	0.7092	-0.5437	-0.7848	0.6013	0.6441	-0.4448	-0.1610	-0.0438	-0.0406	-0.0652	
28.1650	-32.6779	-31.2052	0.7093	-0.5438	-0.7848	0.6046	0.6208	-0.4750	-0.1559	-0.0450	-0.0395	-0.0635	
28.2355	-32.7322	-31.2849	0.7093	-0.5438	-0.7848	0.5920	0.6068	-0.5102	-0.1508	-0.0472	-0.0412	-0.0581	
28.3079	-32.7853	-31.3638	0.7093	-0.5438	-0.7848	0.5825	0.5807	-0.5495	-0.1476	-0.0510	-0.0419	-0.0556	
28.3773	-32.8375	-31.4406	0.7093	-0.5437	-0.7848	0.5747	0.5623	-0.5799	-0.1342	-0.0504	-0.0433	-0.0529	
28.4493	-32.8896	-31.5185	0.7093	-0.5436	-0.7848	0.5629	0.5339	-0.6188	-0.1213	-0.0528	-0.0456	-0.0515	
28.5226	-32.9461	-31.5992	0.7094	-0.5437	-0.7848	0.5547	0.5150	-0.6445	-0.1130	-0.0521	-0.0453	-0.0492	
28.5963	-33.0024	-31.6795	0.7095	-0.5438	-0.7849	0.5444	0.4874	-0.6763	-0.0920	-0.0519	-0.0476	-0.0490	
28.6673	-33.0558	-31.7607	0.7095	-0.5437	-0.7850	0.5241	0.4631	-0.7117	-0.0646	-0.0513	-0.0527	-0.0477	
28.7443	-33.1095	-31.8415	0.7097	-0.5437	-0.7851	0.5137	0.4276	-0.7417	-0.0525	-0.0534	-0.0524	-0.0480	
28.8090	-33.1623	-31.9186	0.7095	-0.5437	-0.7850	0.4985	0.3918	-0.7722	-0.0334	-0.0544	-0.0540	-0.0484	
28.8815	-33.2174	-31.9978	0.7096	-0.5437	-0.7851	0.4849	0.3673	-0.7940	-0.0057	-0.0513	-0.0557	-0.0486	
28.9516	-33.2715	-32.0707	0.7095	-0.5437	-0.7849	0.4698	0.3403	-0.8143	0.0259	-0.0482	-0.0577	-0.0496	
29.0219	-33.3222	-32.1484	0.7095	-0.5435	-0.7848	0.4605	0.3255	-0.8260	0.0445	-0.0443	-0.0560	-0.0484	
29.0904	-33.3798	-32.2263	0.7094	-0.5437	-0.7848	0.4448	0.2945	-0.8434	0.0644	-0.0443	-0.0562	-0.0484	
29.1624	-33.4319	-32.3087	0.7095	-0.5436	-0.7850	0.4332	0.2612	-0.8561	0.1051	-0.0410	-0.0573	-0.0523	
29.2365	-33.4858	-32.3890	0.7096	-0.5436	-0.7850	0.4104	0.2214	-0.8724	0.1426	-0.0404	-0.0606	-0.0549	
29.3119	-33.5398	-32.4681	0.7097	-0.5435	-0.7850	0.3894	0.2000	-0.8830	0.1716	-0.0374	-0.0616	-0.0547	
29.3830	-33.5947	-32.5475	0.7097	-0.5436	-0.7851	0.3705	0.1807	-0.8899	0.1981	-0.0344	-0.0615	-0.0543	
29.4556	-33.6468	-32.6256	0.7098	-0.5435	-0.7851	0.3556	0.1362	-0.8930	0.2378	-0.0343	-0.0615	-0.0588	
29.5262	-33.6976	-32.7052	0.7098	-0.5434	-0.7851	0.3342	0.0957	-0.8946	0.2792	-0.0331	-0.0628	-0.0626	
29.5977	-33.7514	-32.7876	0.7098	-0.5433	-0.7852	0.3226	0.0624	-0.8879	0.3220	-0.0306	-0.0610	-0.0670	
29.6641	-33.8065	-32.8688	0.7096	-0.5434	-0.7853	0.3083	0.0378	-0.8851	0.3481	-0.0292	-0.0591	-0.0668	
29.7365	-33.8611	-32.9462	0.7097	-0.5434	-0.7853	0.2976	0.0033	-0.8803	0.3702	-0.0304	-0.0568	-0.0667	
29.8090	-33.9151	-33.0255	0.7098	-0.5434	-0.7853	0.2733	-0.0353	-0.8732	0.4011	-0.0304	-0.0580	-0.0682	
29.8796	-33.9700	-33.1063	0.7097	-0.5434	-0.7854	0.2718	-0.0611	-0.8639	0.4219	-0.0306	-0.0531	-0.0679	
29.9513	-34.0216	-33.1840	0.7098	-0.5433	-0.7854	0.2487	-0.0955	-0.8530	0.4484	-0.0302	-0.0540	-0.0687	
30.0208	-34.0739	-33.2681	0.7097	-0.5432	-0.7856	0.2437	-0.1321	-0.8398	0.4676	-0.0325	-0.0506	-0.0688	
30.0911	-34.1270	-33.3451	0.7097	-0.5432	-0.7855	0.2442	-0.1718	-0.8202	0.4884	-0.0354	-0.0463	-0.0700	
30.1636	-34.1821	-33.4240	0.7097	-0.5432	-0.7855	0.2299	-0.1911	-0.8119	0.5033	-0.0335	-0.0454	-0.0675	
30.2330	-34.2367	-33.5003	0.7097	-0.5432	-0.7854	0.2200	-0.2194	-0.7900	0.5287	-0.0330	-0.0431	-0.0694	
30.3037	-34.2938	-33.5813	0.7097	-0.5433	-0.7855	0.2184	-0.2598	-0.7664	0.5455	-0.0366	-0.0403	-0.0700	
30.3745	-34.3500	-33.6567	0.7097	-0.5434	-0.7854	0.2170	-0.2960	-0.7396	0.5642	-0.0390	-0.0374	-0.0711	
30.4479	-34.4062	-33.7359	0.7098	-0.5434	-0.7854	0.2210	-0.3261	-0.7142	0.5793	-0.0410	-0.0334	-0.0708	
30.5218	-34.4611	-33.8194	0.7099	-0.5435	-0.7856	0.2216	-0.3589	-0.7002	0.5776	-0.0438	-0.0325	-0.0659	
30.5908	-34.5151	-33.8983	0.7098	-0.5434	-0.7856	0.2220	-0.3841	-0.6858	0.5784	-0.0446	-0.0310	-0.0620	
30.6634	-34.5698	-33.9815	0.7098	-0.5435	-0.7858	0.2049	-0.4270	-0.6659	0.5764	-0.0466	-0.0347	-0.0599	
30.7332	-34.6242	-34.0555	0.7098	-0.5435	-0.7856	0.1947	-0.4666	-0.6376	0.5808	-0.0488	-0.0355	-0.0600	
30.8008	-34.6776	-34.1313	0.7097	-0.5434	-0.7855	0.1961	-0.4962	-0.6204	0.5760	-0.0504	-0.0345	-0.0562	
30.8720	-34.7342	-34.2043	0.7097	-0.5435	-0.7853	0.1755	-0.5434	-0.5856	0.5743	-0.0529	-0.0383	-0.0575	
30.9428	-34.7890	-34.2845	0.7097	-0.5435	-0.7854	0.1741	-0.5671	-0.5678	0.5721	-0.0526	-0.0364	-0.0545	
31.0145	-34.8457	-34.3656	0.7097	-0.5436	-0.7855	0.1479	-0.6064	-0.5413	0.5631	-0.0525	-0.0414	-0.0542	
31.0872	-34.9015	-34.4466	0.7098	-0.5436	-0.7856	0.1306	-0.6446	-0.5192	0.5459	-0.0536	-0.0454	-0.0514	
31.1595	-34.9550	-34.5244	0.7098	-0.5436	-0.7855	0.1164	-0.6720	-0.4871	0.5455	-0.0535	-0.0444	-0.0525	
31.2296	-35.0105	-34.6064	0.7098	-0.5437	-0.7857	0.0933	-0.7072	-0.4551	0.5324	-0.0539	-0.0477	-0.0527	
31.2991	-35.0649	-34.6851	0.7097	-0.5437	-0.7857	0.0713	-0.7327	-0.4324	0.5211	-0.0520	-0.0495	-0.0519	
31.3701	-35.1200	-34.7636	0.7097	-0.5437	-0.7857	0.0512	-0.7598	-0.4107	0.5019	-0.0509	-0.0523	-0.0498	
31.4358	-35.1733	-34.8383	0.7096	-0.5436	-0.7855	0.0129	-0.7832	-0.3877	0.4863	-0.0468	-0.0564	-0.0512	
31.5021	-35.2256	-34.9145	0.7094	-0.5436	-0.7855	0.0117	0.8091	0.3542	-0.4682	-0.0466	-0.0544	-0.0514	
31.5703	-35.2794	-34.9903	0.7093	-0.5436	-0.7854	0.0326	0.8272	0.3315	-0.4533	-0.0473	-0.0538	-0.0530	
31.6348	-35.3332	-35.0650	0.7091	-0.5435	-0.7852	0.0577	0.8442	0.3082	-0.4354	-0.0460	-0.0537	-0.0548	
31.7050	-35.3869	-35.1401	0.7091	-0.5435	-0.7851	0.0843	0.8599	0.2802	-0.4185	-0.0442	-0.0542	-0.0561	
31.7799	-35.4394	-35.2225	0.7092	-0.5435	-0.7853	0.1108	0.8698	0.2477	-0.4124	-0.0442	-0.0518	-0.0581	
31.8498	-35.4942	-35.2992	0.7092	-0.5435	-0.7852	0.1438	0.8778	0.2167	-0.4024	-0.0419	-0.0509	-0.0615	
31.9171	-35.5475	-35.3757	0.7091	-0.5434	-0.7851	0.1749	0.8835	0.2005	-0.3874	-0.0355	-0.0508	-0.0616	
31.9886	-35.5977	-35.4558	0.7091	-0.5433	-0.7852	0.2138	0.8874	0.1713	-0.3705	-0.0325	-0.0522	-0.0651	
32.0574	-35.6547	-35.5325	0.7090	-0.5434	-0.7851	0.2405	0.8916	0.1374	-0.3582	-0.0332	-0.0516	-0.0653	
32.1264	-35.7089	-35.6124	0.7089	-0.5434	-0.7852	0.2703	0.8974	0.0988	-0.3335	-0.0340	-0.0548	-0.0659	
32.1962	-35.7632	-35.6916	0.7089	-0.5434	-0.7852	0.2956	0.8999	0.0637	-0.3141	-0.0345	-0.0555	-0.0655	
32.2706	-35.8185	-35.7702	0.7090	-0.5434	-0.7852	0.3344	0.8939	0.0376	-0.2964	-0.0312	-0.0552	-0.0682	
32.3445	-35.8758	-35.8493	0.7091	-0.5435	-0.7852	0.3660	0.8843	0.0056	-0.2906	-0.0311	-0.0520	-0.0702	
32.4174	-35.9293	-35.9257	0.7092	-0.5435	-0.7851	0.3872	0.8806	-0.0170	-0.2751	-0.0296	-0.0511	-0.0679	
32.4875	-35.9824	-36.0014	0.7092	-0.5434	-0.7850	0.4218	0.8652	-0.0550	-0.2645	-0.0303	-0.0496	-0.0714	
32.5597	-36.0355	-36.0775	0.7092	-0.5434	-0.7850	0.4512	0.8523	-0.0731	-0.2572	-0.0276	-0.0466	-0.0718	
32.6309	-36.0891	-36.1538	0.7092	-0.5434	-0.7849	0.4700	0.8386	-0.1139	-0.2511	-0.0311	-0.0448	-0.0714	
32.7025	-36.1456	-36.2316	0.7092	-0.5434	-0.7849	0.4899	0.8199	-0.1624	-0.2472	-0.0359	-0.0430	-0.0725	
32.7743	-36.2003	-36.3102	0.7093	-0.5435	-0.7849	0.5017	0.8075	-0.1886	-0.2505	-0.0369	-0.0392	-0.0698	
32.8438	-36.2562	-36.3868	0.7092	-0.5435	-0.7848	0.5243	0.7868	-0.2205	-0.2394	-0.0367	-0.0383	-0.0708	
32.9134	-36.3090	-36.4680	0.7092	-0.5435	-0.7849	0.5426	0.7690	-0.2557	-0.2206	-0.0368	-0.0395	-0.0707	
32.9819	-36.3619	-36.5437	0.7091	-0.5434	-0.7848	0.5481	0.7532	-0.2938	-0.2167	-0.0401	-0.0387	-0.0678	
33.0511	-36.4144	-36.6225	0.7090	-0.5433	-0.7848	0.5629	0.7318	-0.3280	-0.1996	-0.0401	-0.0393	-0.0678	
33.1244	-36.4684	-36.6991	0.7091	-0.5433	-0.7848	0.5728	0.7044	-0.3704	-0.1959	-0.0442	-0.0382	-0.0679	
33.1944	-36.5234	-36.7745	0.7091	-0.5434	-0.7847	0.5827	0.6768	-0.4073	-0.1914	-0.0465	-0.0369	-0.0677	
33.2661	-36.5803	-36.8526	0.7091	-0.5434	-0.7847	0.5924	0.6468	-0.4435	-0.1839	-0.0483	-0.0361	-0.0680	
33.3401	-36.6372	-36.9312	0.7092	-0.5435	-0.7847	0.5924	0.6181	-0.4850	-0.1783	-0.0518	-0.0366	-0.0664	
33.4140	-36.6934	-37.0091	0.7093	-0.5436	-0.7846	0.5920	0.5854	-0.5280	-0.1661	-0.0548	-0.0382	-0.0657	
33.4806	-36.7490	-37.0862	0.7092	-0.5436	-0.7846	0.5896	0.5639	-0.5551	-0.1674	-0.0551	-0.0365	-0.0624	
33.5558	-36.8047	-37.1619	0.7093	-0.5437	-0.7845	0.5806	0.5418	-0.5914	-0.1419	-0.0541	-0.0412	-0.0601	
33.6247	-36.8561	-37.2427	0.7092	-0.5436	-0.7846	0.5670	0.5099	-0.6332	-0.1316	-0.0574	-0.0436	-0.0582	
33.6930	-36.9089	-37.3215	0.7092	-0.5435	-0.7846	0.5643	0.4814	-0.6620	-0.1088	-0.0555	-0.0449	-0.0583	
33.7649	-36.9639	-37.3983	0.7092	-0.5435	-0.7845	0.5606	0.4582	-0.6841	-0.0953	-0.0535	-0.0442	-0.0569	
33.8369	-37.0163	-37.4748	0.7092	-0.5435	-0.7845	0.5402	0.4389	-0.7137	-0.0866	-0.0538	-0.0465	-0.0526	
33.9020	-37.0677	-37.5539	0.7090	-0.5434	-0.7845	0.5316	0.4118	-0.7369	-0.0721	-0.0528	-0.0464	-0.0519	
33.9746	-37.1260	-37.6354	0.7091	-0.5435	-0.7846	0.5171	0.3871	-0.7620	-0.0502	-0.0512	-0.0486	-0.0511	
34.0446	-37.1823	-37.7157	0.7091	-0.5436	-0.7847	0.4897	0.3795	-0.7859	-0.0237	-0.0467	-0.0538	-0.0476	
34.1137	-37.2379	-37.7972	0.7090	-0.5436	-0.7848	0.4763	0.3635	-0.8014	-0.0019	-0.0433	-0.0539	-0.0466	
34.1885	-37.2870	-37.8775	0.7091	-0.5434	-0.7848	0.4588	0.3348	-0.8221	0.0342	-0.0409	-0.0569	-0.0485	
34.2632	-37.3416	-37.9560	0.7093	-0.5435	-0.7848	0.4388	0.3080	-0.8419	0.0598	-0.0402	-0.0587	-0.0485	
34.3301	-37.3941	-38.0342	0.7091	-0.5434	-0.7848	0.4132	0.2724	-0.8635	0.0922	-0.0403	-0.0622	-0.0498	
34.4002	-37.4491	-38.1149	0.7091	-0.5434	-0.7849	0.3932	0.2316	-0.8783	0.1390	-0.0385	-0.0650	-0.0545	
34.4732	-37.5044	-38.1900	0.7092	-0.5434	-0.7848	0.3714	0.2078	-0.8888	0.1709	-0.0358	-0.0660	-0.0549	
34.5412	-37.5580	-38.2671	0.7091	-0.5434	-0.7847	0.3616	0.1702	-0.8920	0.2110	-0.0342	-0.0644	-0.0592	
34.6126	-37.6114	-38.3473	0.7091	-0.5434	-0.7848	0.3390	0.1546	-0.8997	0.2314	-0.0320	-0.0642	-0.0567	
34.6828	-37.6669	-38.4295	0.7091	-0.5434	-0.7849	0.3234	0.1366	-0.8984	0.2659	-0.0281	-0.0628	-0.0583	
34.7548	-37.7223	-38.5112	0.7091	-0.5435	-0.7850	0.3106	0.1149	-0.8970	0.2943	-0.0262	-0.0606	-0.0590	
34.8254	-37.7776	-38.5891	0.7091	-0.5435	-0.7850	0.2953	0.0802	-0.8930	0.3294	-0.0260	-0.0598	-0.0618	
34.8961	-37.8327	-38.6653	0.7091	-0.5435	-0.7849	0.2861	0.0524	-0.8868	0.3599	-0.0253	-0.0571	-0.0635	
34.9653	-37.8860	-38.7457	0.7090	-0.5435	-0.7850	0.2829	0.0254	-0.8787	0.3850	-0.0255	-0.0530	-0.0644	
35.0340	-37.9433	-38.8224	0.7090	-0.5436	-0.7849	0.2714	-0.0262	-0.8644	0.4212	-0.0284	-0.0522	-0.0689	
35.1027	-37.9980	-38.9005	0.7089	-0.5436	-0.7849	0.2649	-0.0701	-0.8499	0.4498	-0.0308	-0.0499	-0.0713	
35.1753	-38.0515	-38.9793	0.7090	-0.5436	-0.7849	0.2561	-0.0949	-0.8428	0.4656	-0.0309	-0.0478	-0.0689	
35.2451	-38.1072	-39.0593	0.7089	-0.5436	-0.7849	0.2560	-0.1192	-0.8244	0.4917	-0.0304	-0.0433	-0.0704	
35.3185	-38.1634	-39.1377	0.7090	-0.5437	-0.7849	0.2388	-0.1656	-0.8037	0.5182	-0.0327	-0.0442	-0.0725	
35.3883	-38.2213	-39.2149	0.7090	-0.5438	-0.7849	0.2229	-0.2027	-0.7946	0.5279	-0.0347	-0.0454	-0.0693	
