-1.1701	-9.4093	0.5500	0.0000	0.0000	0.0000	0.7457	-0.5836	-0.0381	0.3192	0.0000	0.0000	0.0000	
-0.6174	-10.0241	0.3561	0.0547	-0.0609	-0.0192	0.7495	-0.5713	0.0009	0.3375	-0.0040	0.0175	-0.0007	
-0.4835	-10.4195	0.3794	0.0864	-0.1590	-0.0120	0.7673	-0.5675	-0.0613	0.3054	0.0210	-0.0896	0.0488	
-0.2735	-10.6188	0.3545	0.1726	-0.2404	-0.0224	0.7530	-0.5787	-0.0475	0.3327	0.0212	-0.0179	0.0056	
-0.1864	-10.7001	0.3692	0.2151	-0.2774	-0.0126	0.7303	-0.6012	-0.0349	0.3261	0.0094	-0.0109	-0.0234	
-0.0342	-10.7453	0.4398	0.3129	-0.2950	0.0420	0.7529	-0.5959	-0.0476	0.2826	-0.0096	-0.0245	-0.0028	
0.0283	-10.7666	0.3359	0.3397	-0.2869	-0.0533	0.7365	-0.6065	-0.0484	0.2983	0.0024	-0.0152	-0.0106	
0.1225	-10.8359	0.3534	0.3972	-0.3297	-0.0339	0.7350	-0.6095	-0.0215	0.2988	-0.0064	-0.0037	-0.0118	
0.1266	-10.9992	0.3014	0.3656	-0.4599	-0.0765	0.6998	-0.6299	0.0226	0.3437	-0.0002	0.0158	-0.0296	
0.1266	-11.0204	0.3034	0.3285	-0.4291	-0.0529	0.6604	-0.6548	0.0392	0.3661	0.0074	0.0189	-0.0445	
0.1284	-11.1323	0.2443	0.2969	-0.4970	-0.0997	0.6502	-0.6786	0.0409	0.3421	-0.0000	0.0082	-0.0452	
0.1708	-11.2724	0.3051	0.3109	-0.5853	-0.0253	0.6217	-0.6953	0.0522	0.3564	0.0045	0.0107	-0.0496	
0.1931	-11.2554	0.3186	0.3011	-0.5128	-0.0087	0.6084	-0.7096	0.0641	0.3501	0.0013	0.0086	-0.0491	
0.2636	-11.3011	0.3791	0.3377	-0.5106	0.0432	0.5986	-0.7167	0.0556	0.3553	0.0054	0.0075	-0.0451	
0.3197	-11.2932	0.3675	0.3583	-0.4617	0.0179	0.5804	-0.7159	0.0557	0.3857	0.0137	0.0142	-0.0421	
0.3886	-11.2839	0.3569	0.3858	-0.4170	0.0033	0.5665	-0.7199	0.0646	0.3961	0.0139	0.0159	-0.0404	
0.3547	-11.2337	0.4027	0.3278	-0.3410	0.0401	0.5390	-0.7268	0.0698	0.4197	0.0185	0.0186	-0.0422	
0.4390	-11.3402	0.4634	0.3676	-0.3960	0.0876	0.5177	-0.7404	0.0778	0.4218	0.0170	0.0166	-0.0434	
0.4973	-11.3525	0.5272	0.3828	-0.3778	0.1279	0.5079	-0.7460	0.0751	0.4252	0.0166	0.0145	-0.0408	
0.5620	-11.4101	0.6000	0.4031	-0.3942	0.1669	0.4977	-0.7453	0.0858	0.4360	0.0153	0.0161	-0.0381	
0.6428	-11.4281	0.6203	0.4302	-0.3803	0.1689	0.4799	-0.7499	0.0903	0.4464	0.0161	0.0168	-0.0378	
0.6686	-11.4721	0.7283	0.4187	-0.3839	0.2307	0.4636	-0.7589	0.0816	0.4506	0.0176	0.0134	-0.0371	
0.6641	-11.5239	0.8057	0.3919	-0.3916	0.2628	0.4378	-0.7599	0.1055	0.4688	0.0168	0.0173	-0.0384	
0.7003	-11.5755	0.8331	0.3899	-0.3982	0.2634	0.4037	-0.7641	0.1058	0.4916	0.0212	0.0194	-0.0400	
0.7838	-11.5767	0.8962	0.4154	-0.3766	0.2849	0.3839	-0.7660	0.1030	0.5054	0.0230	0.0196	-0.0391	
0.8364	-11.6404	0.9278	0.4214	-0.3913	0.2864	0.3610	-0.7667	0.1006	0.5213	0.0249	0.0202	-0.0382	
0.8462	-11.6448	0.9703	0.4040	-0.3731	0.2933	0.3433	-0.7659	0.1026	0.5341	0.0251	0.0205	-0.0370	
0.8354	-11.7112	1.0086	0.3784	-0.3878	0.2970	0.3203	-0.7660	0.1266	0.5430	0.0217	0.0221	-0.0381	
0.8755	-11.7530	1.0600	0.3803	-0.3895	0.3076	0.3082	-0.7634	0.1457	0.5492	0.0178	0.0230	-0.0371	
0.8982	-11.7968	1.0534	0.3724	-0.3922	0.2891	0.2925	-0.7625	0.1499	0.5576	0.0175	0.0229	-0.0360	
0.9070	-11.7770	1.0964	0.3586	-0.3648	0.2960	0.2745	-0.7650	0.1388	0.5664	0.0208	0.0208	-0.0346	
0.9092	-11.7808	1.1418	0.3431	-0.3501	0.3031	0.2570	-0.7640	0.1379	0.5757	0.0217	0.0202	-0.0336	
0.9537	-11.8006	1.2071	0.3480	-0.3432	0.3186	0.2305	-0.7624	0.1472	0.5863	0.0219	0.0212	-0.0349	
0.9869	-11.7899	1.2438	0.3471	-0.3244	0.3208	0.2205	-0.7513	0.1394	0.6070	0.0234	0.0235	-0.0311	
1.0354	-11.7903	1.3253	0.3534	-0.3108	0.3417	0.1967	-0.7464	0.1515	0.6173	0.0226	0.0246	-0.0322	
1.0292	-11.8450	1.3863	0.3366	-0.3203	0.3524	0.1849	-0.7374	0.1557	0.6311	0.0214	0.0255	-0.0299	
1.0516	-11.8648	1.4335	0.3322	-0.3155	0.3573	0.1693	-0.7370	0.1496	0.6373	0.0226	0.0236	-0.0285	
1.1019	-11.8611	1.4777	0.3390	-0.3019	0.3609	0.1566	-0.7317	0.1463	0.6474	0.0230	0.0236	-0.0268	
1.1302	-11.9128	1.5097	0.3369	-0.3100	0.3595	0.1475	-0.7252	0.1454	0.6570	0.0219	0.0236	-0.0247	
1.1254	-11.9219	1.5742	0.3225	-0.3020	0.3699	0.1333	-0.7017	0.1411	0.6859	0.0232	0.0289	-0.0218	
1.1666	-11.9395	1.5791	0.3256	-0.2976	0.3587	0.1233	-0.7005	0.1297	0.6914	0.0244	0.0267	-0.0199	
1.1812	-11.9191	1.6211	0.3194	-0.2802	0.3610	0.1126	-0.6898	0.1204	0.7052	0.0256	0.0272	-0.0177	
1.2171	-11.9358	1.6677	0.3208	-0.2764	0.3644	0.0902	-0.6836	0.1484	0.7095	0.0212	0.0278	-0.0222	
1.2809	-12.0053	1.7086	0.3316	-0.2902	0.3660	0.0720	-0.6780	0.1445	0.7172	0.0219	0.0271	-0.0216	
1.3151	-11.9895	1.7684	0.3322	-0.2755	0.3736	0.0506	-0.6674	0.1374	0.7301	0.0246	0.0280	-0.0208	
1.3572	-11.9845	1.8010	0.3351	-0.2651	0.3722	0.0290	-0.6619	0.1347	0.7368	0.0260	0.0274	-0.0213	
1.3956	-12.0256	1.8206	0.3365	-0.2698	0.3666	0.0156	-0.6501	0.1226	0.7499	0.0246	0.0266	-0.0240	
1.4250	-12.0382	1.8541	0.3352	-0.2655	0.3657	-0.0038	0.6420	-0.1381	-0.7545	0.0210	0.0264	-0.0252	
1.4535	-12.0493	1.8730	0.3334	-0.2610	0.3605	0.0112	0.6258	-0.1552	-0.7644	0.0181	0.0286	-0.0268	
1.4929	-12.0562	1.8925	0.3352	-0.2554	0.3557	0.0332	0.6077	-0.1484	-0.7795	0.0209	0.0313	-0.0257	
1.5262	-12.0767	1.9105	0.3349	-0.2541	0.3508	0.0528	0.5878	-0.1620	-0.7908	0.0192	0.0338	-0.0274	
1.5859	-12.0772	1.9274	0.3427	-0.2470	0.3457	0.0657	0.5861	-0.1622	-0.7916	0.0193	0.0309	-0.0266	
1.5972	-12.1018	1.9767	0.3362	-0.2469	0.3498	0.0765	0.5721	-0.1608	-0.8008	0.0191	0.0312	-0.0246	
1.6470	-12.1043	2.0292	0.3410	-0.2406	0.3546	0.0786	0.5651	-0.1647	-0.8051	0.0165	0.0293	-0.0228	
1.6845	-12.1220	2.0696	0.3420	-0.2389	0.3560	0.0934	0.5548	-0.1695	-0.8092	0.0162	0.0288	-0.0229	
1.7281	-12.1689	2.1031	0.3445	-0.2449	0.3554	0.0992	0.5285	-0.1684	-0.8264	0.0147	0.0327	-0.0209	
1.7525	-12.1933	2.1763	0.3419	-0.2448	0.3651	0.1166	0.5061	-0.1769	-0.8359	0.0141	0.0347	-0.0217	
1.7942	-12.2105	2.2060	0.3439	-0.2429	0.3634	0.1212	0.4900	-0.1845	-0.8435	0.0117	0.0347	-0.0214	
1.8201	-12.2319	2.2256	0.3416	-0.2423	0.3593	0.1416	0.4674	-0.1814	-0.8535	0.0139	0.0373	-0.0211	
1.8573	-12.2630	2.2589	0.3424	-0.2440	0.3586	0.1463	0.4439	-0.1951	-0.8624	0.0103	0.0384	-0.0220	
1.8992	-12.2805	2.2895	0.3443	-0.2423	0.3574	0.1573	0.4195	-0.2001	-0.8712	0.0097	0.0401	-0.0220	
1.9288	-12.2915	2.3594	0.3433	-0.2390	0.3655	0.1649	0.4042	-0.2105	-0.8749	0.0081	0.0387	-0.0222	
1.9366	-12.3056	2.3845	0.3369	-0.2368	0.3628	0.1679	0.4022	-0.2234	-0.8726	0.0063	0.0343	-0.0227	
1.9525	-12.3292	2.4283	0.3327	-0.2369	0.3645	0.1767	0.3877	-0.2367	-0.8733	0.0051	0.0333	-0.0239	
1.9845	-12.3694	2.4924	0.3323	-0.2407	0.3707	0.1893	0.3596	-0.2500	-0.8786	0.0039	0.0356	-0.0254	
1.9951	-12.4198	2.5262	0.3270	-0.2467	0.3700	0.2144	0.3546	-0.2482	-0.8760	0.0083	0.0337	-0.0248	
2.0286	-12.4417	2.5442	0.3272	-0.2461	0.3659	0.2270	0.3407	-0.2567	-0.8755	0.0083	0.0331	-0.0256	
2.0561	-12.4742	2.5892	0.3260	-0.2479	0.3677	0.2255	0.3208	-0.2695	-0.8798	0.0048	0.0329	-0.0259	
2.0910	-12.5033	2.6176	0.3265	-0.2488	0.3659	0.2280	0.3166	-0.2825	-0.8768	0.0033	0.0293	-0.0263	
2.0992	-12.5096	2.6513	0.3213	-0.2449	0.3653	0.2221	0.3047	-0.2839	-0.8821	0.0016	0.0285	-0.0235	
2.1660	-12.5294	2.6615	0.3288	-0.2438	0.3598	0.2379	0.2909	-0.2878	-0.8809	0.0032	0.0286	-0.0237	
2.1999	-12.5476	2.7122	0.3290	-0.2425	0.3628	0.2446	0.2724	-0.2914	-0.8838	0.0029	0.0295	-0.0227	
2.2289	-12.5627	2.7777	0.3282	-0.2406	0.3687	0.2528	0.2454	-0.3101	-0.8829	0.0010	0.0309	-0.0255	
2.2791	-12.5812	2.8352	0.3318	-0.2394	0.3727	0.2462	0.2222	-0.3175	-0.8886	-0.0024	0.0315	-0.0244	
2.3079	-12.6155	2.8700	0.3308	-0.2415	0.3723	0.2656	0.1977	-0.3176	-0.8885	0.0001	0.0343	-0.0241	
2.3368	-12.6430	2.9118	0.3300	-0.2422	0.3732	0.2742	0.1802	-0.3295	-0.8853	-0.0000	0.0336	-0.0255	
2.3555	-12.6601	2.9562	0.3272	-0.2408	0.3745	0.2771	0.1666	-0.3376	-0.8842	-0.0006	0.0323	-0.0251	
2.3918	-12.6846	3.0003	0.3279	-0.2409	0.3758	0.2651	0.1400	-0.3463	-0.8892	-0.0050	0.0330	-0.0246	
2.4297	-12.7050	3.0305	0.3289	-0.2402	0.3744	0.2840	0.1290	-0.3558	-0.8812	-0.0019	0.0318	-0.0259	
2.4715	-12.7418	3.0639	0.3305	-0.2425	0.3736	0.2846	0.1088	-0.3579	-0.8827	-0.0030	0.0323	-0.0246	
2.4990	-12.7524	3.0959	0.3296	-0.2400	0.3727	0.2843	0.0967	-0.3839	-0.8735	-0.0043	0.0290	-0.0286	
2.5281	-12.7776	3.1420	0.3288	-0.2403	0.3743	0.3013	0.0765	-0.3925	-0.8656	-0.0021	0.0302	-0.0295	
2.5461	-12.7798	3.1832	0.3262	-0.2364	0.3750	0.3171	0.0680	-0.4111	-0.8522	0.0004	0.0279	-0.0319	
2.5742	-12.7946	3.2217	0.3254	-0.2349	0.3752	0.3163	0.0562	-0.4315	-0.8431	-0.0007	0.0254	-0.0340	
2.6166	-12.8271	3.2562	0.3272	-0.2364	0.3746	0.3126	0.0359	-0.4380	-0.8423	-0.0029	0.0259	-0.0328	
2.6608	-12.8292	3.3085	0.3292	-0.2326	0.3771	0.3197	0.0241	-0.4509	-0.8331	-0.0021	0.0245	-0.0331	
2.6847	-12.8476	3.3213	0.3277	-0.2318	0.3730	0.3413	0.0043	-0.4666	-0.8159	0.0009	0.0261	-0.0359	
2.7169	-12.8740	3.3495	0.3277	-0.2324	0.3714	0.3422	0.0019	-0.4726	-0.8127	0.0011	0.0232	-0.0336	
2.7464	-12.9063	3.4097	0.3270	-0.2339	0.3752	0.3460	0.0007	-0.4823	-0.8052	0.0021	0.0202	-0.0326	
2.7870	-12.9452	3.4463	0.3283	-0.2365	0.3751	0.3459	-0.0048	-0.4951	-0.7972	0.0018	0.0178	-0.0329	
2.8136	-12.9716	3.4877	0.3272	-0.2369	0.3757	0.3464	-0.0275	-0.5030	-0.7914	-0.0001	0.0199	-0.0328	
2.8508	-12.9886	3.5551	0.3279	-0.2358	0.3805	0.3584	-0.0381	-0.5169	-0.7764	0.0018	0.0193	-0.0341	
2.8972	-13.0210	3.5906	0.3301	-0.2372	0.3801	0.3664	-0.0562	-0.5198	-0.7697	0.0015	0.0209	-0.0329	
2.9215	-13.0377	3.6311	0.3287	-0.2361	0.3805	0.3765	-0.0716	-0.5349	-0.7528	0.0027	0.0212	-0.0350	
2.9660	-13.0420	3.6703	0.3306	-0.2331	0.3806	0.3870	-0.0807	-0.5455	-0.7391	0.0043	0.0204	-0.0350	
3.0004	-13.0668	3.6952	0.3309	-0.2333	0.3786	0.4122	-0.0916	-0.5498	-0.7208	0.0082	0.0221	-0.0346	
3.0314	-13.0747	3.7256	0.3306	-0.2309	0.3775	0.4234	-0.1105	-0.5561	-0.7065	0.0082	0.0238	-0.0348	
3.0424	-13.0926	3.7610	0.3272	-0.2302	0.3772	0.4312	-0.1183	-0.5756	-0.6847	0.0099	0.0220	-0.0376	
3.0756	-13.1120	3.7988	0.3273	-0.2297	0.3772	0.4275	-0.1329	-0.5933	-0.6691	0.0083	0.0205	-0.0397	
3.1199	-13.1368	3.8398	0.3291	-0.2299	0.3776	0.4355	-0.1295	-0.6026	-0.6567	0.0105	0.0176	-0.0379	
3.1277	-13.1591	3.8932	0.3253	-0.2299	0.3800	0.4362	-0.1467	-0.6159	-0.6393	0.0092	0.0182	-0.0397	
3.1860	-13.1849	3.9403	0.3290	-0.2302	0.3813	0.4435	-0.1611	-0.6284	-0.6183	0.0097	0.0181	-0.0412	
3.2263	-13.1959	3.9648	0.3302	-0.2285	0.3793	0.4438	-0.1783	-0.6425	-0.5985	0.0086	0.0180	-0.0428	
3.2669	-13.2272	3.9853	0.3313	-0.2297	0.3768	0.4561	-0.1860	-0.6478	-0.5814	0.0103	0.0184	-0.0415	
3.2904	-13.2630	4.0217	0.3299	-0.2315	0.3766	0.4631	-0.2006	-0.6568	-0.5602	0.0105	0.0192	-0.0425	
3.3210	-13.2878	4.0579	0.3296	-0.2317	0.3764	0.4636	-0.2052	-0.6655	-0.5483	0.0103	0.0176	-0.0411	
3.3591	-13.3115	4.1110	0.3302	-0.2318	0.3786	0.4628	-0.2118	-0.6790	-0.5292	0.0107	0.0158	-0.0419	
3.3900	-13.3345	4.1470	0.3300	-0.2318	0.3783	0.4762	-0.2292	-0.6792	-0.5093	0.0107	0.0188	-0.0412	
3.4087	-13.3438	4.1740	0.3280	-0.2299	0.3768	0.4744	-0.2308	-0.6849	-0.5036	0.0098	0.0169	-0.0382	
3.4399	-13.3600	4.2217	0.3278	-0.2290	0.3782	0.4918	-0.2279	-0.6850	-0.4875	0.0131	0.0176	-0.0352	
3.4747	-13.3849	4.2541	0.3281	-0.2293	0.3775	0.4993	-0.2368	-0.6852	-0.4747	0.0126	0.0184	-0.0337	
3.4936	-13.3979	4.2945	0.3263	-0.2280	0.3778	0.5027	-0.2428	-0.6931	-0.4559	0.0131	0.0177	-0.0342	
3.5120	-13.4274	4.3250	0.3244	-0.2289	0.3769	0.5071	-0.2392	-0.7032	-0.4375	0.0151	0.0160	-0.0340	
3.5217	-13.4423	4.3512	0.3215	-0.2278	0.3755	0.5116	-0.2370	-0.7133	-0.4164	0.0170	0.0147	-0.0343	
3.5619	-13.4611	4.3795	0.3226	-0.2273	0.3742	0.5125	-0.2391	-0.7216	-0.3995	0.0172	0.0133	-0.0341	
3.5928	-13.4802	4.4156	0.3224	-0.2268	0.3740	0.5298	-0.2443	-0.7167	-0.3824	0.0180	0.0163	-0.0319	
3.6131	-13.5180	4.4570	0.3209	-0.2288	0.3746	0.5388	-0.2442	-0.7223	-0.3580	0.0200	0.0165	-0.0325	
3.6525	-13.5412	4.4973	0.3218	-0.2288	0.3749	0.5494	-0.2633	-0.7208	-0.3304	0.0190	0.0194	-0.0342	
3.6651	-13.5552	4.5282	0.3194	-0.2277	0.3742	0.5544	-0.2658	-0.7281	-0.3028	0.0206	0.0189	-0.0355	
3.6789	-13.5733	4.5735	0.3171	-0.2272	0.3752	0.5755	-0.2778	-0.7162	-0.2813	0.0200	0.0238	-0.0338	
3.7098	-13.6016	4.6157	0.3170	-0.2279	0.3758	0.5883	-0.2765	-0.7143	-0.2596	0.0217	0.0245	-0.0326	
3.7359	-13.6288	4.6597	0.3163	-0.2284	0.3766	0.5995	-0.2697	-0.7132	-0.2441	0.0232	0.0241	-0.0303	
3.7710	-13.6579	4.6994	0.3167	-0.2292	0.3768	0.6083	-0.2728	-0.7130	-0.2167	0.0244	0.0245	-0.0312	
3.7866	-13.6916	4.7433	0.3148	-0.2305	0.3776	0.6279	-0.2692	-0.7046	-0.1920	0.0263	0.0272	-0.0296	
3.8095	-13.7075	4.7835	0.3138	-0.2296	0.3779	0.6287	-0.2696	-0.7107	-0.1643	0.0274	0.0251	-0.0313	
3.8413	-13.7361	4.8240	0.3138	-0.2303	0.3782	0.6523	-0.2682	-0.6940	-0.1469	0.0274	0.0292	-0.0279	
3.8758	-13.7483	4.8767	0.3141	-0.2290	0.3800	0.6587	-0.2555	-0.6960	-0.1313	0.0292	0.0269	-0.0259	
3.9241	-13.7681	4.9146	0.3161	-0.2286	0.3799	0.6618	-0.2576	-0.6939	-0.1221	0.0270	0.0254	-0.0246	
3.9539	-13.7832	4.9467	0.3159	-0.2277	0.3792	0.6738	-0.2610	-0.6837	-0.1024	0.0262	0.0272	-0.0240	
3.9787	-13.8145	4.9864	0.3151	-0.2287	0.3795	0.6846	-0.2608	-0.6758	-0.0807	0.0264	0.0282	-0.0238	
4.0156	-13.8585	5.0333	0.3157	-0.2311	0.3805	0.7033	-0.2557	-0.6605	-0.0615	0.0270	0.0310	-0.0219	
4.0522	-13.8803	5.0791	0.3163	-0.2310	0.3813	0.7154	-0.2596	-0.6473	-0.0425	0.0259	0.0326	-0.0217	
4.0809	-13.9033	5.1124	0.3159	-0.2310	0.3808	0.7203	-0.2575	-0.6438	-0.0309	0.0250	0.0309	-0.0206	
4.1104	-13.9276	5.1497	0.3157	-0.2311	0.3807	0.7326	-0.2646	-0.6270	-0.0150	0.0228	0.0330	-0.0204	
4.1299	-13.9463	5.2004	0.3144	-0.2306	0.3821	0.7381	-0.2610	-0.6221	0.0070	0.0241	0.0321	-0.0207	
4.1597	-13.9704	5.2466	0.3142	-0.2307	0.3830	0.7489	-0.2719	-0.6034	0.0299	0.0223	0.0345	-0.0223	
4.1979	-13.9956	5.2862	0.3149	-0.2310	0.3832	0.7540	-0.2797	-0.5918	0.0530	0.0217	0.0347	-0.0237	
4.2276	-14.0055	5.3213	0.3147	-0.2295	0.3828	0.7701	-0.2679	-0.5731	0.0809	0.0249	0.0377	-0.0218	
4.2562	-14.0311	5.3480	0.3144	-0.2298	0.3816	0.7750	-0.2561	-0.5715	0.0910	0.0256	0.0351	-0.0189	
4.2816	-14.0586	5.3943	0.3138	-0.2303	0.3824	0.7817	-0.2623	-0.5585	0.0957	0.0218	0.0346	-0.0185	
4.3189	-14.0946	5.4355	0.3144	-0.2317	0.3827	0.7875	-0.2643	-0.5442	0.1171	0.0218	0.0351	-0.0194	
4.3522	-14.1149	5.4724	0.3146	-0.2314	0.3826	0.7948	-0.2567	-0.5366	0.1236	0.0213	0.0340	-0.0167	
4.3885	-14.1333	5.5150	0.3151	-0.2309	0.3831	0.8049	-0.2559	-0.5183	0.1349	0.0200	0.0353	-0.0159	
4.4344	-14.1489	5.5453	0.3166	-0.2301	0.3822	0.8127	-0.2567	-0.5007	0.1513	0.0195	0.0364	-0.0159	
4.4817	-14.1618	5.5780	0.3182	-0.2291	0.3816	0.8263	-0.2607	-0.4772	0.1495	0.0151	0.0381	-0.0143	
4.5179	-14.1803	5.6125	0.3187	-0.2286	0.3812	0.8322	-0.2663	-0.4596	0.1595	0.0134	0.0382	-0.0148	
4.5557	-14.1999	5.6464	0.3193	-0.2283	0.3808	0.8301	-0.2734	-0.4576	0.1667	0.0122	0.0342	-0.0156	
4.5903	-14.2236	5.6860	0.3195	-0.2284	0.3809	0.8362	-0.2707	-0.4394	0.1851	0.0133	0.0356	-0.0154	
4.6241	-14.2497	5.7191	0.3197	-0.2287	0.3804	0.8378	-0.2823	-0.4236	0.1978	0.0116	0.0350	-0.0175	
4.6494	-14.2693	5.7560	0.3191	-0.2284	0.3803	0.8473	-0.2806	-0.3963	0.2145	0.0116	0.0384	-0.0171	
4.6847	-14.2885	5.8008	0.3194	-0.2280	0.3810	0.8545	-0.2798	-0.3763	0.2234	0.0108	0.0391	-0.0163	
4.7133	-14.3002	5.8366	0.3191	-0.2269	0.3808	0.8587	-0.2898	-0.3533	0.2323	0.0086	0.0397	-0.0177	
4.7325	-14.3266	5.8801	0.3178	-0.2273	0.3813	0.8637	-0.2936	-0.3267	0.2465	0.0079	0.0415	-0.0185	
4.7609	-14.3493	5.9231	0.3175	-0.2273	0.3818	0.8640	-0.2930	-0.3239	0.2526	0.0082	0.0378	-0.0173	
4.7957	-14.3736	5.9595	0.3178	-0.2274	0.3816	0.8647	-0.2924	-0.3041	0.2723	0.0097	0.0387	-0.0177	
4.8383	-14.3975	6.0034	0.3188	-0.2275	0.3822	0.8663	-0.2948	-0.2915	0.2792	0.0091	0.0372	-0.0175	
4.8609	-14.4262	6.0472	0.3179	-0.2281	0.3827	0.8685	-0.2900	-0.2776	0.2910	0.0098	0.0369	-0.0163	
4.8983	-14.4438	6.0785	0.3184	-0.2276	0.3820	0.8750	-0.2825	-0.2719	0.2862	0.0083	0.0346	-0.0128	
4.9274	-14.4723	6.1182	0.3182	-0.2281	0.3822	0.8791	-0.2891	-0.2541	0.2822	0.0049	0.0339	-0.0133	
4.9625	-14.5006	6.1625	0.3185	-0.2287	0.3828	0.8768	-0.3008	-0.2417	0.2874	0.0038	0.0319	-0.0155	
4.9800	-14.5155	6.2002	0.3172	-0.2279	0.3827	0.8793	-0.3093	-0.2176	0.2895	0.0014	0.0329	-0.0167	
5.0140	-14.5346	6.2253	0.3174	-0.2276	0.3815	0.8808	-0.3181	-0.2003	0.2881	-0.0007	0.0322	-0.0174	
5.0401	-14.5552	6.2647	0.3169	-0.2274	0.3816	0.8864	-0.3225	-0.1727	0.2838	-0.0037	0.0340	-0.0173	
5.0775	-14.5778	6.3000	0.3174	-0.2274	0.3814	0.8914	-0.3262	-0.1624	0.2711	-0.0064	0.0316	-0.0159	
5.1183	-14.6059	6.3461	0.3182	-0.2279	0.3821	0.8858	-0.3394	-0.1316	0.2878	-0.0054	0.0340	-0.0197	
5.1432	-14.6252	6.3858	0.3176	-0.2275	0.3822	0.8806	-0.3502	-0.1134	0.2984	-0.0045	0.0335	-0.0216	
5.1757	-14.6466	6.4212	0.3176	-0.2274	0.3820	0.8793	-0.3522	-0.0903	0.3074	-0.0040	0.0348	-0.0214	
5.2036	-14.6595	6.4633	0.3173	-0.2265	0.3823	0.8753	-0.3629	-0.0667	0.3123	-0.0045	0.0351	-0.0231	
5.2362	-14.6914	6.5032	0.3174	-0.2274	0.3825	0.8752	-0.3637	-0.0640	0.3143	-0.0036	0.0318	-0.0211	
5.2696	-14.7166	6.5408	0.3175	-0.2276	0.3824	0.8682	-0.3772	-0.0360	0.3202	-0.0043	0.0331	-0.0240	
5.2993	-14.7398	6.5727	0.3174	-0.2276	0.3818	0.8665	-0.3804	-0.0120	0.3228	-0.0052	0.0342	-0.0236	
5.3301	-14.7692	6.6167	0.3173	-0.2282	0.3823	0.8647	-0.3924	-0.0065	0.3150	-0.0064	0.0301	-0.0240	
5.3620	-14.7946	6.6580	0.3173	-0.2284	0.3826	0.8533	-0.4035	0.0009	0.3311	-0.0028	0.0281	-0.0254	
5.3995	-14.8169	6.6871	0.3178	-0.2284	0.3818	0.8486	-0.4127	0.0139	0.3310	-0.0032	0.0269	-0.0256	
5.4324	-14.8373	6.7260	0.3179	-0.2282	0.3819	0.8390	-0.4251	0.0288	0.3385	-0.0022	0.0263	-0.0272	
5.4631	-14.8594	6.7604	0.3178	-0.2281	0.3815	0.8301	-0.4417	0.0439	0.3375	-0.0029	0.0250	-0.0293	
5.4835	-14.8857	6.7879	0.3168	-0.2284	0.3807	0.8158	-0.4531	0.0678	0.3528	-0.0014	0.0268	-0.0312	
5.5151	-14.9126	6.8312	0.3168	-0.2288	0.3811	0.8022	-0.4627	0.0745	0.3703	0.0023	0.0256	-0.0316	
5.5461	-14.9345	6.8637	0.3168	-0.2287	0.3806	0.7938	-0.4724	0.0921	0.3717	0.0013	0.0255	-0.0319	
5.5767	-14.9508	6.8977	0.3167	-0.2281	0.3803	0.7805	-0.4873	0.1081	0.3762	0.0016	0.0250	-0.0337	
5.6077	-14.9642	6.9339	0.3166	-0.2273	0.3801	0.7757	-0.4946	0.1210	0.3733	0.0003	0.0241	-0.0328	
5.6439	-14.9803	6.9728	0.3170	-0.2268	0.3802	0.7552	-0.5088	0.1438	0.3871	0.0021	0.0256	-0.0355	
5.6658	-14.9936	7.0110	0.3162	-0.2260	0.3802	0.7409	-0.5212	0.1613	0.3914	0.0021	0.0255	-0.0367	
5.6905	-15.0112	7.0574	0.3156	-0.2256	0.3809	0.7323	-0.5303	0.1620	0.3963	0.0037	0.0228	-0.0353	
5.7235	-15.0307	7.0924	0.3158	-0.2253	0.3807	0.7162	-0.5353	0.1712	0.4140	0.0068	0.0233	-0.0344	
5.7554	-15.0494	7.1350	0.3158	-0.2250	0.3811	0.6958	-0.5496	0.1969	0.4180	0.0060	0.0248	-0.0374	
5.7859	-15.0771	7.1759	0.3157	-0.2255	0.3813	0.6866	-0.5574	0.2043	0.4202	0.0060	0.0232	-0.0363	
5.8200	-15.1074	7.2193	0.3159	-0.2261	0.3817	0.6750	-0.5661	0.2076	0.4257	0.0073	0.0215	-0.0353	
5.8511	-15.1365	7.2552	0.3158	-0.2266	0.3815	0.6640	-0.5640	0.2233	0.4375	0.0073	0.0234	-0.0332	
5.8853	-15.1583	7.3025	0.3160	-0.2265	0.3822	0.6442	-0.5742	0.2480	0.4399	0.0062	0.0248	-0.0357	
5.9164	-15.1830	7.3409	0.3160	-0.2267	0.3822	0.6209	-0.5818	0.2662	0.4526	0.0078	0.0263	-0.0369	
5.9500	-15.2015	7.3792	0.3162	-0.2264	0.3822	0.6049	-0.5897	0.2721	0.4610	0.0095	0.0253	-0.0363	
5.9799	-15.2158	7.4105	0.3160	-0.2257	0.3817	0.5834	-0.5961	0.2836	0.4730	0.0114	0.0259	-0.0364	
6.0081	-15.2384	7.4470	0.3158	-0.2257	0.3816	0.5743	-0.6003	0.2900	0.4757	0.0108	0.0245	-0.0347	
6.0472	-15.2625	7.4849	0.3163	-0.2258	0.3816	0.5667	-0.5956	0.3002	0.4844	0.0101	0.0253	-0.0315	
6.0786	-15.2840	7.5157	0.3163	-0.2258	0.3810	0.5496	-0.6053	0.3103	0.4850	0.0101	0.0242	-0.0326	
6.1159	-15.3021	7.5579	0.3168	-0.2254	0.3813	0.5328	-0.6065	0.3251	0.4925	0.0100	0.0252	-0.0324	
6.1509	-15.3212	7.5903	0.3170	-0.2251	0.3809	0.5103	-0.6164	0.3335	0.4984	0.0117	0.0247	-0.0336	
6.1900	-15.3405	7.6317	0.3176	-0.2249	0.3811	0.4913	-0.6208	0.3468	0.5028	0.0116	0.0250	-0.0341	
6.2230	-15.3577	7.6642	0.3177	-0.2245	0.3807	0.4813	-0.6405	0.3313	0.5002	0.0147	0.0193	-0.0330	
6.2507	-15.3728	7.7025	0.3173	-0.2239	0.3807	0.4698	-0.6519	0.3282	0.4972	0.0151	0.0163	-0.0324	
6.2790	-15.4029	7.7463	0.3171	-0.2245	0.3811	0.4559	-0.6459	0.3341	0.5137	0.0157	0.0185	-0.0294	
6.3121	-15.4292	7.7878	0.3172	-0.2248	0.3814	0.4301	-0.6517	0.3319	0.5293	0.0196	0.0192	-0.0291	
6.3384	-15.4538	7.8188	0.3168	-0.2250	0.3809	0.4138	-0.6565	0.3375	0.5328	0.0191	0.0188	-0.0290	
6.3699	-15.4852	7.8581	0.3168	-0.2256	0.3810	0.3929	-0.6483	0.3538	0.5481	0.0182	0.0225	-0.0283	
6.4005	-15.5051	7.8916	0.3167	-0.2254	0.3806	0.3653	-0.6560	0.3502	0.5599	0.0220	0.0224	-0.0287	
6.4333	-15.5257	7.9337	0.3168	-0.2253	0.3809	0.3441	-0.6633	0.3613	0.5578	0.0207	0.0214	-0.0308	
6.4603	-15.5476	7.9737	0.3165	-0.2252	0.3811	0.3150	-0.6580	0.3723	0.5736	0.0216	0.0247	-0.0309	
6.4852	-15.5711	8.0154	0.3160	-0.2253	0.3813	0.2829	-0.6542	0.3715	0.5949	0.0253	0.0275	-0.0299	
6.5191	-15.5896	8.0510	0.3161	-0.2250	0.3811	0.2729	-0.6572	0.3679	0.5993	0.0248	0.0255	-0.0278	
6.5436	-15.6203	8.0897	0.3156	-0.2256	0.3812	0.2526	-0.6534	0.3767	0.6062	0.0235	0.0263	-0.0277	
6.5780	-15.6444	8.1254	0.3158	-0.2257	0.3810	0.2446	-0.6513	0.3644	0.6199	0.0246	0.0256	-0.0234	
6.6075	-15.6690	8.1694	0.3157	-0.2259	0.3814	0.2342	-0.6419	0.3692	0.6303	0.0224	0.0266	-0.0214	
6.6395	-15.6980	8.2029	0.3157	-0.2263	0.3811	0.1943	-0.6444	0.3829	0.6326	0.0237	0.0276	-0.0260	
6.6693	-15.7237	8.2370	0.3156	-0.2265	0.3808	0.1907	-0.6369	0.3851	0.6409	0.0209	0.0274	-0.0230	
6.6971	-15.7464	8.2818	0.3153	-0.2265	0.3813	0.1699	-0.6303	0.3761	0.6577	0.0235	0.0288	-0.0206	
6.7336	-15.7678	8.3146	0.3157	-0.2264	0.3809	0.1507	-0.6297	0.3818	0.6596	0.0227	0.0279	-0.0217	
6.7703	-15.7903	8.3520	0.3160	-0.2264	0.3809	0.1242	-0.6237	0.3686	0.6781	0.0268	0.0299	-0.0196	
6.8098	-15.8170	8.3994	0.3166	-0.2267	0.3815	0.1012	-0.6180	0.3579	0.6926	0.0292	0.0307	-0.0178	
6.8416	-15.8353	8.4346	0.3166	-0.2264	0.3813	0.0635	-0.6158	0.3749	0.6903	0.0285	0.0311	-0.0230	
6.8598	-15.8563	8.4747	0.3157	-0.2263	0.3814	0.0331	-0.6105	0.3702	0.6992	0.0307	0.0319	-0.0230	
6.8910	-15.8821	8.5136	0.3156	-0.2265	0.3815	0.0090	-0.6041	0.3737	0.7038	0.0316	0.0316	-0.0225	
6.9242	-15.9026	8.5537	0.3157	-0.2264	0.3816	0.0205	0.5897	-0.3699	-0.7175	0.0324	0.0346	-0.0218	
6.9534	-15.9316	8.5909	0.3156	-0.2268	0.3816	0.0426	0.5790	-0.3679	-0.7264	0.0317	0.0354	-0.0212	
6.9904	-15.9569	8.6284	0.3160	-0.2270	0.3815	0.0680	0.5571	-0.3680	-0.7413	0.0306	0.0392	-0.0206	
7.0214	-15.9792	8.6688	0.3159	-0.2270	0.3817	0.0737	0.5459	-0.3566	-0.7554	0.0291	0.0388	-0.0165	
7.0591	-15.9996	8.7056	0.3163	-0.2268	0.3816	0.0957	0.5318	-0.3587	-0.7612	0.0279	0.0394	-0.0172	
7.0848	-16.0249	8.7516	0.3159	-0.2270	0.3821	0.1138	0.5174	-0.3515	-0.7720	0.0277	0.0401	-0.0156	
7.1057	-16.0495	8.7881	0.3152	-0.2271	0.3820	0.1328	0.5033	-0.3579	-0.7754	0.0256	0.0400	-0.0171	
7.1329	-16.0707	8.8241	0.3149	-0.2270	0.3818	0.1353	0.4958	-0.3662	-0.7767	0.0213	0.0370	-0.0172	
7.1674	-16.0927	8.8597	0.3151	-0.2269	0.3817	0.1328	0.4784	-0.3645	-0.7886	0.0174	0.0371	-0.0145	
7.1920	-16.1162	8.9010	0.3147	-0.2270	0.3819	0.1601	0.4565	-0.3635	-0.7959	0.0183	0.0399	-0.0153	
7.2221	-16.1323	8.9396	0.3146	-0.2266	0.3819	0.1806	0.4475	-0.3669	-0.7954	0.0186	0.0385	-0.0167	
7.2507	-16.1548	8.9792	0.3144	-0.2266	0.3820	0.1968	0.4335	-0.3639	-0.8006	0.0185	0.0387	-0.0160	
7.2797	-16.1818	9.0122	0.3143	-0.2268	0.3817	0.2098	0.4199	-0.3688	-0.8024	0.0169	0.0379	-0.0169	
7.3148	-16.2062	9.0456	0.3145	-0.2269	0.3814	0.2182	0.4213	-0.3630	-0.8027	0.0175	0.0342	-0.0151	
7.3459	-16.2264	9.0842	0.3145	-0.2268	0.3814	0.2407	0.4059	-0.3574	-0.8058	0.0188	0.0355	-0.0149	
7.3749	-16.2451	9.1244	0.3143	-0.2265	0.3815	0.2596	0.3792	-0.3688	-0.8080	0.0163	0.0377	-0.0179	
7.4105	-16.2666	9.1629	0.3146	-0.2265	0.3815	0.2726	0.3596	-0.3617	-0.8159	0.0159	0.0392	-0.0161	
7.4439	-16.2876	9.2002	0.3147	-0.2264	0.3815	0.2792	0.3400	-0.3583	-0.8237	0.0140	0.0398	-0.0147	
7.4735	-16.3054	9.2436	0.3146	-0.2260	0.3818	0.2831	0.3244	-0.3446	-0.8346	0.0133	0.0402	-0.0109	
7.5025	-16.3317	9.2856	0.3144	-0.2263	0.3821	0.2863	0.3017	-0.3461	-0.8412	0.0103	0.0406	-0.0110	
7.5352	-16.3528	9.3240	0.3145	-0.2262	0.3821	0.3056	0.2758	-0.3475	-0.8423	0.0102	0.0425	-0.0127	
7.5638	-16.3778	9.3675	0.3143	-0.2263	0.3824	0.3141	0.2700	-0.3446	-0.8429	0.0105	0.0395	-0.0118	
7.5900	-16.3964	9.4091	0.3140	-0.2261	0.3826	0.3304	0.2524	-0.3419	-0.8427	0.0111	0.0399	-0.0121	
7.6211	-16.4192	9.4523	0.3140	-0.2261	0.3829	0.3474	0.2336	-0.3464	-0.8395	0.0112	0.0397	-0.0142	
7.6473	-16.4466	9.4885	0.3137	-0.2264	0.3828	0.3570	0.2095	-0.3522	-0.8395	0.0094	0.0403	-0.0161	
7.6831	-16.4697	9.5282	0.3139	-0.2264	0.3829	0.3534	0.1784	-0.3520	-0.8485	0.0051	0.0420	-0.0155	
7.7133	-16.4938	9.5685	0.3139	-0.2265	0.3830	0.3594	0.1644	-0.3444	-0.8518	0.0051	0.0412	-0.0133	
7.7443	-16.5145	9.6074	0.3138	-0.2264	0.3830	0.3649	0.1527	-0.3429	-0.8523	0.0048	0.0393	-0.0127	
7.7716	-16.5396	9.6446	0.3136	-0.2265	0.3830	0.3697	0.1375	-0.3558	-0.8476	0.0035	0.0368	-0.0157	
7.8012	-16.5609	9.6855	0.3135	-0.2264	0.3831	0.3622	0.1259	-0.3633	-0.8497	0.0006	0.0337	-0.0158	
7.8373	-16.5807	9.7172	0.3138	-0.2263	0.3827	0.3761	0.1177	-0.3642	-0.8440	0.0027	0.0321	-0.0159	
7.8691	-16.5987	9.7572	0.3138	-0.2260	0.3828	0.3787	0.0927	-0.3660	-0.8450	0.0009	0.0335	-0.0164	
7.8980	-16.6135	9.7993	0.3137	-0.2255	0.3830	0.3883	0.0543	-0.3664	-0.8436	-0.0004	0.0381	-0.0179	
7.9281	-16.6312	9.8418	0.3136	-0.2252	0.3833	0.3962	0.0257	-0.3639	-0.8425	-0.0009	0.0403	-0.0179	
7.9650	-16.6559	9.8782	0.3139	-0.2254	0.3832	0.4072	0.0033	-0.3693	-0.8353	-0.0003	0.0401	-0.0197	
7.9961	-16.6742	9.9173	0.3139	-0.2251	0.3832	0.4206	-0.0069	-0.3783	-0.8249	0.0018	0.0374	-0.0214	
8.0250	-16.6926	9.9573	0.3137	-0.2249	0.3833	0.4294	-0.0270	-0.3815	-0.8181	0.0021	0.0373	-0.0221	
8.0578	-16.7151	9.9968	0.3138	-0.2249	0.3834	0.4400	-0.0515	-0.3853	-0.8093	0.0024	0.0382	-0.0234	
8.0894	-16.7378	10.0403	0.3138	-0.2249	0.3837	0.4364	-0.0711	-0.3812	-0.8123	0.0000	0.0379	-0.0213	
8.1219	-16.7597	10.0794	0.3139	-0.2249	0.3837	0.4394	-0.0924	-0.3775	-0.8099	-0.0009	0.0383	-0.0202	
8.1535	-16.7863	10.1184	0.3139	-0.2251	0.3838	0.4429	-0.1091	-0.3820	-0.8039	-0.0008	0.0370	-0.0210	
8.1880	-16.8017	10.1609	0.3141	-0.2247	0.3840	0.4435	-0.1221	-0.3892	-0.7984	-0.0011	0.0345	-0.0216	
8.2238	-16.8199	10.2042	0.3143	-0.2245	0.3843	0.4417	-0.1380	-0.4028	-0.7899	-0.0015	0.0321	-0.0240	
8.2540	-16.8383	10.2461	0.3143	-0.2242	0.3845	0.4421	-0.1528	-0.4114	-0.7824	-0.0016	0.0305	-0.0249	
8.2858	-16.8597	10.2821	0.3143	-0.2242	0.3843	0.4367	-0.1722	-0.4154	-0.7792	-0.0035	0.0300	-0.0250	
8.3135	-16.8784	10.3158	0.3141	-0.2239	0.3841	0.4453	-0.1951	-0.4157	-0.7685	-0.0028	0.0318	-0.0252	
8.3359	-16.9022	10.3469	0.3136	-0.2240	0.3837	0.4522	-0.2119	-0.4169	-0.7595	-0.0018	0.0321	-0.0249	
8.3647	-16.9237	10.3850	0.3134	-0.2240	0.3837	0.4511	-0.2189	-0.4212	-0.7563	-0.0018	0.0293	-0.0238	
8.3932	-16.9419	10.4279	0.3133	-0.2237	0.3839	0.4488	-0.2444	-0.4282	-0.7451	-0.0029	0.0302	-0.0260	
8.4246	-16.9648	10.4653	0.3133	-0.2238	0.3838	0.4373	-0.2535	-0.4405	-0.7424	-0.0043	0.0264	-0.0267	
8.4573	-16.9866	10.4987	0.3133	-0.2237	0.3836	0.4413	-0.2647	-0.4542	-0.7274	-0.0021	0.0248	-0.0286	
8.4895	-17.0038	10.5422	0.3134	-0.2235	0.3839	0.4420	-0.2751	-0.4679	-0.7142	-0.0007	0.0230	-0.0301	
8.5199	-17.0214	10.5801	0.3133	-0.2232	0.3838	0.4498	-0.2809	-0.4841	-0.6962	0.0027	0.0211	-0.0317	
8.5559	-17.0433	10.6222	0.3136	-0.2232	0.3840	0.4398	-0.2897	-0.4896	-0.6955	0.0004	0.0189	-0.0302	
8.5852	-17.0711	10.6673	0.3135	-0.2235	0.3844	0.4442	-0.3066	-0.5031	-0.6748	0.0021	0.0198	-0.0329	
8.6146	-17.0889	10.7025	0.3134	-0.2232	0.3842	0.4618	-0.3262	-0.5085	-0.6494	0.0053	0.0229	-0.0341	
8.6439	-17.1060	10.7400	0.3133	-0.2229	0.3842	0.4708	-0.3350	-0.5150	-0.6333	0.0072	0.0228	-0.0334	
8.6728	-17.1375	10.7807	0.3131	-0.2234	0.3843	0.4773	-0.3412	-0.5220	-0.6193	0.0087	0.0219	-0.0327	
8.7000	-17.1555	10.8229	0.3129	-0.2232	0.3845	0.4756	-0.3516	-0.5395	-0.5993	0.0098	0.0206	-0.0352	
8.7372	-17.1772	10.8622	0.3132	-0.2232	0.3845	0.4740	-0.3582	-0.5346	-0.6021	0.0069	0.0195	-0.0307	
8.7692	-17.2020	10.9010	0.3133	-0.2233	0.3846	0.4767	-0.3837	-0.5396	-0.5780	0.0064	0.0225	-0.0334	
8.7939	-17.2240	10.9353	0.3129	-0.2233	0.3843	0.4902	-0.3849	-0.5465	-0.5598	0.0101	0.0219	-0.0320	
8.8262	-17.2439	10.9730	0.3130	-0.2231	0.3843	0.4921	-0.4009	-0.5563	-0.5361	0.0107	0.0226	-0.0342	
8.8587	-17.2640	11.0173	0.3130	-0.2230	0.3846	0.5042	-0.4064	-0.5551	-0.5225	0.0119	0.0231	-0.0315	
8.8934	-17.2872	11.0537	0.3132	-0.2231	0.3845	0.5109	-0.4196	-0.5577	-0.5018	0.0124	0.0243	-0.0318	
8.9246	-17.3087	11.0915	0.3132	-0.2230	0.3845	0.5098	-0.4298	-0.5685	-0.4818	0.0128	0.0234	-0.0332	
8.9624	-17.3325	11.1290	0.3135	-0.2231	0.3844	0.5169	-0.4378	-0.5730	-0.4614	0.0142	0.0236	-0.0329	
8.9841	-17.3558	11.1711	0.3130	-0.2232	0.3846	0.5134	-0.4472	-0.5810	-0.4462	0.0133	0.0225	-0.0334	
9.0139	-17.3780	11.2108	0.3130	-0.2232	0.3847	0.5138	-0.4560	-0.5830	-0.4342	0.0123	0.0220	-0.0323	
9.0469	-17.4023	11.2526	0.3130	-0.2233	0.3848	0.5304	-0.4598	-0.5828	-0.4095	0.0154	0.0239	-0.0309	
9.0768	-17.4249	11.2945	0.3130	-0.2233	0.3850	0.5328	-0.4604	-0.5840	-0.4051	0.0144	0.0220	-0.0278	
9.1094	-17.4410	11.3355	0.3130	-0.2230	0.3852	0.5351	-0.4673	-0.5902	-0.3833	0.0154	0.0220	-0.0288	
9.1390	-17.4677	11.3761	0.3129	-0.2232	0.3853	0.5284	-0.4674	-0.6065	-0.3674	0.0165	0.0188	-0.0300	
9.1703	-17.4959	11.4150	0.3130	-0.2235	0.3853	0.5350	-0.4784	-0.6053	-0.3439	0.0166	0.0208	-0.0303	
9.2057	-17.5132	11.4555	0.3132	-0.2232	0.3854	0.5396	-0.4856	-0.6086	-0.3202	0.0175	0.0216	-0.0307	
9.2338	-17.5359	11.5025	0.3130	-0.2232	0.3858	0.5567	-0.4832	-0.6107	-0.2895	0.0217	0.0238	-0.0296	
9.2644	-17.5578	11.5382	0.3130	-0.2232	0.3857	0.5712	-0.4909	-0.5984	-0.2744	0.0201	0.0264	-0.0265	
9.2970	-17.5874	11.5779	0.3130	-0.2236	0.3857	0.5883	-0.4842	-0.6008	-0.2419	0.0249	0.0280	-0.0255	
9.3250	-17.6081	11.6222	0.3129	-0.2235	0.3860	0.5967	-0.4921	-0.5964	-0.2141	0.0248	0.0299	-0.0261	
9.3587	-17.6268	11.6525	0.3130	-0.2233	0.3856	0.6049	-0.4990	-0.5902	-0.1918	0.0239	0.0311	-0.0254	
9.3882	-17.6527	11.6905	0.3129	-0.2235	0.3856	0.6103	-0.4908	-0.5983	-0.1703	0.0265	0.0292	-0.0246	
9.4194	-17.6732	11.7274	0.3129	-0.2234	0.3855	0.6194	-0.4988	-0.5866	-0.1546	0.0238	0.0308	-0.0231	
9.4469	-17.6982	11.7668	0.3127	-0.2235	0.3855	0.6237	-0.5003	-0.5841	-0.1407	0.0226	0.0300	-0.0220	
9.4736	-17.7196	11.8005	0.3125	-0.2235	0.3853	0.6298	-0.5023	-0.5826	-0.1058	0.0248	0.0313	-0.0235	
9.5055	-17.7421	11.8410	0.3125	-0.2235	0.3854	0.6365	-0.5110	-0.5732	-0.0689	0.0253	0.0341	-0.0254	
9.5342	-17.7659	11.8795	0.3124	-0.2236	0.3854	0.6504	-0.5050	-0.5658	-0.0431	0.0268	0.0358	-0.0232	
9.5593	-17.7902	11.9142	0.3121	-0.2237	0.3852	0.6650	-0.5099	-0.5454	-0.0118	0.0258	0.0399	-0.0225	
9.5956	-17.8166	11.9550	0.3123	-0.2239	0.3853	0.6813	-0.5091	-0.5261	0.0107	0.0248	0.0427	-0.0201	
9.6223	-17.8379	11.9937	0.3121	-0.2238	0.3853	0.6893	-0.5152	-0.5096	0.0227	0.0211	0.0430	-0.0190	
9.6540	-17.8670	12.0292	0.3121	-0.2241	0.3852	0.6952	-0.5100	-0.5047	0.0454	0.0225	0.0422	-0.0182	
9.6856	-17.8930	12.0728	0.3122	-0.2243	0.3854	0.7071	-0.5039	-0.4890	0.0805	0.0246	0.0451	-0.0178	
9.7154	-17.9161	12.1042	0.3121	-0.2243	0.3851	0.7175	-0.5004	-0.4757	0.0947	0.0230	0.0450	-0.0157	
9.7416	-17.9353	12.1449	0.3119	-0.2242	0.3852	0.7135	-0.4973	-0.4807	0.1158	0.0246	0.0413	-0.0168	
9.7759	-17.9532	12.1822	0.3120	-0.2240	0.3851	0.7185	-0.4952	-0.4734	0.1241	0.0226	0.0395	-0.0154	
9.8072	-17.9743	12.2163	0.3120	-0.2239	0.3849	0.7184	-0.4885	-0.4712	0.1524	0.0252	0.0387	-0.0158	
9.8424	-17.9983	12.2532	0.3122	-0.2240	0.3848	0.7293	-0.4800	-0.4585	0.1670	0.0243	0.0394	-0.0133	
9.8693	-18.0199	12.2921	0.3120	-0.2239	0.3848	0.7358	-0.4710	-0.4469	0.1920	0.0252	0.0405	-0.0126	
9.8975	-18.0403	12.3352	0.3119	-0.2238	0.3851	0.7458	-0.4578	-0.4381	0.2065	0.0253	0.0406	-0.0100	
9.9281	-18.0662	12.3756	0.3118	-0.2240	0.3852	0.7476	-0.4537	-0.4343	0.2174	0.0243	0.0382	-0.0096	
9.9587	-18.0869	12.4135	0.3118	-0.2239	0.3851	0.7530	-0.4580	-0.4114	0.2328	0.0208	0.0397	-0.0108	
9.9912	-18.1057	12.4536	0.3119	-0.2238	0.3852	0.7673	-0.4397	-0.4036	0.2368	0.0203	0.0394	-0.0061	
10.0212	-18.1316	12.4941	0.3118	-0.2239	0.3853	0.7722	-0.4367	-0.3915	0.2453	0.0183	0.0385	-0.0059	
10.0560	-18.1515	12.5275	0.3120	-0.2238	0.3851	0.7761	-0.4350	-0.3737	0.2620	0.0172	0.0393	-0.0067	
10.0907	-18.1766	12.5651	0.3121	-0.2239	0.3850	0.7791	-0.4386	-0.3548	0.2739	0.0148	0.0395	-0.0081	
10.1214	-18.2009	12.6019	0.3121	-0.2240	0.3849	0.7814	-0.4340	-0.3412	0.2910	0.0149	0.0395	-0.0083	
10.1534	-18.2200	12.6405	0.3121	-0.2239	0.3849	0.7848	-0.4360	-0.3284	0.2946	0.0123	0.0379	-0.0085	
10.1796	-18.2387	12.6794	0.3119	-0.2237	0.3850	0.7870	-0.4403	-0.3019	0.3093	0.0101	0.0396	-0.0104	
10.2086	-18.2572	12.7237	0.3118	-0.2235	0.3852	0.7957	-0.4331	-0.2857	0.3132	0.0084	0.0397	-0.0086	
10.2400	-18.2758	12.7613	0.3118	-0.2234	0.3852	0.7968	-0.4348	-0.2609	0.3284	0.0073	0.0411	-0.0102	
10.2746	-18.2957	12.7955	0.3120	-0.2232	0.3850	0.8003	-0.4309	-0.2449	0.3376	0.0067	0.0408	-0.0097	
10.3026	-18.3128	12.8320	0.3118	-0.2230	0.3849	0.8094	-0.4285	-0.2255	0.3333	0.0032	0.0403	-0.0084	
10.3344	-18.3426	12.8720	0.3119	-0.2234	0.3850	0.7993	-0.4360	-0.2175	0.3527	0.0053	0.0376	-0.0116	
10.3665	-18.3620	12.9142	0.3119	-0.2232	0.3851	0.8006	-0.4292	-0.1966	0.3687	0.0058	0.0393	-0.0113	
10.3945	-18.3812	12.9502	0.3118	-0.2231	0.3850	0.7998	-0.4312	-0.1725	0.3802	0.0046	0.0401	-0.0128	
10.4240	-18.4076	12.9903	0.3117	-0.2233	0.3851	0.8058	-0.4223	-0.1454	0.3887	0.0031	0.0425	-0.0115	
10.4538	-18.4303	13.0299	0.3116	-0.2233	0.3851	0.8013	-0.4264	-0.1304	0.3992	0.0032	0.0408	-0.0132	
10.4855	-18.4506	13.0688	0.3116	-0.2232	0.3852	0.8055	-0.4261	-0.0949	0.4008	-0.0006	0.0432	-0.0139	
10.5154	-18.4713	13.1111	0.3116	-0.2231	0.3853	0.8069	-0.4199	-0.0794	0.4082	-0.0003	0.0426	-0.0128	
10.5481	-18.4959	13.1462	0.3117	-0.2232	0.3852	0.8024	-0.4287	-0.0590	0.4114	-0.0017	0.0409	-0.0152	
10.5790	-18.5167	13.1885	0.3116	-0.2232	0.3853	0.7979	-0.4289	-0.0357	0.4218	-0.0016	0.0413	-0.0163	
10.6105	-18.5347	13.2311	0.3117	-0.2230	0.3855	0.7922	-0.4278	-0.0120	0.4347	-0.0010	0.0421	-0.0172	
10.6427	-18.5566	13.2724	0.3117	-0.2229	0.3856	0.7836	-0.4374	0.0065	0.4414	-0.0009	0.0402	-0.0198	
10.6808	-18.5782	13.3099	0.3120	-0.2229	0.3856	0.7812	-0.4346	0.0300	0.4471	-0.0017	0.0408	-0.0195	
10.7162	-18.5994	13.3515	0.3122	-0.2229	0.3857	0.7810	-0.4337	0.0595	0.4455	-0.0044	0.0417	-0.0198	
10.7455	-18.6188	13.3912	0.3121	-0.2227	0.3858	0.7782	-0.4348	0.0667	0.4492	-0.0034	0.0387	-0.0189	
10.7755	-18.6392	13.4285	0.3121	-0.2227	0.3857	0.7850	-0.4359	0.0753	0.4355	-0.0064	0.0350	-0.0171	
10.8041	-18.6582	13.4641	0.3119	-0.2225	0.3856	0.7781	-0.4360	0.0916	0.4428	-0.0053	0.0346	-0.0175	
10.8354	-18.6773	13.5023	0.3119	-0.2224	0.3856	0.7786	-0.4234	0.1128	0.4492	-0.0058	0.0365	-0.0151	
10.8693	-18.7018	13.5437	0.3121	-0.2225	0.3857	0.7754	-0.4191	0.1385	0.4513	-0.0070	0.0377	-0.0154	
10.9023	-18.7215	13.5881	0.3121	-0.2224	0.3859	0.7608	-0.4156	0.1664	0.4697	-0.0046	0.0403	-0.0170	
10.9338	-18.7392	13.6263	0.3121	-0.2222	0.3859	0.7486	-0.4125	0.1930	0.4815	-0.0036	0.0419	-0.0182	
10.9640	-18.7617	13.6627	0.3121	-0.2222	0.3858	0.7416	-0.4087	0.2052	0.4912	-0.0020	0.0407	-0.0173	
10.9935	-18.7805	13.7054	0.3120	-0.2220	0.3860	0.7405	-0.4170	0.2241	0.4780	-0.0051	0.0379	-0.0192	
11.0204	-18.8025	13.7446	0.3119	-0.2220	0.3860	0.7264	-0.4272	0.2411	0.4817	-0.0037	0.0362	-0.0219	
11.0510	-18.8277	13.7781	0.3118	-0.2222	0.3858	0.7187	-0.4364	0.2494	0.4812	-0.0028	0.0329	-0.0227	
11.0830	-18.8473	13.8200	0.3119	-0.2221	0.3860	0.7071	-0.4439	0.2666	0.4816	-0.0025	0.0319	-0.0244	
11.1153	-18.8673	13.8572	0.3119	-0.2220	0.3859	0.6998	-0.4383	0.2864	0.4860	-0.0029	0.0330	-0.0233	
11.1474	-18.8913	13.9005	0.3119	-0.2220	0.3861	0.6907	-0.4417	0.2985	0.4889	-0.0020	0.0317	-0.0234	
11.1753	-18.9118	13.9386	0.3118	-0.2220	0.3861	0.6827	-0.4507	0.3051	0.4882	-0.0010	0.0287	-0.0238	
11.2077	-18.9329	13.9816	0.3119	-0.2219	0.3863	0.6689	-0.4561	0.3157	0.4949	0.0010	0.0279	-0.0243	
11.2399	-18.9547	14.0175	0.3119	-0.2219	0.3861	0.6544	-0.4634	0.3232	0.5028	0.0035	0.0267	-0.0246	
11.2675	-18.9727	14.0562	0.3118	-0.2217	0.3861	0.6435	-0.4740	0.3393	0.4963	0.0023	0.0253	-0.0268	
11.3047	-18.9974	14.0911	0.3120	-0.2218	0.3860	0.6329	-0.4756	0.3449	0.5045	0.0042	0.0246	-0.0252	
11.3316	-19.0203	14.1289	0.3118	-0.2219	0.3860	0.6326	-0.4751	0.3487	0.5032	0.0032	0.0227	-0.0228	
11.3618	-19.0417	14.1698	0.3118	-0.2218	0.3861	0.6255	-0.4820	0.3633	0.4947	0.0013	0.0215	-0.0242	
11.3889	-19.0629	14.2071	0.3116	-0.2218	0.3860	0.6039	-0.4801	0.3806	0.5099	0.0037	0.0244	-0.0244	
11.4169	-19.0859	14.2443	0.3115	-0.2218	0.3859	0.5755	-0.4781	0.4008	0.5287	0.0069	0.0280	-0.0254	
11.4466	-19.1051	14.2793	0.3114	-0.2217	0.3858	0.5623	-0.4821	0.4190	0.5252	0.0055	0.0279	-0.0268	
11.4761	-19.1253	14.3156	0.3114	-0.2216	0.3857	0.5429	-0.4839	0.4360	0.5299	0.0061	0.0289	-0.0277	
11.5047	-19.1468	14.3587	0.3113	-0.2216	0.3859	0.5238	-0.4842	0.4491	0.5380	0.0074	0.0295	-0.0276	
11.5366	-19.1711	14.3972	0.3113	-0.2217	0.3859	0.5107	-0.4826	0.4650	0.5386	0.0063	0.0298	-0.0275	
11.5677	-19.1947	14.4400	0.3113	-0.2217	0.3861	0.4951	-0.4904	0.4731	0.5393	0.0075	0.0282	-0.0281	
11.6044	-19.2174	14.4808	0.3115	-0.2218	0.3861	0.4831	-0.4962	0.4952	0.5248	0.0042	0.0272	-0.0309	
11.6379	-19.2383	14.5170	0.3116	-0.2217	0.3860	0.4706	-0.4997	0.5093	0.5192	0.0033	0.0264	-0.0314	
11.6714	-19.2616	14.5528	0.3117	-0.2218	0.3859	0.4369	-0.5012	0.5262	0.5299	0.0067	0.0292	-0.0327	
11.7027	-19.2836	14.5903	0.3117	-0.2217	0.3859	0.4207	-0.5119	0.5320	0.5275	0.0081	0.0271	-0.0330	
11.7377	-19.3040	14.6306	0.3119	-0.2217	0.3860	0.4018	-0.5204	0.5380	0.5277	0.0099	0.0259	-0.0332	
11.7684	-19.3275	14.6709	0.3118	-0.2217	0.3860	0.3752	-0.5260	0.5447	0.5346	0.0127	0.0265	-0.0332	
11.7962	-19.3514	14.7087	0.3117	-0.2218	0.3860	0.3661	-0.5250	0.5500	0.5371	0.0119	0.0256	-0.0307	
11.8260	-19.3705	14.7421	0.3117	-0.2217	0.3858	0.3458	-0.5342	0.5601	0.5304	0.0121	0.0245	-0.0325	
11.8573	-19.3916	14.7778	0.3117	-0.2216	0.3857	0.3276	-0.5298	0.5698	0.5362	0.0120	0.0258	-0.0310	
11.8889	-19.4153	14.8130	0.3117	-0.2217	0.3855	0.3150	-0.5227	0.5758	0.5445	0.0115	0.0266	-0.0280	
11.9171	-19.4356	14.8515	0.3116	-0.2216	0.3855	0.2980	-0.5232	0.5841	0.5444	0.0114	0.0264	-0.0279	
11.9463	-19.4564	14.8896	0.3115	-0.2216	0.3855	0.2723	-0.5189	0.5961	0.5487	0.0119	0.0283	-0.0283	
11.9798	-19.4783	14.9304	0.3116	-0.2216	0.3856	0.2482	-0.5269	0.5894	0.5602	0.0165	0.0280	-0.0263	
12.0115	-19.5006	14.9710	0.3116	-0.2216	0.3857	0.2139	-0.5242	0.6006	0.5643	0.0178	0.0305	-0.0280	
12.0395	-19.5240	15.0116	0.3115	-0.2216	0.3858	0.1980	-0.5287	0.5947	0.5730	0.0198	0.0293	-0.0253	
12.0707	-19.5484	15.0528	0.3115	-0.2217	0.3859	0.1844	-0.5397	0.5941	0.5678	0.0202	0.0261	-0.0256	
12.1059	-19.5671	15.0900	0.3116	-0.2216	0.3858	0.1577	-0.5395	0.5938	0.5757	0.0221	0.0276	-0.0248	
12.1388	-19.5861	15.1317	0.3117	-0.2214	0.3859	0.1325	-0.5314	0.6059	0.5770	0.0205	0.0293	-0.0257	
12.1707	-19.6071	15.1704	0.3117	-0.2214	0.3859	0.1052	-0.5252	0.6078	0.5861	0.0214	0.0314	-0.0247	
12.2051	-19.6297	15.2082	0.3118	-0.2214	0.3859	0.0868	-0.5208	0.6151	0.5857	0.0198	0.0312	-0.0249	
12.2412	-19.6531	15.2464	0.3120	-0.2215	0.3859	0.0637	-0.5074	0.6249	0.5899	0.0178	0.0333	-0.0247	
12.2725	-19.6774	15.2866	0.3120	-0.2215	0.3860	0.0475	-0.5011	0.6330	0.5884	0.0159	0.0327	-0.0249	
12.3026	-19.6976	15.3243	0.3120	-0.2215	0.3859	0.0304	-0.4959	0.6369	0.5897	0.0153	0.0324	-0.0243	
12.3328	-19.7164	15.3602	0.3120	-0.2213	0.3858	0.0048	-0.5011	0.6278	0.5959	0.0115	0.0325	-0.0259	
12.3652	-19.7354	15.3984	0.3120	-0.2212	0.3858	0.0186	0.4871	-0.6283	-0.6063	0.0118	0.0353	-0.0239	
12.3944	-19.7576	15.4391	0.3119	-0.2212	0.3859	0.0418	0.4791	-0.6264	-0.6135	0.0131	0.0364	-0.0225	
12.4278	-19.7814	15.4768	0.3120	-0.2213	0.3859	0.0651	0.4749	-0.6193	-0.6220	0.0154	0.0372	-0.0205	
12.4565	-19.8042	15.5187	0.3119	-0.2213	0.3860	0.0889	0.4649	-0.6204	-0.6253	0.0156	0.0380	-0.0205	
12.4863	-19.8267	15.5595	0.3119	-0.2213	0.3861	0.1051	0.4597	-0.6118	-0.6355	0.0166	0.0380	-0.0176	
12.5180	-19.8508	15.6048	0.3119	-0.2214	0.3863	0.1281	0.4503	-0.6121	-0.6372	0.0166	0.0383	-0.0179	
12.5475	-19.8751	15.6447	0.3118	-0.2215	0.3864	0.1222	0.4514	-0.5954	-0.6553	0.0163	0.0356	-0.0114	
12.5774	-19.8950	15.6844	0.3118	-0.2214	0.3864	0.1417	0.4418	-0.5849	-0.6653	0.0173	0.0370	-0.0094	
12.6083	-19.9210	15.7211	0.3118	-0.2215	0.3863	0.1598	0.4321	-0.5798	-0.6720	0.0171	0.0375	-0.0088	
12.6392	-19.9395	15.7593	0.3118	-0.2214	0.3863	0.1842	0.4152	-0.5751	-0.6802	0.0169	0.0400	-0.0086	
12.6710	-19.9638	15.8003	0.3118	-0.2215	0.3864	0.1975	0.4118	-0.5689	-0.6843	0.0172	0.0384	-0.0078	
12.7001	-19.9811	15.8379	0.3117	-0.2213	0.3864	0.2168	0.3972	-0.5711	-0.6849	0.0158	0.0387	-0.0094	
12.7314	-20.0014	15.8756	0.3117	-0.2212	0.3863	0.2377	0.3862	-0.5615	-0.6921	0.0166	0.0399	-0.0083	
12.7651	-20.0253	15.9119	0.3118	-0.2213	0.3862	0.2547	0.3668	-0.5545	-0.7022	0.0152	0.0420	-0.0072	
12.7976	-20.0508	15.9527	0.3118	-0.2214	0.3863	0.2711	0.3495	-0.5462	-0.7113	0.0142	0.0434	-0.0062	
12.8301	-20.0736	15.9913	0.3119	-0.2215	0.3863	0.2926	0.3238	-0.5443	-0.7163	0.0125	0.0459	-0.0073	
12.8607	-20.0976	16.0326	0.3119	-0.2215	0.3864	0.3117	0.3022	-0.5406	-0.7205	0.0113	0.0471	-0.0079	
12.8888	-20.1191	16.0728	0.3118	-0.2215	0.3865	0.3414	0.2900	-0.5388	-0.7135	0.0134	0.0469	-0.0105	
12.9154	-20.1412	16.1097	0.3116	-0.2215	0.3864	0.3608	0.2623	-0.5284	-0.7222	0.0119	0.0501	-0.0096	
12.9485	-20.1642	16.1526	0.3117	-0.2215	0.3866	0.3823	0.2490	-0.5209	-0.7214	0.0129	0.0496	-0.0099	
12.9800	-20.1843	16.1939	0.3117	-0.2215	0.3867	0.3990	0.2215	-0.5227	-0.7201	0.0105	0.0503	-0.0121	
13.0107	-20.2070	16.2328	0.3117	-0.2215	0.3867	0.4104	0.2039	-0.5260	-0.7168	0.0089	0.0483	-0.0139	
13.0456	-20.2266	16.2675	0.3118	-0.2214	0.3865	0.4163	0.1797	-0.5237	-0.7215	0.0059	0.0482	-0.0136	
13.0759	-20.2475	16.3089	0.3118	-0.2213	0.3866	0.4231	0.1671	-0.5086	-0.7315	0.0055	0.0476	-0.0099	
13.1065	-20.2705	16.3498	0.3117	-0.2214	0.3867	0.4434	0.1525	-0.4978	-0.7296	0.0071	0.0478	-0.0095	
13.1383	-20.2904	16.3858	0.3118	-0.2213	0.3866	0.4368	0.1486	-0.4933	-0.7388	0.0050	0.0432	-0.0068	
13.1704	-20.3157	16.4242	0.3118	-0.2214	0.3866	0.4503	0.1301	-0.4805	-0.7411	0.0049	0.0443	-0.0059	
13.2011	-20.3348	16.4675	0.3118	-0.2213	0.3868	0.4657	0.1133	-0.4708	-0.7406	0.0054	0.0447	-0.0058	
13.2327	-20.3561	16.5022	0.3118	-0.2213	0.3866	0.4852	0.0929	-0.4614	-0.7367	0.0063	0.0460	-0.0066	
13.2632	-20.3777	16.5409	0.3118	-0.2212	0.3866	0.5069	0.0703	-0.4512	-0.7308	0.0073	0.0478	-0.0078	
13.2967	-20.3986	16.5785	0.3118	-0.2212	0.3866	0.5179	0.0458	-0.4446	-0.7294	0.0059	0.0484	-0.0088	
13.3252	-20.4197	16.6138	0.3118	-0.2212	0.3865	0.5197	0.0168	-0.4490	-0.7271	0.0027	0.0476	-0.0119	
13.3562	-20.4440	16.6553	0.3117	-0.2212	0.3866	0.5160	0.0131	-0.4457	-0.7326	0.0015	0.0429	-0.0098	
13.3852	-20.4693	16.6948	0.3117	-0.2214	0.3866	0.5221	0.0002	-0.4461	-0.7273	0.0017	0.0407	-0.0110	
13.4198	-20.4937	16.7369	0.3118	-0.2214	0.3867	0.5176	-0.0252	-0.4435	-0.7316	-0.0020	0.0404	-0.0116	
13.4507	-20.5159	16.7756	0.3118	-0.2214	0.3867	0.5157	-0.0431	-0.4398	-0.7343	-0.0039	0.0393	-0.0112	
13.4813	-20.5380	16.8121	0.3118	-0.2214	0.3866	0.5242	-0.0697	-0.4417	-0.7247	-0.0039	0.0399	-0.0144	
13.5090	-20.5574	16.8547	0.3116	-0.2213	0.3868	0.5152	-0.1023	-0.4462	-0.7248	-0.0081	0.0398	-0.0171	
13.5425	-20.5774	16.8952	0.3117	-0.2213	0.3868	0.5201	-0.1218	-0.4357	-0.7245	-0.0084	0.0403	-0.0155	
13.5726	-20.6001	16.9336	0.3117	-0.2213	0.3868	0.5065	-0.1476	-0.4421	-0.7259	-0.0119	0.0383	-0.0176	
13.6044	-20.6215	16.9719	0.3117	-0.2213	0.3868	0.5115	-0.1777	-0.4465	-0.7122	-0.0114	0.0390	-0.0212	
13.6399	-20.6387	17.0129	0.3119	-0.2211	0.3869	0.5163	-0.1927	-0.4372	-0.7110	-0.0110	0.0386	-0.0188	
13.6744	-20.6581	17.0549	0.3120	-0.2210	0.3870	0.5150	-0.2081	-0.4325	-0.7105	-0.0114	0.0373	-0.0177	
13.7066	-20.6769	17.0973	0.3120	-0.2209	0.3871	0.5292	-0.2272	-0.4385	-0.6903	-0.0075	0.0370	-0.0208	
13.7346	-20.7001	17.1347	0.3119	-0.2209	0.3871	0.5274	-0.2506	-0.4498	-0.6759	-0.0071	0.0356	-0.0247	
13.7680	-20.7239	17.1707	0.3120	-0.2210	0.3870	0.5188	-0.2743	-0.4471	-0.6753	-0.0099	0.0352	-0.0244	
13.8007	-20.7462	17.2087	0.3120	-0.2210	0.3870	0.5313	-0.2915	-0.4474	-0.6579	-0.0067	0.0355	-0.0253	
13.8314	-20.7693	17.2462	0.3120	-0.2210	0.3869	0.5363	-0.3078	-0.4344	-0.6552	-0.0072	0.0363	-0.0222	
13.8595	-20.7916	17.2832	0.3119	-0.2210	0.3869	0.5326	-0.3193	-0.4384	-0.6502	-0.0070	0.0336	-0.0223	
13.8897	-20.8096	17.3191	0.3119	-0.2209	0.3868	0.5468	-0.3281	-0.4323	-0.6379	-0.0039	0.0335	-0.0205	
13.9224	-20.8298	17.3552	0.3119	-0.2208	0.3867	0.5463	-0.3394	-0.4454	-0.6233	-0.0019	0.0306	-0.0231	
13.9530	-20.8514	17.3935	0.3119	-0.2208	0.3867	0.5442	-0.3646	-0.4419	-0.6128	-0.0035	0.0320	-0.0242	
13.9821	-20.8728	17.4327	0.3118	-0.2208	0.3867	0.5437	-0.3831	-0.4415	-0.6022	-0.0038	0.0319	-0.0247	
14.0130	-20.8954	17.4708	0.3118	-0.2208	0.3867	0.5402	-0.3944	-0.4432	-0.5973	-0.0042	0.0299	-0.0241	
14.0472	-20.9182	17.5073	0.3119	-0.2208	0.3866	0.5335	-0.4234	-0.4373	-0.5871	-0.0069	0.0318	-0.0255	
14.0803	-20.9424	17.5468	0.3120	-0.2209	0.3866	0.5490	-0.4388	-0.4297	-0.5671	-0.0036	0.0338	-0.0246	
14.1158	-20.9647	17.5850	0.3121	-0.2209	0.3866	0.5338	-0.4598	-0.4453	-0.5531	-0.0042	0.0312	-0.0290	
14.1467	-20.9875	17.6200	0.3121	-0.2209	0.3865	0.5375	-0.4760	-0.4483	-0.5324	-0.0020	0.0314	-0.0301	
14.1784	-21.0096	17.6590	0.3121	-0.2209	0.3865	0.5455	-0.4905	-0.4460	-0.5127	0.0001	0.0324	-0.0296	
14.2087	-21.0329	17.7017	0.3121	-0.2210	0.3866	0.5525	-0.4996	-0.4471	-0.4954	0.0025	0.0320	-0.0288	
14.2386	-21.0583	17.7431	0.3121	-0.2211	0.3867	0.5547	-0.5162	-0.4434	-0.4787	0.0026	0.0328	-0.0287	
14.2656	-21.0796	17.7813	0.3119	-0.2211	0.3867	0.5550	-0.5354	-0.4418	-0.4581	0.0028	0.0338	-0.0298	
14.2958	-21.1021	17.8176	0.3119	-0.2211	0.3866	0.5512	-0.5490	-0.4465	-0.4421	0.0032	0.0325	-0.0306	
14.3271	-21.1242	17.8586	0.3119	-0.2211	0.3867	0.5506	-0.5540	-0.4511	-0.4326	0.0041	0.0300	-0.0292	
14.3585	-21.1471	17.9024	0.3119	-0.2211	0.3869	0.5450	-0.5724	-0.4479	-0.4180	0.0024	0.0303	-0.0300	
14.3903	-21.1711	17.9423	0.3119	-0.2212	0.3869	0.5311	-0.5917	-0.4528	-0.4036	0.0009	0.0291	-0.0325	
14.4232	-21.1966	17.9844	0.3120	-0.2213	0.3870	0.5216	-0.6049	-0.4565	-0.3922	0.0002	0.0275	-0.0330	
14.4534	-21.2197	18.0256	0.3119	-0.2213	0.3871	0.5223	-0.6060	-0.4672	-0.3775	0.0035	0.0252	-0.0319	
14.4855	-21.2418	18.0652	0.3120	-0.2213	0.3871	0.5239	-0.6087	-0.4728	-0.3633	0.0055	0.0239	-0.0304	
14.5163	-21.2616	18.1038	0.3120	-0.2212	0.3871	0.5196	-0.6155	-0.4795	-0.3485	0.0064	0.0226	-0.0304	
14.5465	-21.2840	18.1411	0.3119	-0.2212	0.3871	0.5269	-0.6307	-0.4682	-0.3248	0.0064	0.0262	-0.0296	
14.5763	-21.3076	18.1820	0.3119	-0.2213	0.3872	0.5325	-0.6319	-0.4697	-0.3115	0.0081	0.0254	-0.0271	
14.6090	-21.3277	18.2174	0.3119	-0.2212	0.3871	0.5354	-0.6419	-0.4625	-0.2958	0.0074	0.0264	-0.0260	
14.6389	-21.3532	18.2563	0.3119	-0.2213	0.3871	0.5301	-0.6465	-0.4659	-0.2908	0.0066	0.0238	-0.0250	
14.6684	-21.3766	18.2948	0.3118	-0.2214	0.3871	0.5335	-0.6464	-0.4715	-0.2747	0.0091	0.0230	-0.0238	
14.6979	-21.3978	18.3338	0.3118	-0.2213	0.3871	0.5363	-0.6539	-0.4636	-0.2650	0.0076	0.0234	-0.0220	
14.7305	-21.4202	18.3717	0.3118	-0.2213	0.3870	0.5368	-0.6689	-0.4541	-0.2410	0.0069	0.0262	-0.0233	
14.7593	-21.4467	18.4096	0.3117	-0.2215	0.3870	0.5420	-0.6759	-0.4486	-0.2193	0.0079	0.0278	-0.0227	
14.7905	-21.4710	18.4470	0.3118	-0.2215	0.3870	0.5427	-0.6746	-0.4560	-0.2072	0.0098	0.0257	-0.0215	
14.8198	-21.4918	18.4864	0.3117	-0.2215	0.3870	0.5551	-0.6753	-0.4522	-0.1774	0.0130	0.0287	-0.0202	
14.8512	-21.5128	18.5249	0.3117	-0.2215	0.3870	0.5608	-0.6787	-0.4474	-0.1568	0.0135	0.0298	-0.0194	
14.8822	-21.5349	18.5637	0.3117	-0.2215	0.3870	0.5733	-0.6835	-0.4348	-0.1221	0.0152	0.0342	-0.0188	
14.9100	-21.5563	18.6029	0.3116	-0.2214	0.3870	0.5667	-0.6931	-0.4348	-0.0968	0.0152	0.0340	-0.0215	
14.9435	-21.5779	18.6423	0.3117	-0.2214	0.3870	0.5618	-0.6983	-0.4374	-0.0739	0.0160	0.0332	-0.0230	
14.9784	-21.6031	18.6805	0.3118	-0.2215	0.3870	0.5558	-0.7089	-0.4316	-0.0432	0.0160	0.0345	-0.0255	
15.0067	-21.6249	18.7176	0.3117	-0.2215	0.3870	0.5535	-0.7066	-0.4408	-0.0243	0.0181	0.0324	-0.0250	
15.0377	-21.6481	18.7594	0.3117	-0.2215	0.3871	0.5492	-0.7087	-0.4433	-0.0123	0.0175	0.0302	-0.0246	
15.0694	-21.6700	18.8001	0.3117	-0.2215	0.3871	0.5503	-0.7094	-0.4399	0.0150	0.0185	0.0315	-0.0244	
15.1025	-21.6927	18.8370	0.3118	-0.2215	0.3871	0.5591	-0.7040	-0.4356	0.0446	0.0206	0.0338	-0.0223	
15.1314	-21.7130	18.8772	0.3117	-0.2215	0.3871	0.5541	-0.7023	-0.4405	0.0741	0.0229	0.0336	-0.0235	
15.1605	-21.7363	18.9183	0.3116	-0.2215	0.3872	0.5505	-0.7034	-0.4421	0.0857	0.0218	0.0313	-0.0230	
15.1881	-21.7589	18.9580	0.3115	-0.2215	0.3872	0.5564	-0.6998	-0.4375	0.0993	0.0207	0.0312	-0.0204	
15.2184	-21.7794	18.9955	0.3115	-0.2215	0.3872	0.5564	-0.6991	-0.4382	0.1032	0.0189	0.0285	-0.0188	
15.2496	-21.8004	19.0362	0.3115	-0.2215	0.3872	0.5694	-0.6919	-0.4291	0.1163	0.0178	0.0299	-0.0150	
15.2787	-21.8249	19.0762	0.3114	-0.2215	0.3873	0.5803	-0.6861	-0.4138	0.1459	0.0179	0.0341	-0.0134	
15.3099	-21.8467	19.1184	0.3114	-0.2215	0.3874	0.5842	-0.6800	-0.4094	0.1692	0.0189	0.0350	-0.0129	
15.3401	-21.8708	19.1589	0.3114	-0.2216	0.3874	0.5949	-0.6763	-0.3897	0.1919	0.0169	0.0381	-0.0114	
15.3679	-21.8939	19.1981	0.3113	-0.2216	0.3875	0.5988	-0.6718	-0.3817	0.2109	0.0166	0.0383	-0.0109	
15.3991	-21.9164	19.2352	0.3113	-0.2216	0.3874	0.6020	-0.6746	-0.3658	0.2218	0.0134	0.0379	-0.0108	
15.4320	-21.9399	19.2696	0.3114	-0.2217	0.3873	0.5963	-0.6751	-0.3612	0.2416	0.0139	0.0367	-0.0125	
15.4659	-21.9618	19.3086	0.3114	-0.2216	0.3873	0.6017	-0.6683	-0.3488	0.2638	0.0139	0.0385	-0.0116	
15.4958	-21.9831	19.3454	0.3114	-0.2216	0.3872	0.6086	-0.6621	-0.3313	0.2852	0.0128	0.0406	-0.0106	
15.5273	-22.0018	19.3837	0.3114	-0.2215	0.3872	0.6143	-0.6572	-0.3184	0.2991	0.0115	0.0408	-0.0097	
