0.6681	-12.4148	0.0154	0.0000	0.0000	0.0000	0.2256	-0.3051	0.6530	-0.6555	0.0000	0.0000	0.0000	
0.3613	-11.7845	0.1914	-0.0304	0.0624	0.0174	0.2176	-0.3062	0.6410	-0.6696	-0.0016	-0.0005	-0.0079	
0.2310	-11.5562	0.0889	-0.0508	0.1157	-0.0139	0.1944	-0.2327	0.6438	-0.7075	-0.1052	-0.0326	-0.0493	
0.2003	-11.4189	0.0569	-0.0626	0.1683	-0.0287	0.1490	-0.1746	0.5955	-0.7687	-0.1260	-0.0588	-0.1061	
0.1968	-11.2718	0.0455	-0.0566	0.2203	-0.0494	0.1373	-0.1002	0.6126	-0.7803	-0.1275	-0.0732	-0.0375	
0.0845	-11.2822	-0.0118	-0.1062	0.2059	-0.0889	0.0957	-0.0816	0.5918	-0.8008	-0.1075	-0.0369	-0.0522	
0.0176	-11.2465	-0.0244	-0.1173	0.1920	-0.1367	0.0274	-0.0568	0.5923	-0.8050	-0.1135	-0.0138	-0.0394	
-0.0231	-11.1789	-0.1594	-0.1280	0.2347	-0.2450	0.0032	0.0176	-0.5701	0.8219	-0.1185	-0.0054	-0.0402	
-0.0443	-11.1860	-0.2527	-0.1218	0.2090	-0.2966	0.0482	-0.0148	-0.5487	0.8347	-0.1184	-0.0002	-0.0434	
-0.0354	-11.1248	-0.2766	-0.0391	0.2514	-0.3419	0.0937	-0.0296	-0.5362	0.8397	-0.1109	0.0108	-0.0373	
-0.1184	-11.0415	-0.3007	-0.0873	0.3261	-0.3606	0.1139	-0.0579	-0.5286	0.8416	-0.0961	0.0017	-0.0311	
-0.1674	-11.0128	-0.3933	-0.1149	0.3233	-0.4237	0.1634	-0.0640	-0.5059	0.8449	-0.0949	0.0142	-0.0338	
-0.0825	-11.0662	-0.5032	-0.0236	0.2420	-0.4855	0.2085	-0.0888	-0.4819	0.8461	-0.0982	0.0138	-0.0363	
-0.0208	-11.0274	-0.5738	0.0145	0.2744	-0.4664	0.2240	-0.1549	-0.4377	0.8588	-0.0983	-0.0053	-0.0482	
0.0179	-11.0786	-0.6683	0.0466	0.2118	-0.5062	0.2428	-0.1845	-0.4087	0.8612	-0.0934	-0.0082	-0.0494	
0.0539	-11.1272	-0.7740	0.0732	0.1576	-0.5559	0.2716	-0.2075	-0.3709	0.8637	-0.0918	-0.0065	-0.0525	
0.1025	-11.1447	-0.8528	0.1023	0.1403	-0.5717	0.2901	-0.2432	-0.3109	0.8718	-0.0909	-0.0089	-0.0617	
0.1408	-11.1727	-0.9183	0.1252	0.1071	-0.5759	0.3199	-0.2722	-0.2806	0.8633	-0.0913	-0.0098	-0.0597	
0.0875	-11.2311	-1.0078	0.0797	0.0505	-0.6036	0.3670	-0.2864	-0.2560	0.8478	-0.0934	-0.0055	-0.0555	
0.1011	-11.2541	-1.0238	0.0782	0.0357	-0.5715	0.3774	-0.3032	-0.2190	0.8486	-0.0878	-0.0057	-0.0568	
0.1551	-11.3316	-1.2057	0.1080	-0.0165	-0.6600	0.4010	-0.3139	-0.1876	0.8408	-0.0863	-0.0027	-0.0560	
0.2569	-11.4774	-1.2786	0.1659	-0.1061	-0.6697	0.4197	-0.3248	-0.1377	0.8366	-0.0857	-0.0002	-0.0590	
0.3601	-11.5880	-1.3851	0.2206	-0.1672	-0.7005	0.4520	-0.3260	-0.0936	0.8251	-0.0871	0.0048	-0.0593	
0.4123	-11.6443	-1.5100	0.2374	-0.1890	-0.7376	0.4736	-0.3306	-0.0405	0.8153	-0.0866	0.0086	-0.0621	
0.4545	-11.7239	-1.6214	0.2476	-0.2231	-0.7612	0.4972	-0.3372	0.0080	0.7992	-0.0870	0.0108	-0.0632	
0.4679	-11.7895	-1.6722	0.2408	-0.2475	-0.7485	0.5238	-0.3367	0.0478	0.7813	-0.0867	0.0133	-0.0619	
0.5451	-11.9042	-1.8033	0.2685	-0.2947	-0.7810	0.5511	-0.3260	0.0875	0.7637	-0.0872	0.0182	-0.0601	
0.5733	-11.8922	-1.8617	0.2696	-0.2742	-0.7723	0.5803	-0.3162	0.1262	0.7400	-0.0872	0.0217	-0.0580	
0.6018	-11.9267	-1.9259	0.2705	-0.2785	-0.7663	0.6108	-0.3085	0.1600	0.7117	-0.0882	0.0235	-0.0552	
0.5749	-11.9100	-2.0388	0.2445	-0.2590	-0.7847	0.6463	-0.2880	0.1956	0.6791	-0.0901	0.0286	-0.0515	
0.5983	-11.9323	-2.0648	0.2436	-0.2576	-0.7618	0.6696	-0.2603	0.2310	0.6570	-0.0892	0.0338	-0.0481	
0.6130	-11.9653	-2.1535	0.2389	-0.2616	-0.7682	0.7007	-0.2300	0.2673	0.6201	-0.0922	0.0388	-0.0442	
0.6098	-12.0528	-2.1865	0.2259	-0.2887	-0.7497	0.7298	-0.1984	0.2929	0.5857	-0.0941	0.0414	-0.0388	
0.6425	-12.0297	-2.2573	0.2300	-0.2670	-0.7481	0.7657	-0.1640	0.3143	0.5368	-0.0981	0.0434	-0.0323	
0.6850	-12.0442	-2.3228	0.2379	-0.2617	-0.7445	0.7921	-0.1309	0.3350	0.4933	-0.1001	0.0447	-0.0271	
0.7341	-12.0221	-2.3918	0.2480	-0.2424	-0.7421	0.8159	-0.1027	0.3661	0.4337	-0.1045	0.0460	-0.0253	
0.7310	-12.0401	-2.4685	0.2362	-0.2396	-0.7430	0.8381	-0.0563	0.3860	0.3807	-0.1084	0.0486	-0.0192	
0.7835	-12.0635	-2.5460	0.2475	-0.2390	-0.7447	0.8487	-0.0271	0.4031	0.3434	-0.1066	0.0483	-0.0161	
0.7848	-12.1228	-2.6068	0.2383	-0.2517	-0.7400	0.8568	0.0215	0.4177	0.3025	-0.1075	0.0505	-0.0104	
0.8315	-12.1805	-2.7060	0.2460	-0.2624	-0.7493	0.8691	0.0841	0.4196	0.2482	-0.1121	0.0515	-0.0012	
0.8126	-12.2388	-2.7764	0.2298	-0.2730	-0.7481	0.8797	0.1266	0.4145	0.1977	-0.1141	0.0485	0.0041	
0.8611	-12.2455	-2.8312	0.2388	-0.2650	-0.7418	0.8853	0.1840	0.4000	0.1543	-0.1152	0.0461	0.0128	
0.9188	-12.3073	-2.9117	0.2504	-0.2762	-0.7449	0.8920	0.2298	0.3757	0.1112	-0.1157	0.0403	0.0194	
0.9690	-12.3058	-3.0011	0.2588	-0.2657	-0.7501	0.8928	0.2744	0.3528	0.0536	-0.1188	0.0355	0.0245	
0.9717	-12.3111	-3.1101	0.2514	-0.2585	-0.7616	0.8929	0.3057	0.3334	0.0136	-0.1171	0.0305	0.0267	
0.9858	-12.3433	-3.1867	0.2478	-0.2601	-0.7618	0.8809	0.3516	0.3131	-0.0391	-0.1194	0.0287	0.0309	
1.0143	-12.4164	-3.2578	0.2490	-0.2749	-0.7605	0.8678	0.3865	0.3008	-0.0862	-0.1187	0.0279	0.0318	
1.0338	-12.4604	-3.3577	0.2476	-0.2800	-0.7684	0.8609	0.4148	0.2736	-0.1206	-0.1162	0.0222	0.0327	
1.0340	-12.5080	-3.3849	0.2403	-0.2861	-0.7540	0.8463	0.4465	0.2499	-0.1538	-0.1140	0.0198	0.0343	
1.0271	-12.5086	-3.4700	0.2313	-0.2779	-0.7571	0.8326	0.4730	0.2233	-0.1866	-0.1122	0.0159	0.0352	
1.0377	-12.5523	-3.5565	0.2277	-0.2823	-0.7608	0.8237	0.4868	0.1839	-0.2286	-0.1123	0.0091	0.0322	
1.0588	-12.5895	-3.6328	0.2274	-0.2848	-0.7612	0.8065	0.5075	0.1418	-0.2689	-0.1133	0.0035	0.0319	
1.0868	-12.6291	-3.7091	0.2290	-0.2881	-0.7615	0.7886	0.5345	0.0982	-0.2908	-0.1116	-0.0026	0.0339	
1.1187	-12.6784	-3.7486	0.2316	-0.2938	-0.7519	0.7710	0.5433	0.0638	-0.3275	-0.1106	-0.0049	0.0311	
1.1359	-12.7339	-3.8286	0.2301	-0.3010	-0.7533	0.7462	0.5646	0.0144	-0.3532	-0.1108	-0.0108	0.0322	
1.1661	-12.7650	-3.8845	0.2320	-0.3016	-0.7484	0.7285	0.5872	-0.0317	-0.3563	-0.1063	-0.0173	0.0342	
1.2051	-12.8338	-3.9449	0.2362	-0.3119	-0.7448	0.7009	0.5985	-0.0774	-0.3804	-0.1063	-0.0211	0.0334	
1.2421	-12.8621	-4.0195	0.2396	-0.3112	-0.7450	0.6770	0.5999	-0.1155	-0.4110	-0.1062	-0.0221	0.0301	
1.2681	-12.9167	-4.0558	0.2403	-0.3173	-0.7357	0.6529	0.6017	-0.1725	-0.4274	-0.1065	-0.0278	0.0276	
1.3032	-12.9491	-4.1048	0.2431	-0.3176	-0.7298	0.6242	0.5994	-0.2101	-0.4553	-0.1065	-0.0279	0.0254	
1.3156	-12.9564	-4.1707	0.2400	-0.3116	-0.7283	0.6029	0.6014	-0.2501	-0.4631	-0.1027	-0.0307	0.0241	
1.3346	-12.9891	-4.2497	0.2388	-0.3121	-0.7298	0.5753	0.5955	-0.2946	-0.4777	-0.1022	-0.0329	0.0212	
1.3624	-13.0139	-4.3478	0.2395	-0.3105	-0.7356	0.5473	0.5962	-0.3304	-0.4869	-0.0995	-0.0346	0.0205	
1.4009	-13.0536	-4.4065	0.2428	-0.3127	-0.7321	0.5166	0.5974	-0.3782	-0.4839	-0.0976	-0.0402	0.0199	
1.4331	-13.0680	-4.4672	0.2446	-0.3090	-0.7292	0.4761	0.5902	-0.4250	-0.4936	-0.0991	-0.0433	0.0191	
1.4639	-13.1129	-4.5368	0.2459	-0.3122	-0.7285	0.4535	0.5854	-0.4728	-0.4801	-0.0953	-0.0484	0.0159	
1.4803	-13.1264	-4.5898	0.2441	-0.3083	-0.7242	0.4100	0.5733	-0.5093	-0.4932	-0.0966	-0.0484	0.0159	
1.5135	-13.1761	-4.6801	0.2460	-0.3125	-0.7280	0.3716	0.5644	-0.5473	-0.4939	-0.0959	-0.0502	0.0148	
1.5390	-13.2001	-4.7557	0.2461	-0.3108	-0.7285	0.3314	0.5640	-0.5808	-0.4854	-0.0929	-0.0538	0.0152	
1.5849	-13.2140	-4.8317	0.2505	-0.3073	-0.7291	0.2981	0.5439	-0.6241	-0.4756	-0.0927	-0.0559	0.0112	
1.5933	-13.2469	-4.9036	0.2470	-0.3077	-0.7289	0.2603	0.5222	-0.6654	-0.4654	-0.0929	-0.0579	0.0080	
1.6323	-13.2988	-4.9828	0.2499	-0.3121	-0.7300	0.2180	0.5033	-0.7084	-0.4439	-0.0930	-0.0624	0.0046	
1.6366	-13.3460	-5.0638	0.2457	-0.3153	-0.7316	0.1882	0.4791	-0.7447	-0.4257	-0.0916	-0.0629	0.0002	
1.6715	-13.3818	-5.1140	0.2477	-0.3162	-0.7270	0.1526	0.4572	-0.7766	-0.4060	-0.0903	-0.0646	-0.0026	
1.7000	-13.4323	-5.1892	0.2485	-0.3199	-0.7274	0.1146	0.4386	-0.8053	-0.3826	-0.0888	-0.0666	-0.0050	
1.7238	-13.4691	-5.2481	0.2484	-0.3208	-0.7248	0.0906	0.4254	-0.8228	-0.3696	-0.0844	-0.0643	-0.0061	
1.7356	-13.4901	-5.3188	0.2458	-0.3186	-0.7245	0.0431	0.4066	-0.8452	-0.3435	-0.0838	-0.0679	-0.0070	
1.7479	-13.5081	-5.3769	0.2435	-0.3160	-0.7219	0.0145	0.3766	-0.8724	-0.3119	-0.0842	-0.0677	-0.0024	
1.7984	-13.5380	-5.4472	0.2484	-0.3157	-0.7215	0.0207	-0.3506	0.8940	0.2789	-0.0831	-0.0696	-0.0070	
1.8108	-13.5724	-5.5132	0.2462	-0.3162	-0.7203	0.0478	-0.3284	0.9105	0.2494	-0.0806	-0.0692	-0.0109	
1.8218	-13.5953	-5.5920	0.2437	-0.3145	-0.7215	0.0870	-0.3008	0.9262	0.2089	-0.0802	-0.0721	-0.0153	
1.8517	-13.6403	-5.6620	0.2448	-0.3169	-0.7210	0.1061	-0.2789	0.9421	0.1589	-0.0774	-0.0722	-0.0231	
1.8873	-13.6599	-5.7444	0.2467	-0.3147	-0.7228	0.1290	-0.2294	0.9582	0.1106	-0.0802	-0.0711	-0.0305	
1.9159	-13.7068	-5.8203	0.2474	-0.3174	-0.7233	0.1493	-0.1989	0.9672	0.0549	-0.0792	-0.0712	-0.0379	
1.9355	-13.7365	-5.9088	0.2465	-0.3169	-0.7261	0.1784	-0.1699	0.9690	0.0035	-0.0785	-0.0725	-0.0424	
1.9649	-13.7714	-5.9804	0.2474	-0.3174	-0.7258	0.1882	-0.1216	0.9734	-0.0482	-0.0807	-0.0689	-0.0489	
1.9842	-13.7948	-6.0550	0.2465	-0.3159	-0.7261	0.1942	-0.0726	0.9727	-0.1036	-0.0828	-0.0651	-0.0558	
1.9984	-13.8143	-6.1262	0.2448	-0.3138	-0.7258	0.1959	-0.0350	0.9679	-0.1560	-0.0826	-0.0606	-0.0614	
2.0160	-13.8598	-6.1935	0.2438	-0.3161	-0.7248	0.1847	0.0128	0.9602	-0.2107	-0.0846	-0.0537	-0.0677	
2.0423	-13.8881	-6.2738	0.2441	-0.3155	-0.7260	0.1772	0.0501	0.9469	-0.2645	-0.0847	-0.0483	-0.0727	
2.0825	-13.9155	-6.3330	0.2468	-0.3148	-0.7238	0.1656	0.1020	0.9297	-0.3125	-0.0878	-0.0421	-0.0760	
2.1052	-13.9432	-6.3921	0.2465	-0.3143	-0.7217	0.1502	0.1504	0.9123	-0.3511	-0.0900	-0.0355	-0.0766	
2.1279	-13.9885	-6.4681	0.2463	-0.3165	-0.7222	0.1387	0.1815	0.8888	-0.3982	-0.0892	-0.0312	-0.0792	
2.1758	-14.0203	-6.5364	0.2500	-0.3165	-0.7215	0.1303	0.2292	0.8621	-0.4326	-0.0914	-0.0278	-0.0782	
2.1858	-14.0701	-6.6050	0.2477	-0.3194	-0.7209	0.1057	0.2489	0.8354	-0.4806	-0.0896	-0.0211	-0.0814	
2.2142	-14.1130	-6.6576	0.2483	-0.3212	-0.7179	0.0784	0.2723	0.8096	-0.5161	-0.0887	-0.0143	-0.0811	
2.2289	-14.1472	-6.7315	0.2468	-0.3215	-0.7181	0.0562	0.3051	0.7867	-0.5359	-0.0888	-0.0102	-0.0766	
2.2353	-14.1879	-6.8073	0.2441	-0.3228	-0.7187	0.0264	0.3354	0.7494	-0.5702	-0.0903	-0.0049	-0.0776	
2.2482	-14.2244	-6.8708	0.2424	-0.3234	-0.7174	-0.0093	0.3760	0.7083	-0.5969	-0.0945	0.0002	-0.0765	
2.2778	-14.2724	-6.9280	0.2432	-0.3258	-0.7153	0.0330	-0.4119	-0.6708	0.6161	-0.0937	-0.0010	-0.0781	
2.2969	-14.3177	-6.9825	0.2424	-0.3276	-0.7128	0.0532	-0.4503	-0.6281	0.6324	-0.0930	-0.0025	-0.0788	
2.3324	-14.3688	-7.0319	0.2440	-0.3303	-0.7097	0.0739	-0.4748	-0.5906	0.6493	-0.0945	-0.0033	-0.0776	
2.3689	-14.4061	-7.1010	0.2457	-0.3309	-0.7094	0.1013	-0.5006	-0.5477	0.6633	-0.0976	-0.0032	-0.0749	
2.4010	-14.4426	-7.1629	0.2467	-0.3314	-0.7081	0.1229	-0.5277	-0.5058	0.6721	-0.0984	-0.0034	-0.0718	
2.4313	-14.4915	-7.2220	0.2475	-0.3337	-0.7065	0.1608	-0.5542	-0.4647	0.6727	-0.1035	-0.0026	-0.0654	
2.4624	-14.5203	-7.2847	0.2483	-0.3330	-0.7054	0.1978	-0.5751	-0.4220	0.6733	-0.1063	0.0005	-0.0602	
2.4887	-14.5551	-7.3578	0.2484	-0.3332	-0.7057	0.2318	-0.5988	-0.3765	0.6682	-0.1088	0.0020	-0.0560	
2.5068	-14.5924	-7.4305	0.2475	-0.3337	-0.7060	0.2693	-0.6167	-0.3352	0.6603	-0.1102	0.0045	-0.0506	
2.5069	-14.6375	-7.5186	0.2441	-0.3353	-0.7084	0.3090	-0.6356	-0.3065	0.6398	-0.1104	0.0043	-0.0420	
2.5195	-14.6859	-7.5951	0.2425	-0.3372	-0.7091	0.3401	-0.6515	-0.2786	0.6203	-0.1087	0.0039	-0.0357	
2.5445	-14.7370	-7.6689	0.2426	-0.3396	-0.7094	0.3780	-0.6634	-0.2489	0.5974	-0.1088	0.0047	-0.0293	
2.5533	-14.7737	-7.7408	0.2405	-0.3399	-0.7095	0.4203	-0.6754	-0.2045	0.5701	-0.1123	0.0060	-0.0253	
2.5612	-14.8099	-7.8037	0.2384	-0.3403	-0.7085	0.4584	-0.6851	-0.1636	0.5419	-0.1141	0.0067	-0.0215	
2.5773	-14.8243	-7.8756	0.2374	-0.3377	-0.7086	0.4936	-0.6871	-0.1377	0.5171	-0.1121	0.0078	-0.0165	
2.5899	-14.8553	-7.9351	0.2360	-0.3374	-0.7071	0.5304	-0.6828	-0.1056	0.4926	-0.1115	0.0102	-0.0123	
2.6080	-14.8770	-8.0050	0.2353	-0.3358	-0.7070	0.5651	-0.6790	-0.0736	0.4637	-0.1111	0.0114	-0.0085	
2.6297	-14.9140	-8.0728	0.2350	-0.3363	-0.7067	0.6000	-0.6765	-0.0368	0.4252	-0.1129	0.0112	-0.0048	
2.6533	-14.9467	-8.1466	0.2350	-0.3362	-0.7071	0.6214	-0.6733	-0.0043	0.4025	-0.1102	0.0120	-0.0039	
2.6689	-14.9902	-8.2241	0.2340	-0.3374	-0.7079	0.6520	-0.6620	0.0257	0.3697	-0.1100	0.0127	0.0000	
2.6962	-15.0175	-8.2945	0.2345	-0.3366	-0.7078	0.6903	-0.6424	0.0526	0.3294	-0.1110	0.0136	0.0062	
2.7144	-15.0470	-8.3697	0.2339	-0.3361	-0.7084	0.7108	-0.6327	0.0791	0.2991	-0.1087	0.0131	0.0077	
2.7357	-15.0867	-8.4382	0.2336	-0.3369	-0.7081	0.7287	-0.6224	0.1163	0.2605	-0.1094	0.0124	0.0081	
2.7528	-15.1100	-8.4956	0.2329	-0.3356	-0.7065	0.7425	-0.6142	0.1426	0.2292	-0.1068	0.0113	0.0080	
2.7745	-15.1403	-8.5627	0.2327	-0.3352	-0.7060	0.7597	-0.5948	0.1782	0.1924	-0.1074	0.0119	0.0097	
2.7973	-15.1587	-8.6296	0.2326	-0.3334	-0.7056	0.7902	-0.5690	0.1832	0.1418	-0.1069	0.0077	0.0171	
2.8144	-15.1848	-8.6937	0.2319	-0.3326	-0.7049	0.8081	-0.5453	0.2005	0.0997	-0.1061	0.0058	0.0204	
2.8298	-15.2162	-8.7571	0.2310	-0.3324	-0.7040	0.8243	-0.5223	0.2130	0.0589	-0.1045	0.0033	0.0234	
2.8473	-15.2647	-8.8312	0.2303	-0.3341	-0.7045	0.8355	-0.4915	0.2441	0.0207	-0.1054	0.0042	0.0254	
2.8634	-15.2983	-8.9119	0.2295	-0.3341	-0.7057	0.8493	-0.4662	0.2490	-0.0241	-0.1036	-0.0001	0.0284	
2.8928	-15.3171	-8.9762	0.2303	-0.3325	-0.7050	0.8595	-0.4340	0.2587	-0.0758	-0.1042	-0.0037	0.0313	
2.9128	-15.3391	-9.0471	0.2299	-0.3312	-0.7050	0.8692	-0.3984	0.2709	-0.1134	-0.1029	-0.0050	0.0344	
2.9359	-15.3604	-9.1247	0.2299	-0.3298	-0.7058	0.8733	-0.3611	0.2917	-0.1482	-0.1024	-0.0042	0.0362	
2.9620	-15.3900	-9.1916	0.2303	-0.3294	-0.7054	0.8772	-0.3228	0.2944	-0.1983	-0.1028	-0.0088	0.0387	
2.9866	-15.4223	-9.2613	0.2304	-0.3293	-0.7054	0.8823	-0.2737	0.2911	-0.2480	-0.1034	-0.0142	0.0433	
3.0091	-15.4539	-9.3313	0.2304	-0.3292	-0.7053	0.8860	-0.2197	0.2781	-0.2984	-0.1036	-0.0214	0.0482	
3.0268	-15.4914	-9.3929	0.2298	-0.3297	-0.7043	0.8809	-0.1752	0.2732	-0.3440	-0.1035	-0.0252	0.0495	
3.0493	-15.5214	-9.4600	0.2297	-0.3293	-0.7040	0.8739	-0.1269	0.2642	-0.3874	-0.1033	-0.0293	0.0513	
3.0661	-15.5633	-9.5313	0.2291	-0.3303	-0.7041	0.8659	-0.0832	0.2439	-0.4292	-0.1018	-0.0353	0.0517	
3.0856	-15.5990	-9.5992	0.2287	-0.3306	-0.7038	0.8442	-0.0391	0.2332	-0.4800	-0.1038	-0.0387	0.0509	
3.1082	-15.6415	-9.6717	0.2287	-0.3316	-0.7041	0.8292	-0.0051	0.2139	-0.5175	-0.1016	-0.0424	0.0486	
3.1223	-15.6752	-9.7388	0.2278	-0.3316	-0.7037	0.8132	0.0482	0.1919	-0.5473	-0.1001	-0.0470	0.0507	
3.1420	-15.7100	-9.8115	0.2275	-0.3318	-0.7040	0.7916	0.0845	0.1714	-0.5810	-0.0989	-0.0496	0.0485	
3.1623	-15.7448	-9.8661	0.2273	-0.3320	-0.7023	0.7780	0.1343	0.1353	-0.5997	-0.0952	-0.0560	0.0493	
3.1820	-15.7730	-9.9381	0.2270	-0.3314	-0.7025	0.7516	0.1775	0.1049	-0.6264	-0.0945	-0.0599	0.0483	
3.2043	-15.8136	-10.0076	0.2269	-0.3322	-0.7025	0.7274	0.2070	0.0616	-0.6524	-0.0928	-0.0650	0.0432	
3.2250	-15.8589	-10.0681	0.2268	-0.3335	-0.7015	0.6930	0.2526	0.0272	-0.6740	-0.0927	-0.0690	0.0430	
3.2481	-15.8845	-10.1376	0.2268	-0.3327	-0.7014	0.6653	0.2763	-0.0253	-0.6942	-0.0915	-0.0739	0.0365	
3.2613	-15.9185	-10.2043	0.2259	-0.3328	-0.7011	0.6229	0.3078	-0.0822	-0.7140	-0.0931	-0.0801	0.0317	
3.2785	-15.9552	-10.2768	0.2254	-0.3331	-0.7013	0.5800	0.3244	-0.1203	-0.7379	-0.0943	-0.0797	0.0266	
3.3042	-15.9887	-10.3495	0.2257	-0.3331	-0.7016	0.5404	0.3488	-0.1783	-0.7447	-0.0938	-0.0848	0.0216	
3.3267	-16.0253	-10.4116	0.2257	-0.3335	-0.7008	0.4914	0.3569	-0.2261	-0.7618	-0.0960	-0.0847	0.0155	
3.3440	-16.0556	-10.4728	0.2252	-0.3332	-0.6999	0.4500	0.3775	-0.2799	-0.7595	-0.0946	-0.0885	0.0118	
3.3680	-16.0926	-10.5491	0.2253	-0.3336	-0.7005	0.4101	0.3848	-0.3309	-0.7585	-0.0935	-0.0892	0.0062	
3.3899	-16.1304	-10.6144	0.2253	-0.3340	-0.7001	0.3680	0.3942	-0.3673	-0.7587	-0.0922	-0.0878	0.0039	
3.4040	-16.1645	-10.6747	0.2244	-0.3341	-0.6992	0.3303	0.3834	-0.4107	-0.7602	-0.0919	-0.0841	-0.0023	
3.4225	-16.1940	-10.7437	0.2241	-0.3337	-0.6991	0.2922	0.3705	-0.4597	-0.7536	-0.0917	-0.0822	-0.0091	
3.4441	-16.2247	-10.8128	0.2240	-0.3335	-0.6990	0.2579	0.3651	-0.5017	-0.7419	-0.0895	-0.0809	-0.0135	
3.4631	-16.2589	-10.8718	0.2237	-0.3336	-0.6980	0.2243	0.3480	-0.5503	-0.7263	-0.0886	-0.0791	-0.0201	
3.4700	-16.2942	-10.9331	0.2222	-0.3337	-0.6972	0.1775	0.3306	-0.5832	-0.7210	-0.0903	-0.0753	-0.0224	
3.4897	-16.3294	-10.9931	0.2220	-0.3339	-0.6963	0.1432	0.2981	-0.6201	-0.7131	-0.0911	-0.0693	-0.0274	
3.5088	-16.3644	-11.0553	0.2217	-0.3341	-0.6956	0.1115	0.2846	-0.6407	-0.7063	-0.0885	-0.0649	-0.0273	
3.5239	-16.3981	-11.1278	0.2210	-0.3341	-0.6959	0.0723	0.2692	-0.6723	-0.6862	-0.0880	-0.0638	-0.0302	
3.5387	-16.4252	-11.2184	0.2204	-0.3335	-0.6978	0.0608	0.2489	-0.6990	-0.6710	-0.0935	-0.0685	-0.0276	
3.5601	-16.4442	-11.2787	0.2203	-0.3322	-0.6970	0.0229	0.2153	-0.7241	-0.6559	-0.0935	-0.0645	-0.0310	
3.5768	-16.4770	-11.3492	0.2198	-0.3322	-0.6971	0.0185	-0.1916	0.7481	0.6355	-0.0945	-0.0647	-0.0295	
3.5953	-16.5115	-11.4296	0.2195	-0.3323	-0.6980	0.0668	-0.1640	0.7665	0.6174	-0.0954	-0.0648	-0.0280	
3.6155	-16.5507	-11.5044	0.2194	-0.3328	-0.6985	0.1120	-0.1416	0.7814	0.5978	-0.0959	-0.0634	-0.0274	
3.6369	-16.5806	-11.5680	0.2193	-0.3325	-0.6979	0.1545	-0.1144	0.7957	0.5749	-0.0972	-0.0605	-0.0276	
3.6628	-16.6217	-11.6433	0.2197	-0.3332	-0.6984	0.1936	-0.0829	0.8095	0.5487	-0.0988	-0.0561	-0.0291	
3.6771	-16.6573	-11.7112	0.2190	-0.3334	-0.6982	0.2236	-0.0360	0.8189	0.5291	-0.1015	-0.0484	-0.0278	
3.6978	-16.6904	-11.7866	0.2189	-0.3333	-0.6987	0.2421	0.0133	0.8294	0.5059	-0.1027	-0.0382	-0.0288	
3.7213	-16.7165	-11.8608	0.2191	-0.3327	-0.6990	0.2722	0.0579	0.8322	0.4799	-0.1046	-0.0334	-0.0291	
3.7456	-16.7535	-11.9312	0.2193	-0.3330	-0.6991	0.2971	0.0958	0.8407	0.4431	-0.1048	-0.0287	-0.0332	
3.7667	-16.7870	-11.9969	0.2192	-0.3330	-0.6987	0.3014	0.1360	0.8505	0.4127	-0.1021	-0.0199	-0.0358	
3.7890	-16.8209	-12.0691	0.2192	-0.3331	-0.6989	0.3094	0.1933	0.8549	0.3693	-0.1050	-0.0115	-0.0395	
3.8109	-16.8577	-12.1438	0.2192	-0.3333	-0.6993	0.3207	0.2268	0.8585	0.3316	-0.1027	-0.0078	-0.0419	
3.8395	-16.8877	-12.2108	0.2198	-0.3331	-0.6990	0.3372	0.2592	0.8587	0.2861	-0.1019	-0.0057	-0.0452	
3.8638	-16.9130	-12.2763	0.2200	-0.3324	-0.6987	0.3479	0.2972	0.8555	0.2424	-0.1018	-0.0023	-0.0472	
3.8774	-16.9379	-12.3386	0.2193	-0.3317	-0.6980	0.3573	0.3306	0.8492	0.2065	-0.1003	0.0001	-0.0472	
3.9013	-16.9731	-12.4026	0.2195	-0.3319	-0.6975	0.3620	0.3726	0.8374	0.1705	-0.1004	0.0038	-0.0465	
3.9206	-17.0094	-12.4693	0.2193	-0.3321	-0.6973	0.3753	0.4057	0.8222	0.1381	-0.0997	0.0040	-0.0451	
3.9461	-17.0401	-12.5359	0.2196	-0.3319	-0.6970	0.3726	0.4460	0.8090	0.0843	-0.1011	0.0096	-0.0479	
3.9628	-17.0698	-12.6053	0.2191	-0.3316	-0.6970	0.3724	0.4849	0.7900	0.0449	-0.1015	0.0126	-0.0471	
3.9832	-17.1036	-12.6676	0.2190	-0.3317	-0.6964	0.3635	0.5412	0.7583	0.0161	-0.1046	0.0167	-0.0425	
4.0100	-17.1347	-12.7332	0.2194	-0.3315	-0.6961	0.3535	0.5661	0.7456	-0.0207	-0.1010	0.0208	-0.0419	
4.0351	-17.1619	-12.8002	0.2197	-0.3311	-0.6959	0.3274	0.6068	0.7223	-0.0587	-0.1014	0.0282	-0.0394	
4.0636	-17.1903	-12.8664	0.2202	-0.3307	-0.6956	0.3143	0.6350	0.6978	-0.1041	-0.1012	0.0318	-0.0397	
4.0814	-17.2295	-12.9381	0.2198	-0.3312	-0.6958	0.2898	0.6645	0.6736	-0.1448	-0.1006	0.0370	-0.0379	
4.1001	-17.2578	-13.0064	0.2196	-0.3308	-0.6957	0.2796	0.6927	0.6355	-0.1924	-0.1029	0.0383	-0.0390	
4.1205	-17.2970	-13.0721	0.2195	-0.3313	-0.6953	0.2477	0.7288	0.5996	-0.2201	-0.1038	0.0422	-0.0331	
4.1437	-17.3344	-13.1398	0.2196	-0.3316	-0.6952	0.2139	0.7610	0.5602	-0.2479	-0.1050	0.0455	-0.0276	
4.1612	-17.3577	-13.2023	0.2192	-0.3309	-0.6947	0.1882	0.7834	0.5270	-0.2724	-0.1039	0.0463	-0.0239	
4.1835	-17.3900	-13.2691	0.2192	-0.3308	-0.6944	0.1650	0.7981	0.4953	-0.3022	-0.1020	0.0473	-0.0222	
4.2067	-17.4252	-13.3383	0.2193	-0.3310	-0.6944	0.1415	0.8164	0.4517	-0.3304	-0.1028	0.0474	-0.0205	
4.2293	-17.4651	-13.4069	0.2194	-0.3315	-0.6944	0.0910	0.8449	0.4011	-0.3426	-0.1066	0.0490	-0.0112	
4.2432	-17.5039	-13.4779	0.2188	-0.3319	-0.6945	0.0502	0.8634	0.3532	-0.3566	-0.1082	0.0491	-0.0055	
4.2656	-17.5456	-13.5352	0.2188	-0.3326	-0.6935	0.0026	0.8773	0.3080	-0.3682	-0.1068	0.0485	-0.0111	
4.2915	-17.5765	-13.5955	0.2191	-0.3324	-0.6928	0.0271	-0.8963	-0.2561	0.3629	-0.1080	0.0434	-0.0049	
4.3054	-17.6117	-13.6617	0.2185	-0.3326	-0.6926	0.0677	-0.9042	-0.2089	0.3669	-0.1088	0.0427	0.0008	
4.3284	-17.6416	-13.7299	0.2186	-0.3323	-0.6925	0.1205	-0.9074	-0.1728	0.3659	-0.1084	0.0430	0.0093	
4.3432	-17.6747	-13.8002	0.2181	-0.3323	-0.6926	0.1544	-0.9129	-0.1157	0.3595	-0.1106	0.0392	0.0125	
4.3714	-17.7144	-13.8766	0.2186	-0.3328	-0.6931	0.2047	-0.9095	-0.0794	0.3549	-0.1099	0.0388	0.0194	
4.3896	-17.7401	-13.9431	0.2183	-0.3322	-0.6929	0.2363	-0.9084	-0.0346	0.3444	-0.1094	0.0350	0.0215	
4.4160	-17.7722	-14.0104	0.2186	-0.3321	-0.6928	0.2695	-0.9054	0.0119	0.3288	-0.1098	0.0308	0.0241	
4.4299	-17.7986	-14.0797	0.2180	-0.3316	-0.6928	0.3158	-0.8973	0.0475	0.3068	-0.1094	0.0268	0.0302	
4.4540	-17.8344	-14.1398	0.2182	-0.3318	-0.6921	0.3539	-0.8913	0.0756	0.2776	-0.1072	0.0207	0.0348	
4.4754	-17.8604	-14.2084	0.2181	-0.3313	-0.6920	0.3924	-0.8789	0.1170	0.2450	-0.1084	0.0154	0.0384	
4.4983	-17.8914	-14.2744	0.2182	-0.3312	-0.6918	0.4201	-0.8633	0.1629	0.2274	-0.1087	0.0140	0.0382	
4.5238	-17.9282	-14.3367	0.2185	-0.3314	-0.6913	0.4572	-0.8454	0.2024	0.1878	-0.1101	0.0079	0.0417	
4.5462	-17.9501	-14.4052	0.2185	-0.3306	-0.6913	0.4840	-0.8299	0.2327	0.1554	-0.1085	0.0034	0.0422	
4.5702	-17.9821	-14.4767	0.2187	-0.3305	-0.6914	0.5108	-0.8138	0.2544	0.1185	-0.1061	-0.0020	0.0433	
4.5898	-18.0153	-14.5415	0.2185	-0.3306	-0.6911	0.5303	-0.7925	0.2930	0.0689	-0.1081	-0.0086	0.0423	
4.6189	-18.0421	-14.6010	0.2190	-0.3301	-0.6904	0.5425	-0.7734	0.3279	0.0270	-0.1082	-0.0127	0.0395	
4.6361	-18.0780	-14.6785	0.2187	-0.3303	-0.6910	0.5619	-0.7539	0.3421	-0.0265	-0.1064	-0.0206	0.0396	
4.6557	-18.1110	-14.7438	0.2185	-0.3303	-0.6908	0.5722	-0.7368	0.3580	-0.0627	-0.1029	-0.0236	0.0376	
4.6766	-18.1366	-14.8150	0.2185	-0.3298	-0.6909	0.5810	-0.7062	0.3901	-0.1053	-0.1043	-0.0259	0.0359	
4.6942	-18.1708	-14.8826	0.2182	-0.3299	-0.6908	0.5935	-0.6780	0.4100	-0.1433	-0.1028	-0.0284	0.0357	
4.7181	-18.2023	-14.9511	0.2183	-0.3298	-0.6908	0.5926	-0.6475	0.4362	-0.1974	-0.1049	-0.0324	0.0321	
4.7390	-18.2261	-15.0243	0.2182	-0.3291	-0.6911	0.5957	-0.6129	0.4531	-0.2525	-0.1060	-0.0375	0.0303	
4.7657	-18.2625	-15.0958	0.2186	-0.3294	-0.6912	0.5932	-0.5920	0.4630	-0.2924	-0.1028	-0.0392	0.0270	
4.7882	-18.2977	-15.1643	0.2186	-0.3295	-0.6912	0.5814	-0.5660	0.4750	-0.3418	-0.1026	-0.0417	0.0223	
4.8115	-18.3264	-15.2367	0.2187	-0.3292	-0.6914	0.5794	-0.5380	0.4825	-0.3787	-0.0999	-0.0431	0.0210	
4.8328	-18.3562	-15.3043	0.2187	-0.3290	-0.6913	0.5793	-0.4979	0.4967	-0.4123	-0.0992	-0.0437	0.0217	
4.8541	-18.3897	-15.3756	0.2186	-0.3290	-0.6915	0.5677	-0.4750	0.4951	-0.4569	-0.0969	-0.0465	0.0173	
4.8721	-18.4198	-15.4481	0.2184	-0.3289	-0.6917	0.5701	-0.4260	0.4971	-0.4960	-0.0964	-0.0507	0.0190	
4.8981	-18.4615	-15.5123	0.2187	-0.3294	-0.6914	0.5561	-0.3948	0.4937	-0.5403	-0.0954	-0.0531	0.0154	
4.9221	-18.4875	-15.5787	0.2188	-0.3290	-0.6912	0.5403	-0.3611	0.4982	-0.5745	-0.0949	-0.0524	0.0132	
4.9444	-18.5250	-15.6484	0.2188	-0.3293	-0.6912	0.5191	-0.3225	0.4992	-0.6141	-0.0958	-0.0532	0.0105	
4.9758	-18.5623	-15.7112	0.2194	-0.3296	-0.6908	0.5065	-0.2938	0.4822	-0.6529	-0.0924	-0.0565	0.0067	
5.0011	-18.6016	-15.7824	0.2197	-0.3300	-0.6909	0.4945	-0.2604	0.4673	-0.6858	-0.0894	-0.0590	0.0044	
5.0254	-18.6374	-15.8531	0.2198	-0.3302	-0.6910	0.4715	-0.2178	0.4540	-0.7235	-0.0904	-0.0614	0.0016	
5.0468	-18.6689	-15.9278	0.2198	-0.3301	-0.6914	0.4438	-0.1886	0.4454	-0.7550	-0.0900	-0.0599	-0.0019	
5.0729	-18.7128	-15.9965	0.2201	-0.3308	-0.6914	0.4210	-0.1556	0.4152	-0.7916	-0.0881	-0.0636	-0.0074	
5.1022	-18.7474	-16.0621	0.2205	-0.3309	-0.6912	0.3963	-0.1226	0.3923	-0.8212	-0.0870	-0.0645	-0.0109	
5.1213	-18.7823	-16.1303	0.2203	-0.3310	-0.6911	0.3682	-0.0891	0.3685	-0.8490	-0.0864	-0.0651	-0.0145	
5.1415	-18.8140	-16.1976	0.2202	-0.3309	-0.6910	0.3308	-0.0598	0.3359	-0.8798	-0.0871	-0.0655	-0.0206	
5.1593	-18.8453	-16.2697	0.2200	-0.3308	-0.6912	0.2994	-0.0329	0.3027	-0.9045	-0.0859	-0.0656	-0.0256	
5.1814	-18.8779	-16.3411	0.2200	-0.3308	-0.6913	0.2609	-0.0059	0.2728	-0.9260	-0.0863	-0.0643	-0.0295	
5.2042	-18.9136	-16.4142	0.2200	-0.3309	-0.6916	0.2337	0.0382	0.2404	-0.9411	-0.0861	-0.0668	-0.0307	
5.2214	-18.9470	-16.4836	0.2197	-0.3309	-0.6916	0.1996	0.0717	0.2088	-0.9546	-0.0861	-0.0666	-0.0329	
5.2351	-18.9897	-16.5588	0.2192	-0.3315	-0.6920	0.1695	0.0952	0.1606	-0.9680	-0.0840	-0.0666	-0.0393	
5.2512	-19.0217	-16.6307	0.2189	-0.3315	-0.6921	0.1416	0.1117	0.1116	-0.9779	-0.0813	-0.0651	-0.0456	
5.2686	-19.0566	-16.6976	0.2186	-0.3316	-0.6920	0.1202	0.1313	0.0607	-0.9827	-0.0779	-0.0645	-0.0508	
5.2836	-19.0922	-16.7622	0.2182	-0.3317	-0.6917	0.0825	0.1569	0.0151	-0.9837	-0.0787	-0.0641	-0.0539	
5.3087	-19.1232	-16.8323	0.2184	-0.3316	-0.6918	0.0439	0.1834	-0.0385	-0.9807	-0.0801	-0.0643	-0.0583	
5.3357	-19.1608	-16.9116	0.2187	-0.3319	-0.6924	0.0005	0.1926	-0.0945	-0.9766	-0.0796	-0.0669	-0.0531	
5.3560	-19.1941	-16.9789	0.2186	-0.3319	-0.6923	0.0422	-0.1936	0.1407	0.9706	-0.0803	-0.0610	-0.0581	
5.3755	-19.2283	-17.0449	0.2185	-0.3319	-0.6921	0.0729	-0.2045	0.1982	0.9559	-0.0795	-0.0588	-0.0643	
5.3916	-19.2604	-17.1076	0.2181	-0.3319	-0.6917	0.1194	-0.1895	0.2496	0.9428	-0.0815	-0.0502	-0.0699	
5.4194	-19.2879	-17.1800	0.2185	-0.3315	-0.6919	0.1525	-0.1752	0.3003	0.9260	-0.0813	-0.0428	-0.0745	
5.4313	-19.3165	-17.2485	0.2179	-0.3313	-0.6918	0.2061	-0.1650	0.3366	0.9040	-0.0850	-0.0370	-0.0749	
5.4562	-19.3471	-17.3161	0.2181	-0.3311	-0.6917	0.2474	-0.1574	0.3784	0.8780	-0.0866	-0.0327	-0.0765	
5.4734	-19.3763	-17.3866	0.2178	-0.3309	-0.6918	0.2896	-0.1353	0.4240	0.8474	-0.0892	-0.0256	-0.0792	
5.4946	-19.4093	-17.4599	0.2178	-0.3309	-0.6921	0.3302	-0.1105	0.4656	0.8137	-0.0919	-0.0188	-0.0808	
5.5195	-19.4383	-17.5234	0.2179	-0.3306	-0.6917	0.3683	-0.0865	0.4958	0.7824	-0.0934	-0.0132	-0.0792	
5.5424	-19.4696	-17.5917	0.2180	-0.3305	-0.6917	0.4026	-0.0562	0.5325	0.7425	-0.0956	-0.0068	-0.0800	
5.5690	-19.5029	-17.6616	0.2183	-0.3306	-0.6917	0.4208	-0.0189	0.5689	0.7077	-0.0948	0.0013	-0.0805	
5.5957	-19.5383	-17.7297	0.2185	-0.3307	-0.6917	0.4541	0.0097	0.5882	0.6698	-0.0965	0.0048	-0.0771	
5.6177	-19.5704	-17.8027	0.2186	-0.3306	-0.6919	0.4721	0.0472	0.6069	0.6398	-0.0955	0.0108	-0.0734	
5.6384	-19.6004	-17.8693	0.2185	-0.3305	-0.6917	0.4928	0.0687	0.6308	0.5958	-0.0947	0.0130	-0.0732	
5.6510	-19.6379	-17.9348	0.2180	-0.3307	-0.6915	0.5116	0.1070	0.6447	0.5593	-0.0952	0.0177	-0.0695	
5.6750	-19.6749	-18.0110	0.2181	-0.3309	-0.6919	0.5332	0.1510	0.6475	0.5251	-0.0969	0.0214	-0.0634	
5.6957	-19.7057	-18.0842	0.2180	-0.3308	-0.6922	0.5592	0.1719	0.6518	0.4836	-0.0970	0.0204	-0.0604	
5.7200	-19.7369	-18.1512	0.2182	-0.3307	-0.6920	0.5690	0.2080	0.6569	0.4512	-0.0956	0.0239	-0.0563	
5.7386	-19.7652	-18.2161	0.2180	-0.3304	-0.6918	0.5894	0.2329	0.6533	0.4162	-0.0952	0.0229	-0.0522	
5.7490	-19.8002	-18.2873	0.2173	-0.3305	-0.6919	0.6142	0.2699	0.6404	0.3746	-0.0985	0.0224	-0.0470	
5.7696	-19.8341	-18.3528	0.2173	-0.3306	-0.6917	0.6307	0.3048	0.6275	0.3425	-0.0989	0.0223	-0.0416	
5.7934	-19.8664	-18.4253	0.2174	-0.3305	-0.6919	0.6607	0.3380	0.6011	0.2969	-0.1034	0.0187	-0.0369	
5.8076	-19.9045	-18.4895	0.2170	-0.3308	-0.6916	0.6726	0.3681	0.5893	0.2556	-0.1036	0.0195	-0.0343	
5.8297	-19.9394	-18.5603	0.2170	-0.3309	-0.6917	0.6846	0.4127	0.5620	0.2129	-0.1074	0.0199	-0.0288	
5.8501	-19.9616	-18.6272	0.2169	-0.3303	-0.6916	0.6856	0.4498	0.5456	0.1762	-0.1071	0.0221	-0.0248	
5.8722	-19.9987	-18.6918	0.2169	-0.3305	-0.6913	0.6885	0.4836	0.5235	0.1359	-0.1077	0.0228	-0.0215	
5.8896	-20.0350	-18.7583	0.2167	-0.3307	-0.6912	0.6924	0.5150	0.4959	0.1016	-0.1077	0.0216	-0.0178	
5.9067	-20.0642	-18.8278	0.2165	-0.3305	-0.6912	0.6988	0.5319	0.4751	0.0695	-0.1049	0.0194	-0.0167	
5.9269	-20.0963	-18.8981	0.2164	-0.3304	-0.6913	0.6908	0.5580	0.4599	0.0352	-0.1027	0.0217	-0.0141	
5.9423	-20.1261	-18.9682	0.2160	-0.3303	-0.6913	0.6861	0.5946	0.4187	-0.0052	-0.1068	0.0205	-0.0095	
5.9681	-20.1562	-19.0360	0.2163	-0.3301	-0.6912	0.6868	0.6226	0.3757	-0.0300	-0.1070	0.0162	-0.0055	
5.9903	-20.1889	-19.1046	0.2163	-0.3301	-0.6912	0.6740	0.6542	0.3349	-0.0702	-0.1100	0.0163	-0.0016	
6.0146	-20.2206	-19.1709	0.2164	-0.3300	-0.6911	0.6666	0.6740	0.3069	-0.0955	-0.1069	0.0154	0.0005	
6.0410	-20.2557	-19.2359	0.2167	-0.3301	-0.6908	0.6486	0.7009	0.2691	-0.1260	-0.1075	0.0153	0.0047	
6.0634	-20.2901	-19.3020	0.2167	-0.3302	-0.6907	0.6423	0.7162	0.2222	-0.1583	-0.1087	0.0119	0.0051	
6.0870	-20.3255	-19.3720	0.2168	-0.3303	-0.6907	0.6271	0.7381	0.1836	-0.1735	-0.1063	0.0094	0.0091	
6.1118	-20.3581	-19.4445	0.2170	-0.3303	-0.6909	0.6101	0.7549	0.1351	-0.1989	-0.1074	0.0067	0.0114	
6.1314	-20.3880	-19.5165	0.2169	-0.3301	-0.6911	0.5951	0.7724	0.0914	-0.2069	-0.1048	0.0027	0.0147	
6.1499	-20.4181	-19.5892	0.2167	-0.3300	-0.6913	0.5745	0.7863	0.0548	-0.2233	-0.1026	0.0012	0.0174	
6.1705	-20.4502	-19.6541	0.2167	-0.3299	-0.6910	0.5488	0.8003	0.0181	-0.2419	-0.1013	0.0004	0.0206	
6.1891	-20.4841	-19.7180	0.2165	-0.3300	-0.6908	0.5157	0.8140	-0.0285	-0.2644	-0.1031	-0.0010	0.0245	
6.2115	-20.5151	-19.7910	0.2165	-0.3299	-0.6910	0.4839	0.8287	-0.0726	-0.2726	-0.1021	-0.0043	0.0286	
6.2344	-20.5404	-19.8595	0.2166	-0.3295	-0.6909	0.4498	0.8390	-0.1138	-0.2846	-0.1014	-0.0064	0.0319	
6.2533	-20.5800	-19.9287	0.2165	-0.3298	-0.6909	0.4054	0.8525	-0.1550	-0.2915	-0.1007	-0.0093	0.0375	
6.2728	-20.6069	-19.9936	0.2164	-0.3295	-0.6907	0.3716	0.8582	-0.2201	-0.2785	-0.1015	-0.0179	0.0396	
6.2956	-20.6376	-20.0655	0.2164	-0.3294	-0.6909	0.3231	0.8666	-0.2691	-0.2686	-0.1008	-0.0239	0.0449	
6.3212	-20.6682	-20.1357	0.2166	-0.3293	-0.6909	0.2848	0.8689	-0.3089	-0.2628	-0.0983	-0.0276	0.0465	
6.3478	-20.7023	-20.2049	0.2169	-0.3294	-0.6909	0.2396	0.8687	-0.3433	-0.2652	-0.0970	-0.0290	0.0489	
6.3681	-20.7312	-20.2727	0.2168	-0.3291	-0.6909	0.1888	0.8718	-0.3740	-0.2552	-0.0939	-0.0330	0.0527	
6.3873	-20.7638	-20.3421	0.2167	-0.3291	-0.6909	0.1413	0.8644	-0.4107	-0.2524	-0.0936	-0.0350	0.0542	
6.4053	-20.7921	-20.4085	0.2165	-0.3289	-0.6907	0.1048	0.8509	-0.4529	-0.2449	-0.0934	-0.0374	0.0523	
6.4268	-20.8246	-20.4729	0.2165	-0.3289	-0.6905	0.0569	0.8368	-0.4935	-0.2287	-0.0934	-0.0421	0.0529	
6.4410	-20.8574	-20.5419	0.2161	-0.3289	-0.6905	0.0098	0.8248	-0.5254	-0.2088	-0.0947	-0.0386	0.0521	
6.4605	-20.8845	-20.6113	0.2160	-0.3286	-0.6905	0.0367	-0.8046	0.5638	0.1819	-0.0942	-0.0452	0.0517	
6.4750	-20.9139	-20.6903	0.2156	-0.3284	-0.6910	0.0792	-0.7802	0.5990	0.1605	-0.0940	-0.0492	0.0503	
6.4916	-20.9457	-20.7613	0.2154	-0.3283	-0.6911	0.1140	-0.7598	0.6312	0.1130	-0.0914	-0.0582	0.0455	
6.5124	-20.9775	-20.8292	0.2154	-0.3283	-0.6910	0.1515	-0.7381	0.6527	0.0835	-0.0888	-0.0618	0.0436	
6.5328	-21.0081	-20.8989	0.2153	-0.3282	-0.6911	0.1901	-0.7165	0.6708	0.0362	-0.0860	-0.0692	0.0401	
6.5535	-21.0411	-20.9726	0.2153	-0.3282	-0.6913	0.2046	-0.6791	0.7057	-0.0123	-0.0871	-0.0727	0.0310	
6.5742	-21.0732	-21.0428	0.2152	-0.3282	-0.6913	0.2278	-0.6522	0.7211	-0.0621	-0.0849	-0.0772	0.0249	
6.5919	-21.1039	-21.1122	0.2150	-0.3281	-0.6913	0.2439	-0.6045	0.7503	-0.1085	-0.0878	-0.0792	0.0183	
6.6164	-21.1305	-21.1811	0.2152	-0.3277	-0.6913	0.2737	-0.5758	0.7540	-0.1603	-0.0850	-0.0843	0.0148	
6.6386	-21.1587	-21.2536	0.2152	-0.3275	-0.6915	0.2911	-0.5397	0.7638	-0.2029	-0.0842	-0.0849	0.0104	
6.6569	-21.1916	-21.3239	0.2151	-0.3275	-0.6916	0.3132	-0.4901	0.7702	-0.2594	-0.0860	-0.0896	0.0057	
6.6829	-21.2225	-21.4005	0.2153	-0.3274	-0.6919	0.3188	-0.4385	0.7814	-0.3088	-0.0889	-0.0892	-0.0003	
6.7027	-21.2507	-21.4654	0.2152	-0.3272	-0.6917	0.3230	-0.3890	0.7885	-0.3506	-0.0905	-0.0874	-0.0046	
6.7306	-21.2831	-21.5363	0.2155	-0.3272	-0.6918	0.3114	-0.3510	0.7924	-0.3930	-0.0908	-0.0827	-0.0111	
6.7592	-21.3163	-21.6056	0.2158	-0.3272	-0.6918	0.3091	-0.2955	0.7939	-0.4320	-0.0934	-0.0809	-0.0142	
6.7803	-21.3499	-21.6745	0.2158	-0.3273	-0.6918	0.2944	-0.2597	0.7877	-0.4771	-0.0928	-0.0776	-0.0207	
6.8013	-21.3864	-21.7380	0.2158	-0.3274	-0.6915	0.2833	-0.2167	0.7782	-0.5178	-0.0929	-0.0755	-0.0251	
6.8213	-21.4194	-21.8094	0.2157	-0.3275	-0.6916	0.2699	-0.1691	0.7740	-0.5481	-0.0941	-0.0717	-0.0267	
6.8428	-21.4598	-21.8850	0.2157	-0.3278	-0.6919	0.2577	-0.1331	0.7606	-0.5823	-0.0923	-0.0692	-0.0298	
6.8658	-21.4961	-21.9558	0.2158	-0.3280	-0.6920	0.2391	-0.0973	0.7440	-0.6175	-0.0915	-0.0662	-0.0338	
6.8885	-21.5258	-22.0271	0.2158	-0.3278	-0.6921	0.2133	-0.0637	0.7257	-0.6522	-0.0913	-0.0620	-0.0385	
6.9147	-21.5602	-22.0979	0.2161	-0.3279	-0.6922	0.1844	-0.0263	0.7083	-0.6816	-0.0922	-0.0575	-0.0414	
6.9316	-21.5940	-22.1694	0.2158	-0.3280	-0.6923	0.1651	0.0203	0.6859	-0.7083	-0.0931	-0.0564	-0.0431	
6.9491	-21.6304	-22.2347	0.2157	-0.3281	-0.6921	0.1330	0.0595	0.6649	-0.7330	-0.0945	-0.0523	-0.0451	
6.9690	-21.6635	-22.3025	0.2156	-0.3281	-0.6920	0.1007	0.1015	0.6419	-0.7535	-0.0962	-0.0488	-0.0463	
6.9861	-21.6943	-22.3720	0.2154	-0.3280	-0.6920	0.0794	0.1246	0.6242	-0.7692	-0.0925	-0.0447	-0.0461	
7.0089	-21.7222	-22.4424	0.2154	-0.3278	-0.6921	0.0443	0.1500	0.5947	-0.7894	-0.0922	-0.0398	-0.0494	
7.0310	-21.7617	-22.5095	0.2155	-0.3281	-0.6920	0.0107	0.1687	0.5723	-0.8039	-0.0944	-0.0445	-0.0489	
7.0537	-21.7945	-22.5776	0.2155	-0.3281	-0.6919	0.0147	-0.1990	-0.5428	0.8165	-0.0930	-0.0416	-0.0502	
7.0799	-21.8324	-22.6443	0.2157	-0.3284	-0.6918	0.0462	-0.2331	-0.5079	0.8281	-0.0938	-0.0388	-0.0522	
7.1030	-21.8681	-22.7113	0.2158	-0.3285	-0.6917	0.0909	-0.2581	-0.4819	0.8332	-0.0952	-0.0330	-0.0516	
7.1204	-21.9011	-22.7858	0.2156	-0.3285	-0.6920	0.1135	-0.2873	-0.4519	0.8376	-0.0933	-0.0314	-0.0516	
7.1452	-21.9331	-22.8548	0.2158	-0.3285	-0.6920	0.1558	-0.3132	-0.4163	0.8393	-0.0953	-0.0269	-0.0524	
7.1670	-21.9645	-22.9250	0.2158	-0.3284	-0.6920	0.1965	-0.3390	-0.3962	0.8313	-0.0963	-0.0236	-0.0485	
7.1885	-22.0007	-22.9918	0.2158	-0.3286	-0.6919	0.2429	-0.3481	-0.3605	0.8314	-0.0969	-0.0163	-0.0496	
7.2130	-22.0299	-23.0643	0.2159	-0.3284	-0.6920	0.2805	-0.3760	-0.3224	0.8219	-0.0988	-0.0147	-0.0495	
7.2371	-22.0633	-23.1313	0.2160	-0.3284	-0.6920	0.3259	-0.3907	-0.2778	0.8147	-0.1011	-0.0096	-0.0508	
7.2590	-22.0952	-23.1995	0.2160	-0.3284	-0.6919	0.3602	-0.4039	-0.2361	0.8073	-0.1006	-0.0060	-0.0516	
7.2784	-22.1317	-23.2686	0.2159	-0.3285	-0.6919	0.3938	-0.3976	-0.2025	0.8055	-0.0972	0.0010	-0.0512	
7.2947	-22.1615	-23.3342	0.2157	-0.3284	-0.6917	0.4405	-0.4093	-0.1665	0.7813	-0.1003	0.0034	-0.0485	
7.3171	-22.1930	-23.4043	0.2157	-0.3284	-0.6918	0.4741	-0.4079	-0.1284	0.7704	-0.0989	0.0082	-0.0480	
7.3400	-22.2296	-23.4739	0.2158	-0.3285	-0.6918	0.5010	-0.4178	-0.0802	0.7534	-0.0990	0.0099	-0.0494	
7.3590	-22.2665	-23.5446	0.2157	-0.3287	-0.6919	0.5303	-0.4139	-0.0373	0.7395	-0.0978	0.0143	-0.0492	
7.3796	-22.2961	-23.6141	0.2156	-0.3286	-0.6919	0.5590	-0.4064	-0.0071	0.7240	-0.0955	0.0178	-0.0464	
7.4038	-22.3285	-23.6837	0.2157	-0.3285	-0.6919	0.5845	-0.4085	0.0377	0.6998	-0.0960	0.0192	-0.0466	
7.4226	-22.3649	-23.7473	0.2156	-0.3287	-0.6917	0.6208	-0.3887	0.0717	0.6779	-0.0962	0.0247	-0.0426	
7.4474	-22.4019	-23.8192	0.2158	-0.3289	-0.6918	0.6473	-0.3728	0.1089	0.6563	-0.0954	0.0287	-0.0403	
7.4703	-22.4342	-23.8893	0.2158	-0.3288	-0.6918	0.6785	-0.3512	0.1431	0.6295	-0.0959	0.0327	-0.0366	
7.4938	-22.4629	-23.9607	0.2159	-0.3287	-0.6919	0.7132	-0.3231	0.1799	0.5952	-0.0984	0.0374	-0.0325	
7.5155	-22.4958	-24.0294	0.2159	-0.3287	-0.6919	0.7512	-0.2903	0.2118	0.5534	-0.1020	0.0411	-0.0270	
7.5376	-22.5283	-24.0981	0.2159	-0.3287	-0.6919	0.7726	-0.2589	0.2497	0.5232	-0.1019	0.0451	-0.0244	
7.5617	-22.5587	-24.1629	0.2160	-0.3285	-0.6917	0.8050	-0.2277	0.2747	0.4735	-0.1053	0.0457	-0.0191	
7.5827	-22.5913	-24.2295	0.2160	-0.3285	-0.6916	0.8282	-0.1830	0.3062	0.4317	-0.1074	0.0497	-0.0140	
7.6066	-22.6262	-24.3002	0.2161	-0.3286	-0.6916	0.8523	-0.1500	0.3330	0.3727	-0.1116	0.0495	-0.0105	
7.6293	-22.6603	-24.3701	0.2161	-0.3287	-0.6917	0.8633	-0.1143	0.3626	0.3321	-0.1114	0.0513	-0.0082	
7.6573	-22.6944	-24.4378	0.2164	-0.3287	-0.6916	0.8827	-0.0768	0.3658	0.2879	-0.1114	0.0481	-0.0013	
7.6823	-22.7244	-24.5002	0.2165	-0.3286	-0.6913	0.8971	-0.0299	0.3684	0.2448	-0.1118	0.0464	0.0060	
7.7067	-22.7587	-24.5700	0.2166	-0.3287	-0.6914	0.9067	0.0127	0.3704	0.2050	-0.1110	0.0444	0.0115	
7.7327	-22.7951	-24.6392	0.2168	-0.3288	-0.6914	0.9156	0.0573	0.3671	0.1549	-0.1126	0.0414	0.0170	
7.7530	-22.8302	-24.7060	0.2168	-0.3289	-0.6913	0.9180	0.0923	0.3706	0.1104	-0.1119	0.0395	0.0191	
7.7773	-22.8611	-24.7775	0.2169	-0.3288	-0.6914	0.9187	0.1471	0.3612	0.0695	-0.1124	0.0373	0.0262	
7.7974	-22.8926	-24.8466	0.2168	-0.3288	-0.6914	0.9168	0.1786	0.3569	0.0123	-0.1141	0.0340	0.0266	
7.8172	-22.9271	-24.9153	0.2167	-0.3288	-0.6914	0.9148	0.2332	0.3291	-0.0345	-0.1162	0.0283	0.0339	
7.8395	-22.9563	-24.9850	0.2168	-0.3287	-0.6914	0.9136	0.2617	0.3005	-0.0878	-0.1173	0.0208	0.0347	
7.8569	-22.9888	-25.0546	0.2166	-0.3287	-0.6914	0.9068	0.2946	0.2751	-0.1291	-0.1162	0.0157	0.0363	
7.8804	-23.0255	-25.1229	0.2167	-0.3288	-0.6914	0.8892	0.3439	0.2513	-0.1679	-0.1163	0.0132	0.0415	
7.8983	-23.0595	-25.1922	0.2165	-0.3289	-0.6914	0.8765	0.3808	0.2109	-0.2079	-0.1166	0.0064	0.0439	
7.9235	-23.0972	-25.2610	0.2167	-0.3291	-0.6914	0.8634	0.4073	0.1764	-0.2434	-0.1148	0.0010	0.0438	
7.9463	-23.1325	-25.3267	0.2167	-0.3292	-0.6912	0.8540	0.4254	0.1372	-0.2717	-0.1116	-0.0053	0.0419	
7.9668	-23.1695	-25.3954	0.2167	-0.3293	-0.6912	0.8357	0.4478	0.0989	-0.3040	-0.1105	-0.0100	0.0414	
7.9866	-23.1977	-25.4597	0.2166	-0.3291	-0.6910	0.8145	0.4791	0.0612	-0.3241	-0.1078	-0.0144	0.0438	
8.0109	-23.2299	-25.5269	0.2167	-0.3291	-0.6909	0.7959	0.5050	0.0192	-0.3370	-0.1040	-0.0200	0.0448	
8.0310	-23.2652	-25.5945	0.2166	-0.3292	-0.6909	0.7725	0.5295	-0.0297	-0.3513	-0.1021	-0.0263	0.0454	
8.0508	-23.2991	-25.6616	0.2166	-0.3292	-0.6908	0.7462	0.5536	-0.0633	-0.3660	-0.0990	-0.0287	0.0466	
8.0751	-23.3299	-25.7288	0.2167	-0.3292	-0.6907	0.7132	0.5725	-0.1130	-0.3878	-0.1000	-0.0338	0.0462	
8.0941	-23.3597	-25.7969	0.2166	-0.3290	-0.6907	0.6917	0.5696	-0.1514	-0.4192	-0.1001	-0.0341	0.0399	
8.1157	-23.3901	-25.8683	0.2165	-0.3289	-0.6908	0.6703	0.5749	-0.1943	-0.4294	-0.0972	-0.0374	0.0366	
8.1354	-23.4205	-25.9377	0.2165	-0.3288	-0.6908	0.6373	0.5871	-0.2267	-0.4453	-0.0954	-0.0385	0.0369	
8.1568	-23.4546	-26.0118	0.2165	-0.3289	-0.6910	0.6030	0.5971	-0.2591	-0.4616	-0.0941	-0.0394	0.0368	
8.1785	-23.4893	-26.0755	0.2165	-0.3290	-0.6908	0.5694	0.5944	-0.3036	-0.4799	-0.0951	-0.0413	0.0335	
8.2012	-23.5212	-26.1394	0.2165	-0.3289	-0.6906	0.5312	0.5958	-0.3446	-0.4938	-0.0954	-0.0433	0.0323	
8.2253	-23.5522	-26.2099	0.2166	-0.3288	-0.6906	0.5086	0.5904	-0.3877	-0.4945	-0.0925	-0.0459	0.0278	
8.2436	-23.5865	-26.2772	0.2165	-0.3289	-0.6906	0.4767	0.5744	-0.4370	-0.5022	-0.0936	-0.0478	0.0228	
8.2674	-23.6159	-26.3464	0.2166	-0.3288	-0.6906	0.4442	0.5681	-0.4721	-0.5078	-0.0921	-0.0485	0.0209	
8.2885	-23.6502	-26.4165	0.2165	-0.3288	-0.6906	0.4004	0.5517	-0.5156	-0.5183	-0.0948	-0.0496	0.0186	
8.3106	-23.6822	-26.4839	0.2165	-0.3288	-0.6905	0.3635	0.5294	-0.5580	-0.5255	-0.0963	-0.0498	0.0149	
8.3291	-23.7132	-26.5563	0.2164	-0.3287	-0.6907	0.3201	0.5051	-0.6048	-0.5252	-0.0985	-0.0520	0.0115	
8.3501	-23.7502	-26.6239	0.2164	-0.3289	-0.6906	0.2785	0.4905	-0.6420	-0.5194	-0.0977	-0.0544	0.0096	
8.3693	-23.7831	-26.6913	0.2163	-0.3289	-0.6905	0.2501	0.4533	-0.6863	-0.5118	-0.0983	-0.0539	0.0030	
8.3933	-23.8147	-26.7602	0.2164	-0.3288	-0.6905	0.2166	0.4240	-0.7171	-0.5096	-0.0981	-0.0524	0.0001	
8.4158	-23.8533	-26.8283	0.2164	-0.3290	-0.6905	0.1791	0.4034	-0.7527	-0.4891	-0.0964	-0.0556	-0.0035	
8.4398	-23.8900	-26.8942	0.2165	-0.3292	-0.6904	0.1403	0.3771	-0.7854	-0.4704	-0.0959	-0.0575	-0.0068	
8.4640	-23.9211	-26.9592	0.2166	-0.3291	-0.6902	0.1100	0.3656	-0.8060	-0.4548	-0.0914	-0.0578	-0.0081	
8.4869	-23.9533	-27.0249	0.2167	-0.3291	-0.6901	0.0811	0.3433	-0.8350	-0.4237	-0.0886	-0.0596	-0.0133	
8.5115	-23.9824	-27.0914	0.2168	-0.3289	-0.6900	0.0501	0.3171	-0.8592	-0.3989	-0.0901	-0.0593	-0.0104	
8.5351	-24.0147	-27.1573	0.2168	-0.3289	-0.6899	0.0117	0.3042	-0.8777	-0.3714	-0.0871	-0.0623	-0.0111	
8.5591	-24.0479	-27.2252	0.2169	-0.3289	-0.6898	0.0286	-0.2812	0.8910	0.3558	-0.0876	-0.0620	-0.0119	
8.5829	-24.0790	-27.2892	0.2170	-0.3289	-0.6897	0.0683	-0.2547	0.9081	0.3250	-0.0890	-0.0604	-0.0145	
8.6068	-24.1100	-27.3580	0.2171	-0.3288	-0.6897	0.1007	-0.2212	0.9258	0.2896	-0.0914	-0.0582	-0.0192	
8.6303	-24.1400	-27.4264	0.2172	-0.3287	-0.6896	0.1308	-0.1853	0.9407	0.2522	-0.0937	-0.0559	-0.0250	
8.6536	-24.1709	-27.4895	0.2172	-0.3286	-0.6894	0.1479	-0.1611	0.9543	0.2083	-0.0919	-0.0507	-0.0337	
8.6783	-24.2033	-27.5624	0.2173	-0.3286	-0.6896	0.1598	-0.1187	0.9696	0.1429	-0.0962	-0.0458	-0.0473	
8.6967	-24.2344	-27.6349	0.2172	-0.3285	-0.6897	0.1675	-0.0823	0.9785	0.0909	-0.0959	-0.0410	-0.0544	
8.7213	-24.2725	-27.7078	0.2173	-0.3287	-0.6898	0.1774	-0.0321	0.9823	0.0397	-0.0989	-0.0377	-0.0591	
8.7426	-24.3031	-27.7776	0.2173	-0.3286	-0.6899	0.1790	0.0119	0.9835	-0.0170	-0.0998	-0.0334	-0.0651	
8.7682	-24.3407	-27.8503	0.2174	-0.3288	-0.6900	0.1648	0.0648	0.9811	-0.0760	-0.1021	-0.0256	-0.0713	
8.7852	-24.3745	-27.9193	0.2173	-0.3288	-0.6900	0.1622	0.1138	0.9718	-0.1256	-0.1032	-0.0221	-0.0736	
8.8047	-24.4095	-27.9898	0.2172	-0.3289	-0.6901	0.1524	0.1631	0.9590	-0.1739	-0.1041	-0.0173	-0.0755	
8.8258	-24.4459	-28.0547	0.2172	-0.3290	-0.6899	0.1333	0.2125	0.9398	-0.2304	-0.1057	-0.0111	-0.0797	
8.8463	-24.4787	-28.1238	0.2171	-0.3290	-0.6899	0.1319	0.2492	0.9211	-0.2708	-0.1038	-0.0101	-0.0790	
8.8684	-24.5114	-28.1933	0.2171	-0.3290	-0.6899	0.1255	0.2963	0.8965	-0.3053	-0.1044	-0.0081	-0.0771	
8.8912	-24.5461	-28.2605	0.2172	-0.3291	-0.6899	0.1037	0.3406	0.8683	-0.3454	-0.1053	-0.0026	-0.0771	
8.9105	-24.5794	-28.3279	0.2171	-0.3291	-0.6898	0.0906	0.3701	0.8377	-0.3919	-0.1036	0.0003	-0.0792	
8.9377	-24.6138	-28.3988	0.2173	-0.3292	-0.6899	0.0648	0.3853	0.8105	-0.4392	-0.0999	0.0064	-0.0814	
8.9592	-24.6488	-28.4675	0.2173	-0.3292	-0.6899	0.0345	0.4153	0.7773	-0.4723	-0.0999	0.0119	-0.0796	
8.9809	-24.6867	-28.5405	0.2173	-0.3294	-0.6900	0.0125	0.4478	0.7357	-0.5077	-0.1005	0.0147	-0.0794	
9.0089	-24.7243	-28.6061	0.2175	-0.3296	-0.6899	0.0137	-0.4595	-0.7064	0.5406	-0.1044	0.0130	-0.0793	
9.0311	-24.7612	-28.6710	0.2175	-0.3297	-0.6897	0.0361	-0.4863	-0.6668	0.5646	-0.1058	0.0124	-0.0795	
9.0544	-24.7987	-28.7380	0.2176	-0.3299	-0.6897	0.0615	-0.5205	-0.6169	0.5869	-0.1073	0.0115	-0.0785	
9.0808	-24.8372	-28.8008	0.2177	-0.3301	-0.6895	0.0899	-0.5446	-0.5746	0.6055	-0.1094	0.0119	-0.0753	
9.1057	-24.8719	-28.8644	0.2178	-0.3302	-0.6893	0.1182	-0.5667	-0.5302	0.6207	-0.1105	0.0132	-0.0716	
9.1274	-24.9100	-28.9298	0.2178	-0.3303	-0.6891	0.1479	-0.6002	-0.4893	0.6170	-0.1124	0.0090	-0.0643	
9.1522	-24.9439	-29.0011	0.2179	-0.3304	-0.6892	0.1776	-0.6226	-0.4373	0.6245	-0.1141	0.0115	-0.0617	
9.1686	-24.9785	-29.0690	0.2178	-0.3304	-0.6892	0.2159	-0.6427	-0.3918	0.6231	-0.1160	0.0136	-0.0557	
9.1916	-25.0093	-29.1418	0.2178	-0.3303	-0.6893	0.2606	-0.6632	-0.3502	0.6095	-0.1185	0.0143	-0.0475	
9.2125	-25.0446	-29.2113	0.2178	-0.3304	-0.6893	0.2999	-0.6819	-0.3058	0.5939	-0.1200	0.0147	-0.0414	
9.2351	-25.0778	-29.2825	0.2178	-0.3304	-0.6894	0.3339	-0.7018	-0.2625	0.5729	-0.1206	0.0133	-0.0363	
9.2570	-25.1078	-29.3520	0.2178	-0.3303	-0.6894	0.3554	-0.7189	-0.2326	0.5534	-0.1165	0.0106	-0.0316	
9.2770	-25.1413	-29.4247	0.2177	-0.3303	-0.6896	0.3873	-0.7277	-0.2040	0.5308	-0.1141	0.0102	-0.0255	
9.2987	-25.1755	-29.4969	0.2177	-0.3304	-0.6897	0.4226	-0.7322	-0.1725	0.5074	-0.1130	0.0109	-0.0199	
9.3166	-25.2085	-29.5646	0.2176	-0.3304	-0.6896	0.4507	-0.7328	-0.1375	0.4926	-0.1107	0.0128	-0.0171	
9.3375	-25.2370	-29.6347	0.2176	-0.3302	-0.6897	0.4862	-0.7316	-0.1112	0.4671	-0.1092	0.0132	-0.0115	
9.3603	-25.2690	-29.7009	0.2176	-0.3302	-0.6896	0.5144	-0.7300	-0.0700	0.4448	-0.1092	0.0143	-0.0095	
9.3841	-25.3008	-29.7680	0.2177	-0.3301	-0.6895	0.5491	-0.7271	-0.0335	0.4109	-0.1104	0.0139	-0.0052	
9.4077	-25.3319	-29.8349	0.2177	-0.3301	-0.6895	0.5755	-0.7228	-0.0109	0.3853	-0.1074	0.0131	-0.0016	
9.4295	-25.3638	-29.9069	0.2177	-0.3300	-0.6896	0.5906	-0.7243	0.0247	0.3561	-0.1062	0.0113	-0.0018	
9.4517	-25.3966	-29.9761	0.2178	-0.3300	-0.6896	0.6225	-0.7132	0.0513	0.3195	-0.1064	0.0103	0.0033	
9.4714	-25.4292	-30.0425	0.2177	-0.3300	-0.6895	0.6497	-0.6985	0.0814	0.2897	-0.1058	0.0109	0.0069	
9.4918	-25.4633	-30.1141	0.2176	-0.3301	-0.6896	0.6786	-0.6812	0.1103	0.2519	-0.1064	0.0102	0.0113	
9.5138	-25.4958	-30.1821	0.2176	-0.3300	-0.6895	0.7061	-0.6677	0.1201	0.2080	-0.1048	0.0060	0.0164	
9.5369	-25.5271	-30.2528	0.2177	-0.3300	-0.6896	0.7265	-0.6519	0.1488	0.1568	-0.1069	0.0029	0.0186	
9.5609	-25.5593	-30.3191	0.2178	-0.3300	-0.6895	0.7406	-0.6446	0.1574	0.1173	-0.1033	-0.0011	0.0196	
9.5816	-25.5922	-30.3887	0.2177	-0.3299	-0.6895	0.7520	-0.6238	0.1968	0.0769	-0.1052	-0.0005	0.0197	
9.6002	-25.6263	-30.4567	0.2176	-0.3300	-0.6895	0.7722	-0.5971	0.2152	0.0469	-0.1027	-0.0004	0.0238	
9.6236	-25.6575	-30.5274	0.2177	-0.3299	-0.6896	0.7848	-0.5743	0.2326	-0.0054	-0.1038	-0.0043	0.0257	
9.6462	-25.6916	-30.5950	0.2177	-0.3300	-0.6895	0.7980	-0.5429	0.2551	-0.0530	-0.1052	-0.0062	0.0286	
9.6691	-25.7270	-30.6650	0.2177	-0.3300	-0.6895	0.8070	-0.5182	0.2683	-0.0948	-0.1036	-0.0086	0.0299	
9.6920	-25.7623	-30.7332	0.2178	-0.3301	-0.6895	0.8251	-0.4815	0.2648	-0.1371	-0.1009	-0.0135	0.0357	
9.7168	-25.7923	-30.8015	0.2179	-0.3300	-0.6895	0.8330	-0.4384	0.2774	-0.1893	-0.1029	-0.0167	0.0392	
9.7409	-25.8239	-30.8735	0.2180	-0.3300	-0.6896	0.8417	-0.4030	0.2779	-0.2296	-0.1004	-0.0201	0.0417	
9.7606	-25.8593	-30.9451	0.2179	-0.3301	-0.6897	0.8396	-0.3635	0.2899	-0.2792	-0.1021	-0.0223	0.0425	
9.7830	-25.8908	-31.0114	0.2179	-0.3300	-0.6896	0.8425	-0.3233	0.2876	-0.3214	-0.1004	-0.0262	0.0445	
9.8087	-25.9214	-31.0783	0.2180	-0.3299	-0.6895	0.8352	-0.2833	0.2935	-0.3681	-0.1013	-0.0283	0.0446	
9.8307	-25.9581	-31.1454	0.2180	-0.3300	-0.6895	0.8301	-0.2414	0.2884	-0.4117	-0.1004	-0.0323	0.0455	
9.8559	-25.9935	-31.2143	0.2181	-0.3301	-0.6895	0.8283	-0.1869	0.2799	-0.4478	-0.0988	-0.0368	0.0492	
9.8786	-26.0244	-31.2855	0.2182	-0.3301	-0.6895	0.8169	-0.1469	0.2743	-0.4860	-0.0978	-0.0391	0.0486	
9.8972	-26.0603	-31.3546	0.2181	-0.3302	-0.6895	0.8100	-0.0974	0.2644	-0.5148	-0.0952	-0.0424	0.0504	
9.9169	-26.0942	-31.4262	0.2180	-0.3302	-0.6896	0.7993	-0.0569	0.2392	-0.5492	-0.0926	-0.0482	0.0491	
9.9404	-26.1286	-31.4977	0.2181	-0.3302	-0.6897	0.7821	-0.0109	0.2122	-0.5857	-0.0918	-0.0542	0.0481	
9.9632	-26.1610	-31.5618	0.2181	-0.3302	-0.6896	0.7711	0.0248	0.1829	-0.6107	-0.0876	-0.0586	0.0456	
9.9838	-26.1968	-31.6287	0.2181	-0.3303	-0.6895	0.7451	0.0585	0.1527	-0.6468	-0.0877	-0.0626	0.0417	
10.0042	-26.2318	-31.6976	0.2180	-0.3304	-0.6895	0.7289	0.1003	0.1099	-0.6688	-0.0844	-0.0695	0.0393	
10.0263	-26.2653	-31.7680	0.2180	-0.3304	-0.6895	0.7102	0.1346	0.0761	-0.6875	-0.0814	-0.0726	0.0364	
10.0498	-26.2988	-31.8369	0.2181	-0.3304	-0.6895	0.6723	0.1633	0.0352	-0.7210	-0.0834	-0.0761	0.0309	
10.0698	-26.3317	-31.9044	0.2180	-0.3304	-0.6895	0.6404	0.1948	-0.0058	-0.7429	-0.0831	-0.0794	0.0269	
10.0928	-26.3652	-31.9763	0.2181	-0.3304	-0.6896	0.6038	0.2322	-0.0447	-0.7608	-0.0835	-0.0826	0.0248	
10.1147	-26.3947	-32.0431	0.2181	-0.3303	-0.6895	0.5623	0.2656	-0.0913	-0.7773	-0.0846	-0.0864	0.0211	
10.1362	-26.4291	-32.1140	0.2180	-0.3303	-0.6896	0.5288	0.2704	-0.1281	-0.7961	-0.0837	-0.0835	0.0137	
10.1571	-26.4629	-32.1836	0.2180	-0.3304	-0.6896	0.4881	0.2835	-0.1654	-0.8093	-0.0841	-0.0824	0.0089	
10.1780	-26.4979	-32.2552	0.2180	-0.3304	-0.6897	0.4538	0.3004	-0.2172	-0.8108	-0.0828	-0.0848	0.0031	
10.2017	-26.5321	-32.3224	0.2181	-0.3305	-0.6896	0.4136	0.3067	-0.2687	-0.8144	-0.0832	-0.0851	-0.0037	
10.2181	-26.5649	-32.3901	0.2179	-0.3304	-0.6896	0.3587	0.3046	-0.3050	-0.8283	-0.0872	-0.0812	-0.0081	
10.2373	-26.5976	-32.4585	0.2178	-0.3304	-0.6896	0.3130	0.3012	-0.3681	-0.8222	-0.0888	-0.0826	-0.0170	
10.2590	-26.6328	-32.5285	0.2178	-0.3305	-0.6896	0.2811	0.3079	-0.4092	-0.8127	-0.0858	-0.0819	-0.0200	
10.2793	-26.6672	-32.5985	0.2178	-0.3306	-0.6896	0.2366	0.2892	-0.4583	-0.8072	-0.0880	-0.0783	-0.0270	
10.3022	-26.6981	-32.6652	0.2178	-0.3305	-0.6896	0.1923	0.2749	-0.5037	-0.7964	-0.0892	-0.0758	-0.0322	
10.3256	-26.7319	-32.7353	0.2178	-0.3305	-0.6896	0.1582	0.2579	-0.5418	-0.7855	-0.0883	-0.0715	-0.0360	
10.3481	-26.7673	-32.8019	0.2179	-0.3306	-0.6895	0.1238	0.2394	-0.5833	-0.7671	-0.0875	-0.0686	-0.0408	
10.3685	-26.8003	-32.8681	0.2178	-0.3306	-0.6894	0.0751	0.2174	-0.6208	-0.7494	-0.0900	-0.0659	-0.0441	
10.3847	-26.8339	-32.9394	0.2176	-0.3306	-0.6895	0.0434	0.1867	-0.6520	-0.7352	-0.0909	-0.0712	-0.0420	
10.4039	-26.8676	-33.0071	0.2176	-0.3306	-0.6895	-0.0009	-0.1618	0.6760	0.7200	-0.0916	-0.0662	-0.0432	
10.4263	-26.8996	-33.0790	0.2176	-0.3306	-0.6896	0.0252	-0.1433	0.7027	0.6986	-0.0882	-0.0620	-0.0458	
10.4444	-26.9318	-33.1484	0.2175	-0.3306	-0.6896	0.0731	-0.1173	0.7286	0.6706	-0.0905	-0.0596	-0.0485	
10.4692	-26.9648	-33.2177	0.2176	-0.3306	-0.6896	0.1162	-0.0955	0.7452	0.6503	-0.0910	-0.0566	-0.0481	
10.4882	-26.9983	-33.2847	0.2175	-0.3306	-0.6895	0.1359	-0.0614	0.7679	0.6255	-0.0890	-0.0498	-0.0512	
10.5086	-27.0358	-33.3512	0.2174	-0.3307	-0.6895	0.1734	-0.0270	0.7802	0.6011	-0.0907	-0.0455	-0.0512	
10.5337	-27.0687	-33.4207	0.2175	-0.3307	-0.6895	0.2116	0.0125	0.7910	0.5742	-0.0931	-0.0411	-0.0515	
10.5571	-27.1023	-33.4871	0.2176	-0.3307	-0.6894	0.2398	0.0542	0.8048	0.5409	-0.0943	-0.0357	-0.0539	
10.5777	-27.1362	-33.5550	0.2176	-0.3307	-0.6894	0.2773	0.0932	0.8075	0.5124	-0.0965	-0.0324	-0.0528	
10.5979	-27.1692	-33.6210	0.2175	-0.3307	-0.6893	0.2987	0.1283	0.8148	0.4816	-0.0955	-0.0275	-0.0536	
10.6211	-27.2012	-33.6893	0.2176	-0.3307	-0.6893	0.3212	0.1719	0.8205	0.4409	-0.0968	-0.0221	-0.0558	
10.6442	-27.2346	-33.7593	0.2176	-0.3307	-0.6893	0.3383	0.2160	0.8226	0.4038	-0.0975	-0.0163	-0.0565	
10.6651	-27.2686	-33.8276	0.2176	-0.3307	-0.6893	0.3661	0.2377	0.8199	0.3721	-0.0956	-0.0161	-0.0552	
10.6896	-27.3031	-33.8943	0.2177	-0.3308	-0.6892	0.3854	0.2721	0.8145	0.3389	-0.0953	-0.0130	-0.0541	
10.7100	-27.3375	-33.9613	0.2176	-0.3308	-0.6891	0.4021	0.3042	0.8042	0.3185	-0.0937	-0.0107	-0.0499	
10.7300	-27.3719	-34.0322	0.2176	-0.3309	-0.6892	0.4144	0.3320	0.7985	0.2859	-0.0920	-0.0076	-0.0492	
10.7504	-27.4040	-34.1004	0.2175	-0.3308	-0.6892	0.4195	0.3787	0.7870	0.2487	-0.0939	-0.0015	-0.0482	
10.7686	-27.4358	-34.1683	0.2174	-0.3308	-0.6892	0.4239	0.4043	0.7854	0.2018	-0.0921	0.0033	-0.0507	
10.7917	-27.4704	-34.2337	0.2174	-0.3308	-0.6890	0.4172	0.4516	0.7729	0.1585	-0.0940	0.0109	-0.0500	
10.8127	-27.5048	-34.3025	0.2174	-0.3309	-0.6890	0.4204	0.4842	0.7577	0.1240	-0.0934	0.0134	-0.0480	
10.8354	-27.5368	-34.3686	0.2175	-0.3309	-0.6890	0.4102	0.5209	0.7439	0.0904	-0.0924	0.0189	-0.0454	
10.8585	-27.5697	-34.4347	0.2175	-0.3308	-0.6889	0.4085	0.5549	0.7228	0.0563	-0.0927	0.0211	-0.0430	
