-1.5553	-10.2062	1.1819	0.0000	0.0000	0.0000	0.4964	-0.5199	-0.0006	0.6952	0.0000	0.0000	0.0000	
-1.0472	-10.4133	0.7985	0.0503	-0.0205	-0.0380	0.5170	-0.4934	-0.0468	0.7002	0.0049	-0.0008	0.0224	
-0.6138	-10.5405	0.4811	0.1537	-0.0529	-0.1096	0.5089	-0.4836	-0.1089	0.7052	0.0407	-0.0005	0.0402	
-0.3365	-10.5595	0.3842	0.2692	-0.0601	-0.1408	0.4789	-0.4419	-0.1141	0.7516	0.0777	0.0607	0.0158	
-0.1588	-10.6718	0.3021	0.3609	-0.1270	-0.1739	0.5082	-0.4313	-0.1972	0.7308	0.0456	0.0030	0.0727	
0.0244	-10.7272	0.1435	0.4871	-0.1633	-0.2740	0.4787	-0.3651	-0.2919	0.7430	0.0868	0.0052	0.1045	
0.1177	-10.7910	0.0646	0.5157	-0.2003	-0.3192	0.4775	-0.3296	-0.3292	0.7467	0.0747	0.0105	0.1005	
0.2577	-10.7440	0.0721	0.5941	-0.1474	-0.2651	0.4724	-0.3332	-0.3546	0.7406	0.0621	-0.0012	0.0800	
0.4343	-10.7249	0.0946	0.7245	-0.1306	-0.1983	0.4683	-0.3278	-0.4146	0.7095	0.0556	-0.0195	0.0816	
0.5557	-10.6694	-0.0324	0.7624	-0.0645	-0.3062	0.4756	-0.3010	-0.4637	0.6843	0.0492	-0.0197	0.0875	
0.7737	-10.5814	-0.1322	0.9052	0.0117	-0.3598	0.4781	-0.2895	-0.5113	0.6534	0.0432	-0.0260	0.0869	
0.8749	-10.5541	-0.1772	0.9464	0.0405	-0.3694	0.4494	-0.2577	-0.5644	0.6419	0.0530	-0.0289	0.0890	
0.9587	-10.5170	-0.2486	0.9343	0.0670	-0.3985	0.4358	-0.2363	-0.6029	0.6256	0.0527	-0.0291	0.0871	
1.0497	-10.5271	-0.2818	0.9332	0.0516	-0.3928	0.4276	-0.2054	-0.6488	0.5944	0.0508	-0.0298	0.0908	
1.1283	-10.4787	-0.2653	0.9175	0.0600	-0.3261	0.4296	-0.2064	-0.6833	0.5561	0.0412	-0.0353	0.0872	
1.2714	-10.4466	-0.2906	0.9444	0.0900	-0.3281	0.4440	-0.1702	-0.7197	0.5064	0.0341	-0.0315	0.0941	
1.4087	-10.3959	-0.3504	0.9798	0.1200	-0.3475	0.4416	-0.1469	-0.7576	0.4570	0.0302	-0.0331	0.0974	
1.4096	-10.3967	-0.3561	0.9032	0.0974	-0.3189	0.4434	-0.1368	-0.7893	0.4031	0.0231	-0.0360	0.0987	
1.5766	-10.3477	-0.4059	0.9604	0.1122	-0.3226	0.4388	-0.1392	-0.8172	0.3490	0.0160	-0.0402	0.0980	
1.6582	-10.2121	-0.4330	0.9522	0.2055	-0.3254	0.4430	-0.1016	-0.8481	0.2697	0.0119	-0.0397	0.1069	
1.7408	-10.1471	-0.4418	0.9400	0.2335	-0.3094	0.4434	-0.0857	-0.8658	0.2170	0.0080	-0.0386	0.1073	
1.8947	-10.0380	-0.4992	0.9801	0.2773	-0.3188	0.4335	-0.0974	-0.8830	0.1591	0.0012	-0.0426	0.1054	
1.9913	-9.9265	-0.5331	0.9756	0.3278	-0.3196	0.4361	-0.0926	-0.8903	0.0983	-0.0046	-0.0412	0.1058	
2.0858	-9.8184	-0.5774	0.9717	0.3718	-0.3267	0.4345	-0.0870	-0.8960	0.0346	-0.0096	-0.0405	0.1068	
2.1458	-9.6753	-0.5930	0.9461	0.4376	-0.3200	0.4461	-0.0671	-0.8926	-0.0261	-0.0127	-0.0352	0.1083	
2.2833	-9.5993	-0.5888	0.9678	0.4569	-0.3008	0.4471	-0.0574	-0.8880	-0.0917	-0.0174	-0.0331	0.1100	
2.3913	-9.5721	-0.5917	0.9717	0.4480	-0.2866	0.4455	-0.0458	-0.8816	-0.1503	-0.0203	-0.0309	0.1105	
2.5199	-9.4535	-0.6436	0.9845	0.4940	-0.3024	0.4652	-0.0231	-0.8573	-0.2207	-0.0234	-0.0224	0.1146	
2.5709	-9.3486	-0.7238	0.9579	0.5269	-0.3294	0.4794	-0.0013	-0.8325	-0.2792	-0.0245	-0.0155	0.1162	
2.6768	-9.3354	-0.7069	0.9598	0.5130	-0.3063	0.5091	0.0252	-0.7966	-0.3291	-0.0244	-0.0046	0.1170	
2.7480	-9.2847	-0.7050	0.9465	0.5134	-0.2907	0.5120	0.0340	-0.7683	-0.3833	-0.0276	-0.0016	0.1166	
2.8691	-9.1927	-0.7273	0.9580	0.5359	-0.2889	0.5217	0.0634	-0.7260	-0.4425	-0.0269	0.0043	0.1202	
2.9630	-9.1163	-0.6991	0.9565	0.5484	-0.2635	0.5343	0.0898	-0.6818	-0.4917	-0.0257	0.0102	0.1214	
3.0415	-9.0903	-0.7262	0.9480	0.5380	-0.2638	0.5481	0.1126	-0.6315	-0.5371	-0.0247	0.0172	0.1225	
3.1508	-9.0616	-0.7382	0.9530	0.5279	-0.2568	0.5588	0.1207	-0.5844	-0.5772	-0.0257	0.0229	0.1210	
3.2742	-9.0434	-0.7582	0.9648	0.5137	-0.2543	0.5566	0.1526	-0.5388	-0.6138	-0.0223	0.0240	0.1217	
3.3493	-8.9978	-0.7952	0.9556	0.5113	-0.2571	0.5785	0.1724	-0.4904	-0.6316	-0.0170	0.0302	0.1187	
3.4754	-8.9410	-0.8075	0.9674	0.5136	-0.2512	0.5799	0.1973	-0.4366	-0.6591	-0.0142	0.0325	0.1191	
3.5423	-8.9052	-0.8279	0.9559	0.5069	-0.2481	0.5915	0.2259	-0.3914	-0.6700	-0.0081	0.0344	0.1165	
3.6485	-8.8175	-0.9009	0.9593	0.5205	-0.2647	0.6101	0.2407	-0.3347	-0.6786	-0.0031	0.0402	0.1144	
3.7356	-8.7621	-0.9601	0.9561	0.5207	-0.2760	0.6154	0.2617	-0.2956	-0.6845	0.0006	0.0399	0.1108	
3.8361	-8.7196	-0.9641	0.9577	0.5161	-0.2670	0.6177	0.2860	-0.2562	-0.6881	0.0041	0.0385	0.1078	
3.9546	-8.7056	-1.0190	0.9656	0.5021	-0.2766	0.6149	0.3181	-0.2117	-0.6907	0.0081	0.0364	0.1070	
4.0404	-8.6921	-1.0522	0.9619	0.4886	-0.2781	0.6186	0.3490	-0.1725	-0.6842	0.0133	0.0345	0.1043	
4.1423	-8.6442	-1.1084	0.9639	0.4877	-0.2877	0.6120	0.3714	-0.1349	-0.6861	0.0144	0.0328	0.1021	
4.2533	-8.5860	-1.1021	0.9683	0.4903	-0.2756	0.5987	0.4105	-0.0843	-0.6823	0.0175	0.0297	0.1048	
4.3554	-8.5420	-1.1044	0.9698	0.4885	-0.2671	0.5814	0.4437	-0.0296	-0.6807	0.0193	0.0285	0.1074	
4.4662	-8.4961	-1.1230	0.9737	0.4866	-0.2641	0.5783	0.4883	0.0150	-0.6547	0.0261	0.0239	0.1079	
4.5540	-8.4124	-1.1540	0.9706	0.4965	-0.2656	0.5742	0.5268	0.0410	-0.6281	0.0302	0.0178	0.1051	
4.6610	-8.3633	-1.1565	0.9733	0.4956	-0.2582	0.5525	0.5702	0.0777	-0.6034	0.0321	0.0120	0.1069	
4.7399	-8.3209	-1.1701	0.9678	0.4933	-0.2543	0.5128	0.6158	0.1155	-0.5866	0.0303	0.0062	0.1110	
4.8390	-8.2898	-1.1777	0.9684	0.4876	-0.2491	0.4799	0.6535	0.1472	-0.5668	0.0291	0.0017	0.1121	
4.9370	-8.2230	-1.1852	0.9686	0.4924	-0.2445	0.4568	0.6865	0.1648	-0.5435	0.0280	-0.0033	0.1095	
5.0372	-8.1410	-1.2037	0.9695	0.5015	-0.2431	0.4211	0.7119	0.1857	-0.5319	0.0238	-0.0053	0.1085	
5.1472	-8.0810	-1.2096	0.9730	0.5043	-0.2384	0.3919	0.7265	0.2060	-0.5279	0.0198	-0.0044	0.1051	
5.2654	-8.0092	-1.2248	0.9784	0.5098	-0.2363	0.3488	0.7584	0.2137	-0.5089	0.0139	-0.0093	0.1052	
5.3935	-7.9396	-1.2524	0.9862	0.5147	-0.2375	0.3152	0.7762	0.2411	-0.4903	0.0136	-0.0094	0.1046	
5.5227	-7.9001	-1.2829	0.9940	0.5114	-0.2393	0.2683	0.7954	0.2664	-0.4733	0.0106	-0.0097	0.1061	
5.6420	-7.8686	-1.2991	0.9990	0.5061	-0.2374	0.2171	0.8153	0.2789	-0.4591	0.0050	-0.0105	0.1069	
5.7429	-7.8027	-1.3344	0.9992	0.5098	-0.2401	0.1478	0.8319	0.2928	-0.4472	-0.0023	-0.0098	0.1107	
5.8371	-7.7272	-1.3754	0.9979	0.5160	-0.2442	0.0824	0.8377	0.3058	-0.4454	-0.0089	-0.0061	0.1119	
5.9694	-7.6679	-1.4051	1.0055	0.5177	-0.2455	0.0288	0.8397	0.3089	-0.4479	-0.0032	-0.0096	0.1143	
6.0456	-7.5931	-1.4120	0.9997	0.5233	-0.2412	0.0333	-0.8403	-0.3190	0.4375	-0.0083	-0.0072	0.1152	
6.1495	-7.5523	-1.4338	1.0006	0.5205	-0.2407	0.0916	-0.8317	-0.3278	0.4407	-0.0135	-0.0014	0.1138	
6.2370	-7.4978	-1.4637	0.9977	0.5211	-0.2420	0.1558	-0.8250	-0.3333	0.4288	-0.0184	0.0009	0.1146	
6.3340	-7.4455	-1.5098	0.9971	0.5212	-0.2470	0.2179	-0.8058	-0.3402	0.4345	-0.0226	0.0080	0.1134	
6.4547	-7.3817	-1.5420	1.0017	0.5239	-0.2487	0.2669	-0.7862	-0.3381	0.4467	-0.0262	0.0152	0.1088	
6.5531	-7.3016	-1.5955	1.0013	0.5301	-0.2550	0.3355	-0.7478	-0.3384	0.4634	-0.0305	0.0263	0.1084	
6.6787	-7.2191	-1.6127	1.0066	0.5365	-0.2533	0.3903	-0.7138	-0.3448	0.4688	-0.0311	0.0327	0.1073	
6.7495	-7.1480	-1.6460	1.0003	0.5404	-0.2550	0.4511	-0.6736	-0.3454	0.4724	-0.0328	0.0391	0.1075	
6.8354	-7.0718	-1.6562	0.9974	0.5451	-0.2517	0.4990	-0.6264	-0.3586	0.4804	-0.0297	0.0453	0.1067	
6.9199	-7.0015	-1.6862	0.9943	0.5485	-0.2527	0.5365	-0.5772	-0.3627	0.5000	-0.0262	0.0531	0.1026	
7.0080	-6.9338	-1.6857	0.9920	0.5511	-0.2474	0.5830	-0.5153	-0.3696	0.5076	-0.0234	0.0602	0.1033	
7.1015	-6.8879	-1.7065	0.9909	0.5492	-0.2467	0.6210	-0.4623	-0.3662	0.5171	-0.0217	0.0656	0.1011	
7.2069	-6.8413	-1.7255	0.9922	0.5475	-0.2456	0.6559	-0.4059	-0.3683	0.5192	-0.0191	0.0691	0.1004	
7.3069	-6.7821	-1.7451	0.9923	0.5484	-0.2446	0.6843	-0.3481	-0.3704	0.5236	-0.0154	0.0722	0.0991	
7.4048	-6.7270	-1.7497	0.9921	0.5485	-0.2409	0.7089	-0.2818	-0.3811	0.5225	-0.0103	0.0741	0.1001	
7.5056	-6.6782	-1.7685	0.9925	0.5474	-0.2398	0.7250	-0.2363	-0.3881	0.5200	-0.0071	0.0721	0.0978	
7.5947	-6.6209	-1.7865	0.9906	0.5481	-0.2386	0.7282	-0.1898	-0.3886	0.5360	-0.0012	0.0725	0.0924	
7.7033	-6.5547	-1.8001	0.9925	0.5503	-0.2367	0.7283	-0.1277	-0.4028	0.5413	0.0064	0.0719	0.0922	
7.7910	-6.4780	-1.8273	0.9904	0.5545	-0.2373	0.7298	-0.0682	-0.4097	0.5441	0.0117	0.0718	0.0913	
7.8671	-6.4081	-1.8458	0.9863	0.5574	-0.2363	0.7264	-0.0135	-0.4224	0.5435	0.0165	0.0693	0.0908	
7.9601	-6.3565	-1.8698	0.9854	0.5567	-0.2365	0.7217	0.0540	-0.4446	0.5278	0.0208	0.0662	0.0952	
8.0544	-6.3168	-1.8740	0.9847	0.5539	-0.2330	0.7045	0.1062	-0.4678	0.5255	0.0261	0.0612	0.0954	
8.1267	-6.2776	-1.8886	0.9804	0.5512	-0.2314	0.6839	0.1559	-0.5032	0.5071	0.0291	0.0532	0.0987	
8.2490	-6.2310	-1.9097	0.9846	0.5497	-0.2310	0.6680	0.1955	-0.5222	0.4952	0.0306	0.0482	0.0975	
8.3418	-6.1927	-1.9239	0.9837	0.5468	-0.2295	0.6455	0.2516	-0.5527	0.4631	0.0317	0.0429	0.1029	
8.4365	-6.1289	-1.9651	0.9832	0.5485	-0.2326	0.6217	0.2867	-0.5795	0.4451	0.0325	0.0366	0.1028	
8.5332	-6.0977	-1.9737	0.9831	0.5445	-0.2300	0.5858	0.3224	-0.6097	0.4286	0.0347	0.0295	0.1033	
8.6044	-6.0364	-2.0067	0.9787	0.5458	-0.2316	0.5528	0.3606	-0.6361	0.4006	0.0353	0.0243	0.1054	
8.7031	-5.9806	-2.0434	0.9789	0.5460	-0.2338	0.5172	0.3922	-0.6621	0.3764	0.0358	0.0186	0.1061	
8.7825	-5.9459	-2.0646	0.9760	0.5428	-0.2335	0.4907	0.4319	-0.6803	0.3303	0.0328	0.0168	0.1096	
8.8684	-5.8942	-2.0974	0.9742	0.5424	-0.2350	0.4583	0.4640	-0.6976	0.2975	0.0323	0.0138	0.1103	
8.9673	-5.8378	-2.1206	0.9745	0.5427	-0.2349	0.4351	0.4903	-0.7090	0.2619	0.0295	0.0125	0.1096	
9.0512	-5.7813	-2.1379	0.9724	0.5432	-0.2339	0.4110	0.5172	-0.7207	0.2099	0.0249	0.0121	0.1119	
9.1323	-5.7240	-2.1582	0.9700	0.5437	-0.2334	0.3991	0.5321	-0.7305	0.1602	0.0182	0.0132	0.1111	
9.2256	-5.6597	-2.1764	0.9694	0.5453	-0.2326	0.3738	0.5589	-0.7318	0.1090	0.0161	0.0139	0.1126	
9.3142	-5.6082	-2.1948	0.9682	0.5448	-0.2319	0.3718	0.5648	-0.7361	0.0682	0.0100	0.0164	0.1081	
9.4123	-5.5494	-2.2369	0.9684	0.5455	-0.2347	0.3448	0.5774	-0.7397	0.0109	0.0059	0.0165	0.1103	
9.5125	-5.4754	-2.2628	0.9690	0.5485	-0.2351	0.3320	0.5800	-0.7423	-0.0543	-0.0012	0.0196	0.1112	
9.6182	-5.4243	-2.2809	0.9703	0.5480	-0.2343	0.3164	0.5874	-0.7386	-0.1014	-0.0039	0.0208	0.1094	
9.7151	-5.3762	-2.3176	0.9703	0.5470	-0.2363	0.2925	0.5960	-0.7321	-0.1522	-0.0055	0.0213	0.1095	
9.8061	-5.3111	-2.3490	0.9694	0.5486	-0.2374	0.2722	0.6061	-0.7154	-0.2142	-0.0070	0.0248	0.1112	
9.9185	-5.2516	-2.3650	0.9716	0.5493	-0.2363	0.2771	0.6134	-0.6884	-0.2733	-0.0081	0.0334	0.1086	
10.0370	-5.1852	-2.3737	0.9746	0.5510	-0.2342	0.2690	0.6112	-0.6708	-0.3241	-0.0103	0.0366	0.1064	
10.1240	-5.1313	-2.4091	0.9732	0.5509	-0.2358	0.2791	0.6017	-0.6469	-0.3790	-0.0124	0.0445	0.1023	
10.2248	-5.0770	-2.4323	0.9737	0.5508	-0.2358	0.2846	0.6036	-0.6197	-0.4161	-0.0104	0.0481	0.0972	
10.3059	-5.0289	-2.4815	0.9715	0.5499	-0.2393	0.2876	0.6026	-0.5771	-0.4701	-0.0084	0.0551	0.0962	
10.4064	-4.9805	-2.5018	0.9720	0.5491	-0.2388	0.2958	0.6077	-0.5246	-0.5182	-0.0037	0.0619	0.0946	
10.5019	-4.9279	-2.5185	0.9718	0.5488	-0.2378	0.3011	0.6073	-0.4779	-0.5593	-0.0002	0.0662	0.0924	
10.5933	-4.8600	-2.5361	0.9710	0.5506	-0.2369	0.3042	0.6077	-0.4215	-0.6004	0.0045	0.0704	0.0917	
10.6880	-4.8073	-2.5605	0.9706	0.5503	-0.2369	0.3038	0.5929	-0.3653	-0.6492	0.0057	0.0762	0.0919	
10.7727	-4.7444	-2.5959	0.9690	0.5514	-0.2385	0.3072	0.5859	-0.3147	-0.6812	0.0093	0.0782	0.0897	
10.8657	-4.6952	-2.6148	0.9685	0.5506	-0.2378	0.3116	0.5730	-0.2616	-0.7118	0.0122	0.0808	0.0877	
10.9647	-4.6392	-2.6296	0.9688	0.5507	-0.2365	0.3220	0.5693	-0.1839	-0.7341	0.0213	0.0841	0.0876	
11.0558	-4.5879	-2.6534	0.9681	0.5502	-0.2365	0.3257	0.5663	-0.1151	-0.7488	0.0280	0.0841	0.0873	
11.1543	-4.5310	-2.6905	0.9683	0.5505	-0.2382	0.3259	0.5564	-0.0518	-0.7628	0.0322	0.0842	0.0867	
11.2457	-4.4881	-2.7277	0.9676	0.5489	-0.2399	0.3231	0.5533	0.0113	-0.7684	0.0367	0.0819	0.0867	
11.3482	-4.4505	-2.7523	0.9684	0.5467	-0.2400	0.3280	0.5471	0.0775	-0.7671	0.0427	0.0804	0.0859	
11.4443	-4.4055	-2.7612	0.9683	0.5454	-0.2380	0.3260	0.5568	0.1350	-0.7543	0.0472	0.0736	0.0863	
11.5456	-4.3402	-2.7856	0.9689	0.5467	-0.2381	0.3146	0.5524	0.2105	-0.7425	0.0523	0.0710	0.0901	
11.6377	-4.2729	-2.8125	0.9683	0.5483	-0.2385	0.3064	0.5512	0.2656	-0.7305	0.0542	0.0668	0.0902	
11.7338	-4.2307	-2.8527	0.9682	0.5467	-0.2405	0.3057	0.5524	0.3228	-0.7068	0.0586	0.0619	0.0896	
11.8359	-4.1829	-2.8782	0.9689	0.5458	-0.2406	0.3019	0.5586	0.3823	-0.6730	0.0632	0.0555	0.0910	
11.9419	-4.1229	-2.9013	0.9700	0.5464	-0.2406	0.3081	0.5717	0.4198	-0.6385	0.0655	0.0471	0.0880	
12.0437	-4.0711	-2.9194	0.9705	0.5461	-0.2399	0.3076	0.5807	0.4602	-0.6000	0.0676	0.0399	0.0869	
12.1357	-3.9943	-2.9401	0.9700	0.5487	-0.2395	0.2722	0.5904	0.5102	-0.5639	0.0646	0.0349	0.0930	
12.2250	-3.9282	-2.9726	0.9691	0.5501	-0.2405	0.2483	0.5866	0.5502	-0.5410	0.0618	0.0333	0.0930	
12.3335	-3.8515	-2.9879	0.9704	0.5526	-0.2395	0.2356	0.5902	0.5898	-0.4998	0.0626	0.0280	0.0936	
12.4222	-3.7929	-3.0057	0.9694	0.5529	-0.2388	0.2045	0.5942	0.6364	-0.4471	0.0627	0.0231	0.0993	
12.5342	-3.7402	-3.0270	0.9712	0.5526	-0.2386	0.1686	0.6025	0.6646	-0.4110	0.0572	0.0203	0.1012	
12.6369	-3.6836	-3.0493	0.9718	0.5528	-0.2384	0.1228	0.6102	0.6890	-0.3734	0.0508	0.0185	0.1044	
12.7425	-3.6232	-3.0605	0.9727	0.5534	-0.2371	0.0824	0.6185	0.7059	-0.3384	0.0446	0.0166	0.1055	
12.8444	-3.5720	-3.0870	0.9732	0.5529	-0.2374	0.0421	0.6045	0.7321	-0.3117	0.0420	0.0189	0.1055	
12.9305	-3.4913	-3.1204	0.9720	0.5558	-0.2384	0.0154	0.6094	0.7457	-0.2732	0.0448	0.0237	0.1063	
13.0334	-3.4286	-3.1371	0.9726	0.5566	-0.2376	0.0207	-0.6046	-0.7602	0.2403	0.0412	0.0223	0.1057	
13.1291	-3.3574	-3.1625	0.9725	0.5583	-0.2378	0.0674	-0.6036	-0.7682	0.2058	0.0356	0.0216	0.1066	
13.2251	-3.2926	-3.1860	0.9723	0.5593	-0.2378	0.1050	-0.5964	-0.7758	0.1829	0.0317	0.0223	0.1041	
13.3230	-3.2262	-3.2086	0.9724	0.5605	-0.2377	0.1535	-0.5882	-0.7783	0.1613	0.0267	0.0249	0.1032	
13.4287	-3.1694	-3.2266	0.9733	0.5606	-0.2371	0.1956	-0.5815	-0.7792	0.1317	0.0227	0.0249	0.1029	
13.5325	-3.1120	-3.2572	0.9739	0.5607	-0.2378	0.2397	-0.5749	-0.7766	0.0964	0.0186	0.0241	0.1039	
13.6288	-3.0567	-3.2958	0.9738	0.5607	-0.2394	0.3011	-0.5596	-0.7685	0.0758	0.0142	0.0297	0.1048	
13.7271	-3.0088	-3.3203	0.9739	0.5598	-0.2395	0.3429	-0.5382	-0.7682	0.0585	0.0136	0.0322	0.1027	
13.8258	-2.9476	-3.3496	0.9741	0.5604	-0.2400	0.3805	-0.5136	-0.7685	0.0390	0.0138	0.0336	0.1007	
13.9267	-2.8901	-3.3778	0.9744	0.5605	-0.2405	0.4342	-0.4759	-0.7642	0.0287	0.0155	0.0402	0.1002	
14.0257	-2.8290	-3.4060	0.9746	0.5610	-0.2409	0.4773	-0.4419	-0.7594	0.0120	0.0165	0.0429	0.0994	
14.1181	-2.7668	-3.4159	0.9741	0.5617	-0.2395	0.5296	-0.3968	-0.7491	-0.0006	0.0188	0.0485	0.0998	
14.2148	-2.7002	-3.4372	0.9740	0.5627	-0.2392	0.5757	-0.3610	-0.7338	-0.0066	0.0196	0.0531	0.0977	
14.3142	-2.6303	-3.4527	0.9742	0.5641	-0.2383	0.6084	-0.3178	-0.7288	0.0021	0.0247	0.0564	0.0921	
14.4073	-2.5716	-3.4731	0.9737	0.5643	-0.2380	0.6400	-0.2697	-0.7200	0.0043	0.0292	0.0586	0.0890	
14.4984	-2.5183	-3.4945	0.9731	0.5640	-0.2378	0.6779	-0.2158	-0.7024	0.0055	0.0334	0.0625	0.0881	
14.5832	-2.4572	-3.5166	0.9719	0.5645	-0.2376	0.6963	-0.1603	-0.7008	0.0097	0.0397	0.0612	0.0848	
14.6669	-2.4011	-3.5363	0.9706	0.5644	-0.2372	0.7113	-0.1039	-0.6960	0.0146	0.0455	0.0597	0.0820	
14.7613	-2.3541	-3.5602	0.9703	0.5635	-0.2372	0.7263	-0.0432	-0.6861	0.0298	0.0528	0.0598	0.0788	
14.8602	-2.2981	-3.5867	0.9705	0.5635	-0.2375	0.7353	0.0229	-0.6765	0.0379	0.0596	0.0582	0.0778	
14.9575	-2.2391	-3.6124	0.9705	0.5638	-0.2377	0.7318	0.0920	-0.6750	0.0391	0.0659	0.0529	0.0779	
15.0479	-2.1761	-3.6401	0.9699	0.5644	-0.2380	0.7320	0.1511	-0.6627	0.0553	0.0713	0.0509	0.0750	
15.1530	-2.1214	-3.6554	0.9707	0.5643	-0.2372	0.7296	0.2102	-0.6483	0.0588	0.0743	0.0483	0.0745	
15.2485	-2.0621	-3.6823	0.9705	0.5645	-0.2375	0.7212	0.2628	-0.6373	0.0817	0.0790	0.0450	0.0706	
15.3388	-2.0006	-3.7057	0.9699	0.5650	-0.2375	0.7020	0.3293	-0.6257	0.0866	0.0833	0.0400	0.0719	
15.4368	-1.9398	-3.7298	0.9700	0.5654	-0.2375	0.6877	0.3901	-0.6068	0.0800	0.0840	0.0373	0.0742	
15.5327	-1.8765	-3.7498	0.9699	0.5661	-0.2372	0.6527	0.4594	-0.5991	0.0678	0.0858	0.0299	0.0793	
15.6288	-1.8249	-3.7763	0.9698	0.5656	-0.2374	0.6198	0.5101	-0.5940	0.0696	0.0862	0.0233	0.0796	
15.7340	-1.7691	-3.8121	0.9706	0.5656	-0.2385	0.5742	0.5605	-0.5952	0.0654	0.0858	0.0147	0.0820	
15.8395	-1.7175	-3.8347	0.9713	0.5651	-0.2384	0.5324	0.6134	-0.5805	0.0588	0.0863	0.0101	0.0846	
15.9399	-1.6634	-3.8627	0.9716	0.5649	-0.2388	0.4783	0.6727	-0.5621	0.0423	0.0870	0.0052	0.0907	
16.0447	-1.6138	-3.8828	0.9723	0.5643	-0.2384	0.4346	0.7182	-0.5426	0.0304	0.0859	0.0025	0.0929	
16.1466	-1.5541	-3.9006	0.9727	0.5646	-0.2379	0.3929	0.7443	-0.5440	0.0094	0.0786	-0.0012	0.0940	
16.2415	-1.4987	-3.9296	0.9725	0.5645	-0.2383	0.3321	0.7823	-0.5262	-0.0219	0.0754	-0.0041	0.1007	
16.3422	-1.4390	-3.9532	0.9728	0.5648	-0.2383	0.2773	0.8027	-0.5303	-0.0366	0.0697	-0.0097	0.1016	
16.4501	-1.3793	-3.9783	0.9738	0.5651	-0.2384	0.2288	0.8231	-0.5168	-0.0669	0.0645	-0.0099	0.1042	
16.5486	-1.3169	-3.9969	0.9739	0.5656	-0.2379	0.1783	0.8421	-0.5019	-0.0900	0.0609	-0.0111	0.1058	
16.6501	-1.2633	-4.0164	0.9742	0.5653	-0.2376	0.1290	0.8502	-0.5004	-0.1148	0.0543	-0.0128	0.1064	
16.7500	-1.2047	-4.0399	0.9745	0.5655	-0.2375	0.0756	0.8612	-0.4807	-0.1468	0.0507	-0.0122	0.1093	
16.8518	-1.1546	-4.0640	0.9748	0.5649	-0.2376	0.0251	0.8700	-0.4552	-0.1870	0.0541	-0.0140	0.1060	
16.9342	-1.0997	-4.0916	0.9735	0.5648	-0.2379	0.0227	-0.8738	0.4349	0.2185	0.0502	-0.0126	0.1079	
17.0347	-1.0399	-4.1146	0.9738	0.5651	-0.2378	0.0580	-0.8746	0.4251	0.2337	0.0457	-0.0129	0.1047	
17.1332	-0.9817	-4.1392	0.9739	0.5652	-0.2379	0.0935	-0.8720	0.3992	0.2692	0.0429	-0.0084	0.1052	
17.2309	-0.9221	-4.1579	0.9739	0.5655	-0.2375	0.1345	-0.8666	0.3717	0.3048	0.0404	-0.0050	0.1070	
17.3289	-0.8708	-4.1878	0.9740	0.5650	-0.2380	0.1637	-0.8548	0.3530	0.3464	0.0364	0.0008	0.1066	
17.4272	-0.8118	-4.2122	0.9741	0.5653	-0.2380	0.1985	-0.8381	0.3335	0.3847	0.0324	0.0048	0.1073	
17.5264	-0.7584	-4.2354	0.9743	0.5650	-0.2380	0.2166	-0.8255	0.3092	0.4219	0.0313	0.0103	0.1046	
17.6244	-0.6957	-4.2703	0.9743	0.5655	-0.2389	0.2322	-0.8103	0.2883	0.4566	0.0299	0.0151	0.1013	
17.7147	-0.6301	-4.2946	0.9737	0.5663	-0.2389	0.2495	-0.7918	0.2637	0.4924	0.0290	0.0194	0.0993	
17.8143	-0.5777	-4.3207	0.9739	0.5659	-0.2391	0.2699	-0.7577	0.2507	0.5401	0.0245	0.0265	0.0995	
17.9133	-0.5206	-4.3400	0.9741	0.5660	-0.2387	0.2798	-0.7380	0.2081	0.5780	0.0283	0.0308	0.0981	
18.0021	-0.4621	-4.3611	0.9734	0.5661	-0.2385	0.2823	-0.7213	0.1672	0.6109	0.0325	0.0338	0.0948	
18.1031	-0.3971	-4.3935	0.9737	0.5668	-0.2392	0.2874	-0.7015	0.1161	0.6417	0.0378	0.0362	0.0934	
18.1988	-0.3377	-4.4162	0.9736	0.5670	-0.2391	0.2968	-0.6880	0.0745	0.6589	0.0401	0.0347	0.0909	
18.3001	-0.2805	-4.4354	0.9739	0.5671	-0.2387	0.2992	-0.6661	0.0383	0.6827	0.0418	0.0361	0.0882	
18.3927	-0.2233	-4.4574	0.9735	0.5671	-0.2385	0.2886	-0.6488	-0.0217	0.7042	0.0500	0.0361	0.0858	
18.4869	-0.1657	-4.4769	0.9733	0.5672	-0.2382	0.2771	-0.6255	-0.0599	0.7277	0.0530	0.0378	0.0819	
18.5802	-0.1093	-4.4982	0.9729	0.5671	-0.2380	0.2689	-0.6164	-0.1012	0.7346	0.0557	0.0342	0.0777	
18.6763	-0.0566	-4.5201	0.9729	0.5668	-0.2378	0.2664	-0.5901	-0.1628	0.7439	0.0606	0.0328	0.0789	
18.7639	-0.0010	-4.5486	0.9721	0.5667	-0.2382	0.2654	-0.5647	-0.2175	0.7502	0.0633	0.0312	0.0795	
18.8527	0.0607	-4.5706	0.9715	0.5671	-0.2380	0.2714	-0.5533	-0.2813	0.7363	0.0655	0.0234	0.0813	
18.9505	0.1153	-4.5952	0.9715	0.5669	-0.2381	0.2573	-0.5313	-0.3459	0.7291	0.0712	0.0192	0.0815	
19.0523	0.1706	-4.6213	0.9719	0.5668	-0.2382	0.2403	-0.5101	-0.4169	0.7127	0.0775	0.0133	0.0827	
19.1437	0.2201	-4.6385	0.9715	0.5663	-0.2377	0.2338	-0.4898	-0.4789	0.6899	0.0792	0.0075	0.0847	
19.2441	0.2760	-4.6661	0.9717	0.5662	-0.2380	0.2362	-0.4757	-0.5309	0.6614	0.0771	0.0017	0.0864	
19.3367	0.3357	-4.6923	0.9714	0.5664	-0.2382	0.2349	-0.4603	-0.5890	0.6218	0.0765	-0.0056	0.0896	
19.4375	0.3894	-4.7257	0.9717	0.5662	-0.2389	0.2226	-0.4514	-0.6384	0.5837	0.0761	-0.0126	0.0898	
19.5306	0.4592	-4.7484	0.9714	0.5672	-0.2388	0.2073	-0.4338	-0.6867	0.5456	0.0770	-0.0179	0.0900	
19.6138	0.5144	-4.7644	0.9703	0.5671	-0.2382	0.2107	-0.4227	-0.7385	0.4821	0.0730	-0.0260	0.0963	
19.7023	0.5669	-4.7984	0.9697	0.5668	-0.2390	0.2119	-0.4028	-0.7839	0.4220	0.0703	-0.0309	0.1010	
19.7928	0.6287	-4.8206	0.9693	0.5671	-0.2389	0.2111	-0.3939	-0.8196	0.3604	0.0660	-0.0365	0.1037	
19.8844	0.6807	-4.8483	0.9689	0.5668	-0.2391	0.2174	-0.3717	-0.8499	0.3046	0.0623	-0.0374	0.1064	
19.9832	0.7361	-4.8683	0.9690	0.5667	-0.2389	0.2282	-0.3655	-0.8723	0.2358	0.0551	-0.0407	0.1102	
20.0717	0.7892	-4.8880	0.9684	0.5664	-0.2386	0.2416	-0.3577	-0.8848	0.1860	0.0485	-0.0399	0.1098	
20.1648	0.8416	-4.9103	0.9682	0.5661	-0.2384	0.2505	-0.3365	-0.8994	0.1245	0.0447	-0.0401	0.1123	
20.2633	0.8993	-4.9290	0.9683	0.5662	-0.2381	0.2542	-0.3231	-0.9101	0.0606	0.0403	-0.0421	0.1138	
20.3571	0.9512	-4.9474	0.9681	0.5659	-0.2377	0.2611	-0.3017	-0.9172	-0.0009	0.0371	-0.0420	0.1156	
20.4493	1.0126	-4.9630	0.9678	0.5662	-0.2371	0.2818	-0.2825	-0.9142	-0.0743	0.0312	-0.0405	0.1207	
20.5436	1.0680	-4.9836	0.9676	0.5661	-0.2369	0.3096	-0.2507	-0.9086	-0.1297	0.0290	-0.0344	0.1232	
20.6411	1.1130	-5.0037	0.9676	0.5653	-0.2366	0.3393	-0.2516	-0.8922	-0.1768	0.0208	-0.0292	0.1217	
20.7395	1.1630	-5.0208	0.9677	0.5649	-0.2362	0.3557	-0.2435	-0.8767	-0.2215	0.0158	-0.0266	0.1194	
20.8398	1.2219	-5.0494	0.9680	0.5651	-0.2365	0.3858	-0.2246	-0.8562	-0.2645	0.0130	-0.0203	0.1192	
20.9374	1.2666	-5.0719	0.9680	0.5642	-0.2365	0.4211	-0.2284	-0.8286	-0.2992	0.0061	-0.0132	0.1164	
21.0330	1.3270	-5.0953	0.9679	0.5645	-0.2364	0.4535	-0.2108	-0.7984	-0.3379	0.0036	-0.0070	0.1163	
21.1320	1.3876	-5.1130	0.9681	0.5648	-0.2360	0.4777	-0.1938	-0.7733	-0.3716	0.0021	-0.0029	0.1143	
21.2262	1.4393	-5.1324	0.9679	0.5645	-0.2357	0.5083	-0.1793	-0.7465	-0.3940	0.0015	0.0030	0.1106	
21.3233	1.4904	-5.1533	0.9679	0.5641	-0.2355	0.5397	-0.1515	-0.7124	-0.4230	0.0026	0.0084	0.1107	
21.4229	1.5509	-5.1822	0.9681	0.5644	-0.2359	0.5555	-0.1084	-0.6937	-0.4466	0.0079	0.0089	0.1090	
21.5169	1.6098	-5.2012	0.9679	0.5646	-0.2356	0.5841	-0.0769	-0.6570	-0.4707	0.0095	0.0137	0.1090	
21.6198	1.6618	-5.2212	0.9683	0.5643	-0.2354	0.6019	-0.0412	-0.6278	-0.4923	0.0121	0.0151	0.1079	
21.7184	1.7199	-5.2433	0.9684	0.5644	-0.2353	0.6312	-0.0023	-0.5944	-0.4996	0.0173	0.0190	0.1058	
21.8142	1.7765	-5.2691	0.9683	0.5644	-0.2354	0.6690	0.0370	-0.5453	-0.5043	0.0221	0.0258	0.1060	
21.9109	1.8261	-5.2833	0.9683	0.5639	-0.2348	0.6874	0.0697	-0.5103	-0.5129	0.0240	0.0275	0.1037	
22.0043	1.8872	-5.3066	0.9681	0.5643	-0.2348	0.7029	0.1132	-0.4823	-0.5118	0.0291	0.0267	0.1009	
22.1054	1.9413	-5.3252	0.9684	0.5641	-0.2344	0.7098	0.1641	-0.4454	-0.5200	0.0328	0.0252	0.1020	
22.2099	1.9956	-5.3527	0.9689	0.5640	-0.2347	0.7186	0.2131	-0.4087	-0.5207	0.0369	0.0241	0.1021	
22.3028	2.0533	-5.3707	0.9686	0.5641	-0.2344	0.7275	0.2610	-0.3767	-0.5114	0.0418	0.0224	0.1001	
22.4014	2.1114	-5.3933	0.9687	0.5642	-0.2343	0.7227	0.3068	-0.3417	-0.5165	0.0426	0.0201	0.1007	
22.5038	2.1730	-5.4176	0.9691	0.5645	-0.2344	0.7125	0.3567	-0.3292	-0.5094	0.0448	0.0124	0.0981	
22.6059	2.2332	-5.4442	0.9694	0.5647	-0.2346	0.7076	0.3999	-0.3079	-0.4961	0.0472	0.0085	0.0954	
22.6976	2.2872	-5.4630	0.9691	0.5646	-0.2343	0.6871	0.4526	-0.2820	-0.4936	0.0476	0.0031	0.0969	
22.7896	2.3435	-5.4842	0.9688	0.5646	-0.2341	0.6634	0.5042	-0.2455	-0.4945	0.0474	0.0003	0.1001	
22.8827	2.4010	-5.5004	0.9685	0.5646	-0.2337	0.6344	0.5548	-0.2213	-0.4910	0.0463	-0.0052	0.1016	
22.9786	2.4519	-5.5175	0.9685	0.5643	-0.2333	0.6001	0.6068	-0.1965	-0.4826	0.0456	-0.0109	0.1036	
23.0759	2.5044	-5.5389	0.9685	0.5640	-0.2331	0.5492	0.6651	-0.1691	-0.4761	0.0435	-0.0179	0.1088	
23.1782	2.5538	-5.5686	0.9688	0.5636	-0.2335	0.5063	0.7101	-0.1516	-0.4659	0.0407	-0.0234	0.1095	
23.2682	2.6089	-5.5924	0.9684	0.5635	-0.2336	0.4502	0.7520	-0.1373	-0.4623	0.0351	-0.0287	0.1118	
23.3674	2.6703	-5.6183	0.9685	0.5638	-0.2337	0.4008	0.7832	-0.1204	-0.4611	0.0299	-0.0306	0.1123	
23.4597	2.7259	-5.6463	0.9683	0.5638	-0.2340	0.3333	0.8225	-0.0973	-0.4492	0.0261	-0.0352	0.1168	
23.5625	2.7848	-5.6690	0.9686	0.5639	-0.2340	0.2780	0.8477	-0.0912	-0.4447	0.0197	-0.0375	0.1162	
23.6633	2.8400	-5.6933	0.9689	0.5639	-0.2340	0.2115	0.8691	-0.0648	-0.4418	0.0153	-0.0373	0.1196	
23.7694	2.8985	-5.7186	0.9694	0.5640	-0.2341	0.1460	0.8864	-0.0603	-0.4368	0.0081	-0.0389	0.1201	
23.8647	2.9624	-5.7391	0.9693	0.5645	-0.2339	0.0853	0.8954	-0.0607	-0.4357	0.0010	-0.0387	0.1191	
23.9742	3.0116	-5.7617	0.9701	0.5640	-0.2339	0.0175	0.9000	-0.0566	-0.4330	0.0084	-0.0391	0.1184	
24.0763	3.0691	-5.7870	0.9704	0.5641	-0.2340	0.0436	-0.8970	0.0348	0.4397	0.0038	-0.0346	0.1196	
24.1783	3.1241	-5.8149	0.9707	0.5640	-0.2343	0.1076	-0.8940	0.0193	0.4350	-0.0008	-0.0333	0.1206	
24.2785	3.1825	-5.8380	0.9709	0.5641	-0.2343	0.1556	-0.8832	0.0139	0.4468	-0.0057	-0.0279	0.1178	
24.3718	3.2410	-5.8623	0.9706	0.5643	-0.2343	0.2111	-0.8686	-0.0017	0.4494	-0.0088	-0.0242	0.1178	
24.4719	3.2948	-5.8813	0.9708	0.5641	-0.2341	0.2729	-0.8476	-0.0057	0.4568	-0.0148	-0.0196	0.1185	
24.5654	3.3560	-5.9048	0.9706	0.5644	-0.2341	0.3301	-0.8185	0.0074	0.4745	-0.0230	-0.0128	0.1171	
24.6616	3.4153	-5.9292	0.9706	0.5645	-0.2341	0.3749	-0.7911	-0.0085	0.4850	-0.0231	-0.0077	0.1158	
24.7567	3.4770	-5.9556	0.9705	0.5649	-0.2343	0.4245	-0.7518	-0.0114	0.5066	-0.0263	0.0006	0.1155	
24.8512	3.5314	-5.9799	0.9703	0.5647	-0.2344	0.4762	-0.7091	-0.0221	0.5199	-0.0282	0.0066	0.1166	
24.9546	3.5942	-5.9968	0.9707	0.5651	-0.2340	0.5174	-0.6723	-0.0542	0.5271	-0.0243	0.0098	0.1173	
25.0560	3.6541	-6.0182	0.9709	0.5653	-0.2339	0.5481	-0.6337	-0.0795	0.5418	-0.0203	0.0143	0.1158	
25.1484	3.7114	-6.0396	0.9707	0.5653	-0.2337	0.5752	-0.5856	-0.1110	0.5616	-0.0149	0.0200	0.1158	
25.2427	3.7632	-6.0587	0.9705	0.5651	-0.2335	0.6086	-0.5336	-0.1479	0.5679	-0.0109	0.0229	0.1182	
25.3400	3.8175	-6.0843	0.9705	0.5649	-0.2336	0.6317	-0.4877	-0.1720	0.5787	-0.0078	0.0260	0.1167	
25.4347	3.8761	-6.1002	0.9704	0.5651	-0.2332	0.6438	-0.4512	-0.1884	0.5917	-0.0048	0.0281	0.1117	
25.5260	3.9350	-6.1228	0.9701	0.5652	-0.2332	0.6572	-0.4084	-0.2082	0.5998	-0.0021	0.0299	0.1090	
25.6202	3.9850	-6.1374	0.9699	0.5648	-0.2327	0.6634	-0.3633	-0.2343	0.6122	0.0028	0.0316	0.1068	
25.7185	4.0380	-6.1548	0.9700	0.5646	-0.2323	0.6657	-0.3030	-0.2728	0.6253	0.0102	0.0341	0.1083	
25.8153	4.0934	-6.1763	0.9700	0.5646	-0.2322	0.6713	-0.2574	-0.2947	0.6304	0.0126	0.0351	0.1061	
25.9035	4.1540	-6.1920	0.9695	0.5648	-0.2318	0.6665	-0.2129	-0.3264	0.6367	0.0176	0.0341	0.1043	
25.9986	4.2071	-6.2149	0.9694	0.5646	-0.2318	0.6646	-0.1596	-0.3568	0.6368	0.0212	0.0344	0.1047	
26.0994	4.2641	-6.2344	0.9696	0.5647	-0.2316	0.6581	-0.1160	-0.4001	0.6277	0.0250	0.0299	0.1055	
26.1901	4.3274	-6.2503	0.9693	0.5650	-0.2312	0.6430	-0.0817	-0.4455	0.6191	0.0289	0.0236	0.1050	
26.2886	4.3830	-6.2765	0.9694	0.5650	-0.2314	0.6295	-0.0446	-0.4790	0.6112	0.0314	0.0206	0.1036	
26.3891	4.4406	-6.2925	0.9696	0.5650	-0.2310	0.6186	-0.0038	-0.5082	0.5996	0.0328	0.0190	0.1028	
26.4815	4.4943	-6.3155	0.9693	0.5649	-0.2310	0.6033	0.0249	-0.5426	0.5853	0.0334	0.0145	0.1013	
26.5794	4.5490	-6.3393	0.9694	0.5648	-0.2310	0.5918	0.0497	-0.5826	0.5559	0.0312	0.0082	0.1020	
26.6777	4.6082	-6.3643	0.9695	0.5649	-0.2311	0.5774	0.0767	-0.6156	0.5317	0.0303	0.0043	0.1015	
26.7751	4.6653	-6.3849	0.9695	0.5650	-0.2310	0.5561	0.1092	-0.6583	0.4950	0.0295	-0.0011	0.1047	
26.8702	4.7207	-6.4143	0.9694	0.5649	-0.2313	0.5339	0.1345	-0.6935	0.4652	0.0289	-0.0053	0.1050	
26.9603	4.7770	-6.4370	0.9690	0.5649	-0.2313	0.5154	0.1498	-0.7320	0.4207	0.0243	-0.0109	0.1065	
27.0465	4.8319	-6.4622	0.9685	0.5648	-0.2314	0.5041	0.1676	-0.7623	0.3704	0.0187	-0.0136	0.1080	
27.1332	4.8888	-6.4867	0.9679	0.5648	-0.2315	0.4894	0.1912	-0.7912	0.3120	0.0138	-0.0156	0.1115	
27.2323	4.9435	-6.5054	0.9680	0.5647	-0.2312	0.4766	0.2009	-0.8157	0.2611	0.0081	-0.0178	0.1114	
27.3345	5.0028	-6.5268	0.9683	0.5649	-0.2311	0.4747	0.2106	-0.8306	0.2047	0.0011	-0.0168	0.1111	
27.4316	5.0552	-6.5465	0.9683	0.5647	-0.2310	0.4664	0.2314	-0.8410	0.1468	-0.0028	-0.0150	0.1124	
27.5278	5.1095	-6.5683	0.9683	0.5646	-0.2309	0.4507	0.2310	-0.8573	0.1035	-0.0068	-0.0169	0.1096	
27.6234	5.1711	-6.5909	0.9683	0.5648	-0.2309	0.4482	0.2412	-0.8602	0.0348	-0.0133	-0.0135	0.1115	
27.7249	5.2268	-6.6122	0.9685	0.5648	-0.2308	0.4666	0.2502	-0.8500	-0.0209	-0.0189	-0.0053	0.1091	
27.8181	5.2808	-6.6398	0.9683	0.5647	-0.2310	0.4619	0.2597	-0.8437	-0.0846	-0.0229	-0.0021	0.1102	
27.9133	5.3393	-6.6560	0.9682	0.5648	-0.2306	0.4680	0.2723	-0.8297	-0.1401	-0.0252	0.0036	0.1091	
28.0113	5.4005	-6.6805	0.9683	0.5650	-0.2307	0.4672	0.2800	-0.8093	-0.2177	-0.0305	0.0092	0.1125	
28.1006	5.4576	-6.7010	0.9679	0.5651	-0.2306	0.4773	0.2767	-0.7880	-0.2764	-0.0347	0.0155	0.1104	
28.1943	5.5140	-6.7197	0.9677	0.5651	-0.2304	0.4716	0.2857	-0.7626	-0.3376	-0.0360	0.0189	0.1113	
28.2904	5.5727	-6.7420	0.9677	0.5652	-0.2303	0.4813	0.2970	-0.7245	-0.3951	-0.0356	0.0266	0.1111	
28.3854	5.6293	-6.7636	0.9676	0.5652	-0.2302	0.4923	0.2876	-0.6884	-0.4501	-0.0386	0.0336	0.1089	
28.4810	5.6816	-6.7855	0.9676	0.5650	-0.2302	0.4918	0.2971	-0.6435	-0.5053	-0.0376	0.0386	0.1099	
28.5790	5.7391	-6.8051	0.9676	0.5650	-0.2300	0.4942	0.3042	-0.5957	-0.5554	-0.0360	0.0437	0.1101	
28.6769	5.7932	-6.8265	0.9677	0.5649	-0.2299	0.4994	0.3008	-0.5466	-0.6017	-0.0358	0.0494	0.1088	
28.7763	5.8469	-6.8502	0.9678	0.5648	-0.2300	0.5056	0.3029	-0.5008	-0.6356	-0.0329	0.0528	0.1062	
28.8710	5.8983	-6.8700	0.9677	0.5645	-0.2298	0.5111	0.3127	-0.4464	-0.6658	-0.0281	0.0562	0.1053	
28.9640	5.9506	-6.8936	0.9675	0.5643	-0.2298	0.5203	0.3246	-0.3927	-0.6872	-0.0221	0.0588	0.1036	
29.0620	6.0033	-6.9174	0.9676	0.5641	-0.2299	0.5318	0.3374	-0.3304	-0.7045	-0.0152	0.0624	0.1029	
29.1575	6.0551	-6.9412	0.9675	0.5639	-0.2299	0.5270	0.3564	-0.2764	-0.7213	-0.0103	0.0611	0.1032	
29.2496	6.1160	-6.9681	0.9673	0.5641	-0.2301	0.5283	0.3683	-0.2172	-0.7344	-0.0054	0.0624	0.1029	
29.3464	6.1725	-6.9949	0.9673	0.5641	-0.2303	0.5371	0.3760	-0.1696	-0.7381	-0.0007	0.0625	0.0989	
29.4468	6.2335	-7.0151	0.9675	0.5643	-0.2301	0.5340	0.4016	-0.1042	-0.7374	0.0063	0.0609	0.1014	
29.5430	6.2893	-7.0398	0.9675	0.5643	-0.2302	0.5361	0.4180	-0.0398	-0.7331	0.0127	0.0613	0.1017	
29.6401	6.3464	-7.0594	0.9675	0.5643	-0.2301	0.5353	0.4348	0.0183	-0.7250	0.0179	0.0600	0.1012	
29.7432	6.4036	-7.0819	0.9678	0.5644	-0.2300	0.5307	0.4548	0.0624	-0.7144	0.0211	0.0556	0.0993	
29.8458	6.4599	-7.1079	0.9681	0.5643	-0.2302	0.5220	0.4731	0.1175	-0.7006	0.0250	0.0533	0.0998	
29.9437	6.5208	-7.1306	0.9681	0.5646	-0.2302	0.5032	0.5037	0.1662	-0.6832	0.0271	0.0474	0.1020	
30.0404	6.5748	-7.1522	0.9681	0.5644	-0.2301	0.4885	0.5190	0.2101	-0.6703	0.0281	0.0446	0.1007	
30.1384	6.6316	-7.1786	0.9682	0.5645	-0.2303	0.4687	0.5438	0.2467	-0.6525	0.0281	0.0391	0.1005	
30.2319	6.6886	-7.1988	0.9680	0.5645	-0.2301	0.4506	0.5582	0.2930	-0.6325	0.0301	0.0370	0.1005	
30.3295	6.7466	-7.2221	0.9680	0.5646	-0.2301	0.4225	0.5808	0.3354	-0.6100	0.0298	0.0331	0.1024	
30.4280	6.8040	-7.2508	0.9681	0.5646	-0.2304	0.3811	0.6035	0.3807	-0.5874	0.0278	0.0300	0.1065	
30.5250	6.8644	-7.2695	0.9681	0.5648	-0.2302	0.3499	0.6278	0.4159	-0.5579	0.0273	0.0254	0.1080	
30.6193	6.9272	-7.2915	0.9680	0.5651	-0.2302	0.3184	0.6478	0.4489	-0.5275	0.0268	0.0215	0.1087	
30.7163	6.9872	-7.3094	0.9680	0.5653	-0.2299	0.2910	0.6733	0.4625	-0.5014	0.0235	0.0157	0.1064	
30.8080	7.0503	-7.3237	0.9678	0.5656	-0.2295	0.2519	0.6931	0.4774	-0.4796	0.0186	0.0127	0.1057	
30.9047	7.1111	-7.3416	0.9678	0.5658	-0.2293	0.2172	0.7110	0.4971	-0.4483	0.0170	0.0092	0.1057	
31.0036	7.1662	-7.3669	0.9679	0.5657	-0.2294	0.1698	0.7310	0.5130	-0.4170	0.0129	0.0064	0.1075	
31.0979	7.2271	-7.3898	0.9678	0.5659	-0.2294	0.1167	0.7455	0.5281	-0.3893	0.0083	0.0056	0.1095	
31.1920	7.2829	-7.4072	0.9676	0.5659	-0.2291	0.0724	0.7576	0.5342	-0.3700	0.0036	0.0051	0.1079	
31.2997	7.3434	-7.4248	0.9681	0.5660	-0.2289	0.0075	0.7582	0.5452	-0.3579	0.0094	0.0008	0.1065	
31.3980	7.4026	-7.4456	0.9682	0.5662	-0.2288	0.0576	-0.7550	-0.5559	0.3433	0.0032	0.0059	0.1085	
31.4968	7.4620	-7.4648	0.9683	0.5663	-0.2286	0.1100	-0.7461	-0.5694	0.3276	0.0005	0.0097	0.1083	
31.5949	7.5216	-7.4912	0.9684	0.5664	-0.2288	0.1670	-0.7366	-0.5669	0.3332	-0.0058	0.0173	0.1051	
31.6947	7.5841	-7.5138	0.9685	0.5667	-0.2288	0.2378	-0.7164	-0.5689	0.3263	-0.0104	0.0250	0.1068	
31.7922	7.6405	-7.5374	0.9685	0.5667	-0.2288	0.2818	-0.7049	-0.5697	0.3173	-0.0123	0.0270	0.1037	
31.8838	7.6951	-7.5610	0.9683	0.5666	-0.2288	0.3400	-0.6671	-0.5779	0.3268	-0.0117	0.0371	0.1022	
31.9756	7.7506	-7.5825	0.9681	0.5665	-0.2288	0.3938	-0.6307	-0.5817	0.3305	-0.0110	0.0444	0.1007	
32.0748	7.8080	-7.6009	0.9682	0.5666	-0.2286	0.4393	-0.5990	-0.5820	0.3324	-0.0104	0.0490	0.0979	
32.1709	7.8654	-7.6225	0.9681	0.5666	-0.2285	0.4889	-0.5586	-0.5803	0.3353	-0.0093	0.0550	0.0965	
32.2640	7.9225	-7.6471	0.9680	0.5666	-0.2286	0.5472	-0.5090	-0.5712	0.3385	-0.0088	0.0631	0.0968	
32.3580	7.9815	-7.6747	0.9678	0.5667	-0.2288	0.5963	-0.4655	-0.5598	0.3377	-0.0088	0.0678	0.0958	
32.4565	8.0441	-7.6960	0.9679	0.5670	-0.2287	0.6367	-0.4104	-0.5570	0.3409	-0.0046	0.0723	0.0945	
32.5519	8.1079	-7.7184	0.9679	0.5673	-0.2287	0.6685	-0.3436	-0.5620	0.3465	0.0030	0.0763	0.0936	
32.6531	8.1660	-7.7370	0.9681	0.5674	-0.2285	0.7007	-0.2762	-0.5586	0.3470	0.0084	0.0799	0.0937	
32.7500	8.2242	-7.7575	0.9681	0.5674	-0.2284	0.7230	-0.2112	-0.5596	0.3465	0.0145	0.0808	0.0930	
32.8477	8.2779	-7.7803	0.9681	0.5673	-0.2284	0.7407	-0.1420	-0.5597	0.3439	0.0207	0.0813	0.0933	
32.9394	8.3322	-7.8011	0.9679	0.5672	-0.2283	0.7461	-0.0754	-0.5529	0.3675	0.0299	0.0833	0.0886	
33.0378	8.3887	-7.8247	0.9679	0.5672	-0.2284	0.7523	-0.0182	-0.5468	0.3690	0.0336	0.0818	0.0866	
33.1331	8.4449	-7.8494	0.9679	0.5672	-0.2284	0.7490	0.0452	-0.5490	0.3705	0.0396	0.0786	0.0860	
33.2269	8.5014	-7.8678	0.9678	0.5672	-0.2282	0.7427	0.1087	-0.5484	0.3702	0.0447	0.0757	0.0857	
33.3254	8.5553	-7.8940	0.9678	0.5670	-0.2284	0.7253	0.1746	-0.5551	0.3704	0.0511	0.0708	0.0865	
33.4198	8.6145	-7.9156	0.9677	0.5671	-0.2283	0.7064	0.2319	-0.5635	0.3632	0.0545	0.0647	0.0873	
33.5197	8.6694	-7.9344	0.9679	0.5671	-0.2282	0.6743	0.2983	-0.5742	0.3583	0.0607	0.0583	0.0897	
33.6184	8.7229	-7.9616	0.9679	0.5669	-0.2283	0.6567	0.3494	-0.5688	0.3527	0.0620	0.0559	0.0883	
33.7161	8.7789	-7.9840	0.9680	0.5669	-0.2283	0.6436	0.3850	-0.5725	0.3365	0.0584	0.0513	0.0871	
33.8121	8.8323	-8.0084	0.9679	0.5668	-0.2284	0.6099	0.4410	-0.5734	0.3246	0.0615	0.0470	0.0890	
33.9092	8.8868	-8.0353	0.9680	0.5667	-0.2286	0.5659	0.4947	-0.5859	0.3050	0.0632	0.0400	0.0933	
34.0070	8.9423	-8.0552	0.9680	0.5666	-0.2284	0.5346	0.5384	-0.5911	0.2754	0.0607	0.0361	0.0961	
34.1030	8.9935	-8.0750	0.9680	0.5664	-0.2283	0.5035	0.5829	-0.5862	0.2516	0.0601	0.0342	0.0970	
34.1963	9.0457	-8.0934	0.9678	0.5662	-0.2281	0.4706	0.6167	-0.5920	0.2221	0.0566	0.0304	0.0984	
34.2921	9.0965	-8.1167	0.9678	0.5659	-0.2281	0.4305	0.6496	-0.5991	0.1868	0.0532	0.0265	0.1015	
34.3869	9.1547	-8.1426	0.9677	0.5660	-0.2283	0.4000	0.6716	-0.6049	0.1602	0.0492	0.0234	0.1005	
34.4824	9.2073	-8.1663	0.9676	0.5658	-0.2283	0.3540	0.6887	-0.6227	0.1228	0.0437	0.0178	0.1035	
34.5770	9.2648	-8.1912	0.9676	0.5659	-0.2284	0.3144	0.7118	-0.6223	0.0879	0.0413	0.0158	0.1048	
34.6717	9.3204	-8.2152	0.9675	0.5658	-0.2284	0.2769	0.7282	-0.6259	0.0477	0.0369	0.0143	0.1061	
34.7643	9.3736	-8.2407	0.9673	0.5657	-0.2285	0.2496	0.7422	-0.6227	0.0017	0.0321	0.0160	0.1064	
34.8588	9.4298	-8.2650	0.9672	0.5657	-0.2286	0.2198	0.7506	-0.6224	-0.0440	0.0271	0.0168	0.1068	
34.9592	9.4879	-8.2858	0.9674	0.5658	-0.2285	0.1962	0.7519	-0.6246	-0.0895	0.0211	0.0181	0.1058	
35.0595	9.5490	-8.3088	0.9675	0.5659	-0.2285	0.1705	0.7591	-0.6187	-0.1181	0.0194	0.0171	0.1029	
35.1550	9.6039	-8.3365	0.9675	0.5659	-0.2287	0.1396	0.7575	-0.6139	-0.1726	0.0144	0.0195	0.1048	
35.2530	9.6584	-8.3580	0.9675	0.5658	-0.2287	0.1159	0.7648	-0.5964	-0.2151	0.0137	0.0219	0.1038	
35.3486	9.7150	-8.3816	0.9675	0.5658	-0.2287	0.0918	0.7668	-0.5728	-0.2734	0.0123	0.0272	0.1055	
35.4523	9.7743	-8.4076	0.9678	0.5659	-0.2288	0.0870	0.7629	-0.5485	-0.3327	0.0108	0.0355	0.1037	
35.5486	9.8305	-8.4272	0.9677	0.5659	-0.2287	0.0781	0.7584	-0.5235	-0.3815	0.0102	0.0404	0.1014	
35.6424	9.8861	-8.4543	0.9676	0.5658	-0.2289	0.0701	0.7566	-0.4844	-0.4337	0.0124	0.0464	0.1004	
35.7402	9.9438	-8.4817	0.9677	0.5659	-0.2290	0.0652	0.7466	-0.4520	-0.4841	0.0128	0.0517	0.0984	
35.8392	10.0013	-8.5051	0.9677	0.5659	-0.2291	0.0546	0.7369	-0.4238	-0.5245	0.0126	0.0536	0.0962	
35.9328	10.0535	-8.5259	0.9676	0.5657	-0.2290	0.0538	0.7286	-0.3956	-0.5584	0.0137	0.0552	0.0918	
36.0295	10.1097	-8.5528	0.9676	0.5657	-0.2291	0.0604	0.7216	-0.3609	-0.5895	0.0169	0.0575	0.0868	
36.1292	10.1646	-8.5782	0.9677	0.5657	-0.2292	0.0529	0.7116	-0.3025	-0.6311	0.0220	0.0613	0.0878	
36.2268	10.2186	-8.6021	0.9678	0.5656	-0.2293	0.0708	0.6966	-0.2519	-0.6689	0.0277	0.0668	0.0836	
36.3221	10.2712	-8.6248	0.9677	0.5654	-0.2293	0.0722	0.6879	-0.2018	-0.6940	0.0320	0.0669	0.0816	
36.4206	10.3313	-8.6445	0.9678	0.5656	-0.2291	0.0757	0.6826	-0.1399	-0.7137	0.0389	0.0663	0.0802	
36.5112	10.3882	-8.6719	0.9675	0.5656	-0.2293	0.0909	0.6729	-0.0808	-0.7305	0.0461	0.0666	0.0770	
36.6062	10.4472	-8.6912	0.9675	0.5657	-0.2292	0.1056	0.6633	-0.0288	-0.7414	0.0513	0.0653	0.0733	
36.6986	10.4996	-8.7167	0.9673	0.5655	-0.2293	0.1066	0.6568	0.0424	-0.7454	0.0581	0.0622	0.0743	
36.7901	10.5586	-8.7390	0.9671	0.5656	-0.2292	0.1059	0.6495	0.1187	-0.7435	0.0651	0.0585	0.0763	
36.8835	10.6069	-8.7591	0.9670	0.5653	-0.2291	0.1084	0.6301	0.1938	-0.7433	0.0710	0.0575	0.0779	
36.9773	10.6646	-8.7842	0.9669	0.5653	-0.2292	0.1199	0.6172	0.2778	-0.7263	0.0806	0.0533	0.0793	
37.0756	10.7209	-8.8063	0.9669	0.5653	-0.2292	0.1150	0.6046	0.3481	-0.7073	0.0839	0.0485	0.0819	
37.1707	10.7759	-8.8281	0.9669	0.5652	-0.2291	0.1109	0.5907	0.4052	-0.6896	0.0845	0.0445	0.0826	
37.2642	10.8348	-8.8548	0.9667	0.5653	-0.2293	0.1115	0.5841	0.4528	-0.6665	0.0844	0.0389	0.0815	
37.3616	10.8898	-8.8787	0.9668	0.5653	-0.2293	0.1100	0.5778	0.5037	-0.6344	0.0849	0.0325	0.0822	
37.4569	10.9490	-8.9043	0.9667	0.5654	-0.2294	0.0995	0.5699	0.5600	-0.5939	0.0852	0.0262	0.0859	
37.5526	11.0067	-8.9302	0.9667	0.5654	-0.2295	0.0905	0.5662	0.6018	-0.5583	0.0830	0.0207	0.0866	
37.6516	11.0643	-8.9557	0.9668	0.5655	-0.2296	0.0915	0.5607	0.6473	-0.5100	0.0842	0.0135	0.0875	
37.7496	11.1246	-8.9812	0.9668	0.5656	-0.2297	0.0676	0.5442	0.6957	-0.4638	0.0822	0.0110	0.0926	
37.8468	11.1835	-9.0047	0.9668	0.5657	-0.2298	0.0516	0.5358	0.7343	-0.4152	0.0798	0.0066	0.0952	
37.9455	11.2396	-9.0295	0.9669	0.5657	-0.2298	0.0271	0.5231	0.7668	-0.3728	0.0758	0.0052	0.0973	
38.0390	11.2930	-9.0561	0.9668	0.5656	-0.2300	-0.0038	0.5231	0.7905	-0.3230	0.0822	0.0098	0.0940	
38.1300	11.3498	-9.0796	0.9666	0.5656	-0.2300	0.0266	-0.5292	-0.8062	0.2732	0.0748	0.0036	0.0956	
38.2241	11.4053	-9.0992	0.9665	0.5655	-0.2299	0.0493	-0.5289	-0.8186	0.2275	0.0683	-0.0004	0.0963	
38.3172	11.4672	-9.1217	0.9663	0.5657	-0.2298	0.0786	-0.5071	-0.8402	0.1752	0.0657	-0.0017	0.1001	
38.4131	11.5283	-9.1466	0.9663	0.5659	-0.2299	0.1025	-0.5072	-0.8487	0.1233	0.0593	-0.0060	0.1015	
38.5098	11.5856	-9.1690	0.9663	0.5659	-0.2299	0.1421	-0.5040	-0.8497	0.0847	0.0515	-0.0044	0.1025	
38.6098	11.6436	-9.1908	0.9664	0.5660	-0.2299	0.1774	-0.4972	-0.8495	0.0483	0.0453	-0.0030	0.1025	
38.7059	11.7037	-9.2096	0.9664	0.5661	-0.2297	0.2159	-0.4893	-0.8461	0.0116	0.0393	-0.0010	0.1030	
38.8055	11.7569	-9.2309	0.9665	0.5660	-0.2296	0.2539	-0.4742	-0.8434	-0.0223	0.0353	0.0017	0.1032	
38.9034	11.8161	-9.2533	0.9666	0.5661	-0.2296	0.2950	-0.4476	-0.8420	-0.0586	0.0337	0.0051	0.1048	
39.0021	11.8697	-9.2724	0.9667	0.5660	-0.2295	0.3439	-0.4302	-0.8324	-0.0770	0.0303	0.0120	0.1033	
39.0993	11.9267	-9.2929	0.9667	0.5660	-0.2294	0.3819	-0.4192	-0.8185	-0.1022	0.0256	0.0148	0.1017	
39.1927	11.9847	-9.3169	0.9665	0.5660	-0.2294	0.4139	-0.3934	-0.8106	-0.1308	0.0246	0.0163	0.1011	
39.2896	12.0411	-9.3413	0.9666	0.5660	-0.2295	0.4669	-0.3570	-0.7925	-0.1599	0.0246	0.0224	0.1041	
39.3872	12.1005	-9.3622	0.9666	0.5661	-0.2294	0.5143	-0.3177	-0.7759	-0.1792	0.0262	0.0280	0.1044	
39.4846	12.1574	-9.3860	0.9666	0.5661	-0.2294	0.5595	-0.2753	-0.7575	-0.1929	0.0286	0.0334	0.1038	
39.5861	12.2120	-9.4092	0.9668	0.5661	-0.2294	0.5925	-0.2388	-0.7391	-0.2138	0.0289	0.0351	0.1032	
39.6826	12.2673	-9.4323	0.9668	0.5660	-0.2294	0.6201	-0.2028	-0.7222	-0.2311	0.0296	0.0359	0.1014	
39.7779	12.3249	-9.4548	0.9667	0.5661	-0.2294	0.6558	-0.1520	-0.7016	-0.2341	0.0348	0.0396	0.0996	
39.8746	12.3826	-9.4753	0.9667	0.5661	-0.2293	0.6843	-0.1160	-0.6776	-0.2445	0.0351	0.0413	0.0976	
39.9682	12.4376	-9.4966	0.9666	0.5660	-0.2293	0.7067	-0.0652	-0.6623	-0.2424	0.0407	0.0415	0.0944	
40.0652	12.4967	-9.5195	0.9666	0.5661	-0.2293	0.7296	-0.0119	-0.6408	-0.2392	0.0460	0.0423	0.0924	
40.1610	12.5551	-9.5397	0.9666	0.5662	-0.2292	0.7330	0.0346	-0.6342	-0.2479	0.0481	0.0374	0.0898	
40.2533	12.6084	-9.5632	0.9665	0.5661	-0.2292	0.7441	0.0848	-0.6154	-0.2469	0.0516	0.0360	0.0880	
40.3507	12.6668	-9.5833	0.9665	0.5661	-0.2291	0.7484	0.1445	-0.6042	-0.2351	0.0584	0.0322	0.0854	
40.4483	12.7234	-9.6046	0.9665	0.5661	-0.2290	0.7545	0.2062	-0.5837	-0.2183	0.0654	0.0303	0.0837	
40.5410	12.7754	-9.6262	0.9664	0.5660	-0.2290	0.7573	0.2577	-0.5617	-0.2117	0.0678	0.0288	0.0824	
40.6385	12.8328	-9.6475	0.9664	0.5660	-0.2289	0.7399	0.3231	-0.5535	-0.2074	0.0717	0.0210	0.0829	
40.7359	12.8894	-9.6756	0.9664	0.5660	-0.2291	0.7153	0.3838	-0.5521	-0.1958	0.0751	0.0118	0.0818	
40.8315	12.9449	-9.6935	0.9664	0.5660	-0.2289	0.6894	0.4458	-0.5398	-0.1868	0.0780	0.0052	0.0825	
40.9292	12.9998	-9.7126	0.9664	0.5659	-0.2288	0.6617	0.5060	-0.5227	-0.1806	0.0797	0.0000	0.0840	
41.0263	13.0545	-9.7396	0.9664	0.5658	-0.2290	0.6201	0.5650	-0.5172	-0.1727	0.0804	-0.0088	0.0854	
41.1239	13.1107	-9.7622	0.9665	0.5658	-0.2289	0.5842	0.6113	-0.5081	-0.1679	0.0787	-0.0141	0.0855	
41.2180	13.1700	-9.7830	0.9664	0.5659	-0.2289	0.5392	0.6610	-0.4953	-0.1657	0.0772	-0.0196	0.0877	
41.3197	13.2268	-9.8040	0.9666	0.5659	-0.2288	0.4971	0.7044	-0.4760	-0.1749	0.0738	-0.0218	0.0905	
41.4173	13.2806	-9.8234	0.9666	0.5658	-0.2287	0.4457	0.7487	-0.4541	-0.1855	0.0706	-0.0247	0.0947	
41.5127	13.3339	-9.8470	0.9666	0.5657	-0.2287	0.3920	0.7913	-0.4240	-0.1986	0.0682	-0.0259	0.0996	
41.6095	13.3872	-9.8683	0.9666	0.5656	-0.2287	0.3231	0.8315	-0.3968	-0.2142	0.0646	-0.0291	0.1065	
41.7053	13.4402	-9.8937	0.9665	0.5655	-0.2287	0.2594	0.8573	-0.3907	-0.2171	0.0592	-0.0342	0.1082	
41.8013	13.4958	-9.9199	0.9665	0.5654	-0.2289	0.1908	0.8741	-0.3790	-0.2404	0.0511	-0.0353	0.1129	
41.8985	13.5463	-9.9414	0.9665	0.5652	-0.2288	0.1214	0.8913	-0.3533	-0.2559	0.0471	-0.0361	0.1174	
41.9935	13.6038	-9.9676	0.9665	0.5653	-0.2289	0.0740	0.8968	-0.3458	-0.2736	0.0405	-0.0342	0.1159	
42.0970	13.6603	-9.9935	0.9667	0.5653	-0.2290	0.0218	0.9008	-0.3335	-0.2814	0.0458	-0.0330	0.1171	
42.1955	13.7164	-10.0184	0.9668	0.5653	-0.2291	0.0364	-0.8974	0.3210	0.3051	0.0385	-0.0310	0.1187	
42.2922	13.7712	-10.0427	0.9668	0.5652	-0.2291	0.0950	-0.8902	0.3088	0.3246	0.0320	-0.0298	0.1198	
42.3903	13.8227	-10.0659	0.9668	0.5650	-0.2292	0.1455	-0.8851	0.2848	0.3399	0.0291	-0.0279	0.1197	
42.4905	13.8843	-10.0885	0.9669	0.5652	-0.2291	0.2018	-0.8696	0.2727	0.3617	0.0229	-0.0256	0.1208	
42.5880	13.9392	-10.1134	0.9670	0.5651	-0.2292	0.2506	-0.8482	0.2652	0.3878	0.0165	-0.0215	0.1206	
42.6854	13.9937	-10.1393	0.9670	0.5651	-0.2293	0.2886	-0.8292	0.2314	0.4207	0.0167	-0.0146	0.1206	
42.7852	14.0513	-10.1649	0.9671	0.5651	-0.2294	0.3229	-0.8054	0.2153	0.4512	0.0137	-0.0087	0.1187	
42.8845	14.1027	-10.1907	0.9672	0.5649	-0.2295	0.3520	-0.7874	0.1962	0.4695	0.0124	-0.0058	0.1150	
42.9814	14.1607	-10.2141	0.9672	0.5650	-0.2295	0.3867	-0.7579	0.1782	0.4959	0.0099	-0.0011	0.1142	
43.0759	14.2200	-10.2371	0.9671	0.5651	-0.2295	0.4069	-0.7340	0.1573	0.5231	0.0103	0.0038	0.1106	
43.1734	14.2782	-10.2605	0.9672	0.5651	-0.2295	0.4228	-0.7069	0.1323	0.5534	0.0119	0.0093	0.1075	
43.2714	14.3331	-10.2863	0.9672	0.5651	-0.2296	0.4386	-0.6809	0.0981	0.5792	0.0151	0.0129	0.1054	
43.3679	14.3902	-10.3079	0.9672	0.5651	-0.2296	0.4510	-0.6503	0.0711	0.6084	0.0169	0.0176	0.1029	
43.4648	14.4483	-10.3291	0.9672	0.5652	-0.2295	0.4665	-0.6213	0.0281	0.6290	0.0209	0.0192	0.1024	
43.5628	14.5044	-10.3522	0.9672	0.5651	-0.2295	0.4808	-0.5809	-0.0269	0.6555	0.0267	0.0224	0.1047	
43.6593	14.5622	-10.3744	0.9672	0.5652	-0.2295	0.4834	-0.5475	-0.0689	0.6801	0.0313	0.0249	0.1028	
43.7509	14.6214	-10.3986	0.9671	0.5653	-0.2295	0.4864	-0.5220	-0.1082	0.6932	0.0343	0.0243	0.0998	
43.8458	14.6799	-10.4237	0.9670	0.5653	-0.2296	0.4824	-0.4932	-0.1520	0.7084	0.0389	0.0242	0.0972	
43.9457	14.7347	-10.4479	0.9671	0.5653	-0.2297	0.4781	-0.4678	-0.1882	0.7202	0.0416	0.0237	0.0938	
44.0436	14.7915	-10.4701	0.9671	0.5653	-0.2296	0.4785	-0.4499	-0.2347	0.7176	0.0438	0.0189	0.0918	
44.1374	14.8497	-10.4914	0.9671	0.5653	-0.2296	0.4773	-0.4214	-0.2840	0.7169	0.0465	0.0162	0.0917	
44.2322	14.9109	-10.5111	0.9670	0.5655	-0.2295	0.4655	-0.3991	-0.3408	0.7130	0.0514	0.0112	0.0909	
44.3298	14.9691	-10.5319	0.9670	0.5656	-0.2294	0.4526	-0.3655	-0.3988	0.7084	0.0562	0.0084	0.0919	
44.4279	15.0242	-10.5571	0.9671	0.5655	-0.2295	0.4406	-0.3395	-0.4448	0.7023	0.0582	0.0058	0.0907	
44.5270	15.0832	-10.5787	0.9671	0.5656	-0.2294	0.4385	-0.3055	-0.4982	0.6822	0.0586	0.0026	0.0932	
44.6217	15.1383	-10.5971	0.9671	0.5655	-0.2293	0.4268	-0.2839	-0.5519	0.6581	0.0592	-0.0036	0.0939	
44.7184	15.1936	-10.6173	0.9671	0.5655	-0.2292	0.4203	-0.2640	-0.5952	0.6327	0.0573	-0.0079	0.0938	
44.8127	15.2491	-10.6377	0.9670	0.5655	-0.2291	0.4251	-0.2407	-0.6497	0.5828	0.0529	-0.0145	0.0990	
44.9070	15.3054	-10.6569	0.9669	0.5655	-0.2290	0.4103	-0.2307	-0.6967	0.5425	0.0508	-0.0220	0.0995	
45.0015	15.3596	-10.6823	0.9669	0.5654	-0.2291	0.4051	-0.2107	-0.7367	0.4992	0.0474	-0.0254	0.1012	
45.0953	15.4172	-10.7036	0.9668	0.5654	-0.2290	0.4063	-0.1958	-0.7745	0.4444	0.0414	-0.0294	0.1043	
45.1935	15.4718	-10.7234	0.9668	0.5653	-0.2289	0.4053	-0.1687	-0.8096	0.3890	0.0376	-0.0310	0.1081	
45.2869	15.5301	-10.7464	0.9667	0.5654	-0.2289	0.3948	-0.1515	-0.8422	0.3346	0.0343	-0.0345	0.1098	
45.3826	15.5860	-10.7713	0.9667	0.5654	-0.2290	0.3921	-0.1400	-0.8689	0.2686	0.0278	-0.0374	0.1129	
45.4800	15.6431	-10.7945	0.9667	0.5654	-0.2290	0.3854	-0.1377	-0.8889	0.2105	0.0218	-0.0403	0.1129	
45.5754	15.7023	-10.8169	0.9667	0.5655	-0.2290	0.3972	-0.1253	-0.8993	0.1371	0.0134	-0.0385	0.1172	
45.6723	15.7591	-10.8408	0.9667	0.5655	-0.2290	0.3975	-0.1180	-0.9082	0.0584	0.0058	-0.0396	0.1212	
45.7685	15.8172	-10.8667	0.9667	0.5655	-0.2291	0.3998	-0.1229	-0.9098	-0.0050	-0.0017	-0.0395	0.1205	
45.8644	15.8720	-10.8916	0.9666	0.5655	-0.2292	0.4044	-0.1017	-0.9055	-0.0759	-0.0053	-0.0365	0.1238	
45.9602	15.9295	-10.9131	0.9666	0.5655	-0.2291	0.4104	-0.0984	-0.8954	-0.1460	-0.0119	-0.0343	0.1251	
46.0538	15.9826	-10.9363	0.9665	0.5654	-0.2291	0.4191	-0.0809	-0.8787	-0.2144	-0.0153	-0.0301	0.1275	
46.1463	16.0379	-10.9609	0.9664	0.5654	-0.2292	0.4323	-0.0718	-0.8574	-0.2736	-0.0191	-0.0250	0.1272	
46.2420	16.0962	-10.9825	0.9663	0.5654	-0.2291	0.4520	-0.0707	-0.8300	-0.3249	-0.0236	-0.0186	0.1252	
46.3386	16.1522	-11.0085	0.9663	0.5654	-0.2292	0.4628	-0.0523	-0.8007	-0.3782	-0.0242	-0.0139	0.1254	
46.4370	16.2095	-11.0332	0.9664	0.5654	-0.2293	0.4685	-0.0381	-0.7717	-0.4295	-0.0254	-0.0108	0.1247	
46.5336	16.2655	-11.0569	0.9664	0.5654	-0.2293	0.4809	-0.0118	-0.7353	-0.4782	-0.0237	-0.0058	0.1256	
46.6296	16.3193	-11.0830	0.9664	0.5653	-0.2294	0.5009	-0.0041	-0.6955	-0.5181	-0.0250	0.0009	0.1235	
46.7262	16.3764	-11.1040	0.9664	0.5654	-0.2294	0.5180	0.0259	-0.6483	-0.5581	-0.0218	0.0065	0.1247	
46.8234	16.4327	-11.1279	0.9664	0.5653	-0.2294	0.5397	0.0550	-0.6057	-0.5844	-0.0169	0.0118	0.1231	
46.9209	16.4911	-11.1518	0.9664	0.5654	-0.2294	0.5458	0.0927	-0.5628	-0.6143	-0.0122	0.0132	0.1233	
47.0166	16.5483	-11.1733	0.9664	0.5654	-0.2294	0.5714	0.1202	-0.5158	-0.6295	-0.0070	0.0189	0.1207	
47.1110	16.6024	-11.1943	0.9663	0.5653	-0.2293	0.5876	0.1419	-0.4742	-0.6424	-0.0038	0.0224	0.1167	
47.2072	16.6561	-11.2205	0.9663	0.5653	-0.2294	0.6059	0.1670	-0.4354	-0.6472	0.0011	0.0250	0.1123	
47.3055	16.7104	-11.2398	0.9664	0.5652	-0.2293	0.6133	0.2138	-0.3878	-0.6546	0.0078	0.0244	0.1130	
47.3997	16.7669	-11.2646	0.9663	0.5652	-0.2294	0.6252	0.2476	-0.3390	-0.6587	0.0126	0.0264	0.1118	
47.4966	16.8235	-11.2889	0.9663	0.5652	-0.2294	0.6233	0.2860	-0.3007	-0.6637	0.0159	0.0239	0.1105	
47.5947	16.8784	-11.3102	0.9663	0.5651	-0.2293	0.6326	0.3224	-0.2587	-0.6563	0.0215	0.0236	0.1080	
47.6931	16.9326	-11.3321	0.9664	0.5651	-0.2293	0.6343	0.3556	-0.2162	-0.6523	0.0248	0.0231	0.1063	
47.7909	16.9916	-11.3551	0.9664	0.5652	-0.2293	0.6379	0.3855	-0.1723	-0.6448	0.0281	0.0234	0.1043	
47.8909	17.0468	-11.3794	0.9665	0.5651	-0.2294	0.6406	0.4097	-0.1269	-0.6376	0.0306	0.0248	0.1021	
47.9844	17.1054	-11.4037	0.9664	0.5652	-0.2294	0.6410	0.4476	-0.1055	-0.6174	0.0341	0.0189	0.0977	
48.0787	17.1632	-11.4277	0.9664	0.5652	-0.2294	0.6268	0.4838	-0.0799	-0.6068	0.0342	0.0137	0.0962	
48.1739	17.2220	-11.4502	0.9663	0.5653	-0.2294	0.6134	0.5196	-0.0514	-0.5934	0.0349	0.0097	0.0952	
48.2720	17.2767	-11.4748	0.9664	0.5652	-0.2295	0.5926	0.5621	-0.0242	-0.5770	0.0351	0.0041	0.0958	
