-1.5553	-10.2062	1.1819	0.0000	0.0000	0.0000	0.4964	-0.5199	-0.0006	0.6952	0.0000	0.0000	0.0000	
-1.0472	-10.4133	0.7985	0.0503	-0.0205	-0.0380	0.5170	-0.4934	-0.0468	0.7002	0.0049	-0.0008	0.0224	
-0.6138	-10.5405	0.4811	0.1537	-0.0529	-0.1096	0.5089	-0.4836	-0.1089	0.7052	0.0407	-0.0005	0.0402	
-0.3365	-10.5595	0.3842	0.2692	-0.0601	-0.1408	0.4789	-0.4419	-0.1141	0.7516	0.0777	0.0607	0.0158	
-0.1588	-10.6718	0.3021	0.3609	-0.1270	-0.1738	0.5082	-0.4312	-0.1972	0.7309	0.0456	0.0031	0.0726	
0.0244	-10.7272	0.1435	0.4871	-0.1633	-0.2740	0.4787	-0.3651	-0.2919	0.7430	0.0868	0.0052	0.1045	
0.1177	-10.7910	0.0646	0.5157	-0.2004	-0.3192	0.4775	-0.3296	-0.3292	0.7468	0.0747	0.0105	0.1005	
0.2578	-10.7440	0.0721	0.5941	-0.1475	-0.2651	0.4723	-0.3332	-0.3546	0.7407	0.0622	-0.0012	0.0800	
0.4344	-10.7249	0.0945	0.7247	-0.1309	-0.1981	0.4681	-0.3278	-0.4143	0.7099	0.0559	-0.0193	0.0812	
0.5560	-10.6694	-0.0325	0.7627	-0.0649	-0.3059	0.4753	-0.3010	-0.4633	0.6848	0.0495	-0.0196	0.0870	
0.7740	-10.5812	-0.1324	0.9056	0.0112	-0.3592	0.4777	-0.2894	-0.5108	0.6542	0.0438	-0.0258	0.0863	
0.8751	-10.5537	-0.1774	0.9474	0.0400	-0.3688	0.4493	-0.2578	-0.5638	0.6424	0.0532	-0.0286	0.0884	
0.9588	-10.5166	-0.2487	0.9353	0.0664	-0.3978	0.4357	-0.2364	-0.6024	0.6261	0.0528	-0.0289	0.0866	
1.0498	-10.5268	-0.2819	0.9345	0.0505	-0.3918	0.4272	-0.2054	-0.6480	0.5955	0.0512	-0.0296	0.0900	
1.1284	-10.4782	-0.2657	0.9191	0.0568	-0.3238	0.4284	-0.2056	-0.6821	0.5587	0.0429	-0.0348	0.0857	
1.2711	-10.4462	-0.2916	0.9446	0.0858	-0.3258	0.4417	-0.1696	-0.7186	0.5103	0.0365	-0.0317	0.0920	
1.4078	-10.3962	-0.3520	0.9797	0.1139	-0.3448	0.4386	-0.1459	-0.7562	0.4626	0.0333	-0.0333	0.0944	
1.4076	-10.3992	-0.3592	0.9029	0.0870	-0.3154	0.4391	-0.1345	-0.7874	0.4121	0.0278	-0.0361	0.0944	
1.5723	-10.3524	-0.4117	0.9592	0.0966	-0.3185	0.4330	-0.1354	-0.8153	0.3619	0.0226	-0.0403	0.0924	
1.6504	-10.2166	-0.4445	0.9497	0.1890	-0.3245	0.4360	-0.0982	-0.8463	0.2878	0.0192	-0.0403	0.0993	
1.7292	-10.1508	-0.4583	0.9343	0.2169	-0.3110	0.4342	-0.0813	-0.8653	0.2379	0.0160	-0.0402	0.0995	
1.8771	-10.0417	-0.5223	0.9719	0.2570	-0.3217	0.4223	-0.0899	-0.8840	0.1856	0.0117	-0.0444	0.0967	
1.9656	-9.9267	-0.5615	0.9610	0.3084	-0.3246	0.4219	-0.0833	-0.8942	0.1288	0.0072	-0.0447	0.0966	
2.0516	-9.8149	-0.6112	0.9514	0.3537	-0.3339	0.4179	-0.0752	-0.9030	0.0691	0.0034	-0.0454	0.0970	
2.1031	-9.6693	-0.6319	0.9179	0.4230	-0.3311	0.4239	-0.0546	-0.9044	0.0108	0.0001	-0.0430	0.0986	
2.2288	-9.5876	-0.6333	0.9320	0.4457	-0.3148	0.4217	-0.0415	-0.9045	-0.0505	-0.0034	-0.0426	0.0996	
2.3264	-9.5572	-0.6418	0.9293	0.4393	-0.3036	0.4164	-0.0266	-0.9028	-0.1058	-0.0058	-0.0419	0.1000	
2.4376	-9.4265	-0.7023	0.9284	0.4959	-0.3263	0.4262	-0.0036	-0.8885	-0.1720	-0.0094	-0.0386	0.1027	
2.4695	-9.3066	-0.7874	0.8880	0.5411	-0.3579	0.4328	0.0172	-0.8718	-0.2307	-0.0123	-0.0356	0.1043	
2.5487	-9.2745	-0.7742	0.8702	0.5433	-0.3398	0.4494	0.0427	-0.8471	-0.2839	-0.0152	-0.0307	0.1060	
2.5975	-9.2110	-0.7754	0.8453	0.5517	-0.3258	0.4483	0.0560	-0.8261	-0.3379	-0.0180	-0.0293	0.1062	
2.6949	-9.0960	-0.8019	0.8442	0.5901	-0.3284	0.4507	0.0829	-0.7950	-0.3974	-0.0200	-0.0263	0.1085	
2.7628	-8.9984	-0.7745	0.8293	0.6171	-0.3051	0.4548	0.1077	-0.7614	-0.4499	-0.0219	-0.0231	0.1100	
2.8096	-8.9500	-0.7986	0.8049	0.6222	-0.3061	0.4585	0.1318	-0.7230	-0.5003	-0.0238	-0.0197	0.1115	
2.8868	-8.9052	-0.8066	0.7954	0.6223	-0.2982	0.4579	0.1468	-0.6857	-0.5472	-0.0260	-0.0173	0.1119	
2.9899	-8.8728	-0.8176	0.7999	0.6188	-0.2936	0.4514	0.1758	-0.6432	-0.5928	-0.0266	-0.0146	0.1135	
3.0295	-8.8181	-0.8469	0.7756	0.6258	-0.2944	0.4543	0.1971	-0.6013	-0.6284	-0.0273	-0.0112	0.1140	
3.1300	-8.7464	-0.8503	0.7785	0.6380	-0.2856	0.4488	0.2195	-0.5541	-0.6663	-0.0281	-0.0085	0.1150	
3.1700	-8.7057	-0.8648	0.7584	0.6370	-0.2804	0.4446	0.2440	-0.5094	-0.6961	-0.0280	-0.0056	0.1155	
3.2380	-8.6108	-0.9276	0.7475	0.6586	-0.2930	0.4439	0.2606	-0.4597	-0.7249	-0.0286	-0.0024	0.1159	
3.3012	-8.5577	-0.9862	0.7385	0.6596	-0.3028	0.4353	0.2802	-0.4158	-0.7487	-0.0283	-0.0002	0.1159	
3.3804	-8.5162	-0.9892	0.7358	0.6560	-0.2918	0.4270	0.2999	-0.3704	-0.7695	-0.0279	0.0019	0.1159	
3.4604	-8.5137	-1.0378	0.7347	0.6389	-0.2985	0.4108	0.3230	-0.3210	-0.7902	-0.0273	0.0036	0.1165	
3.5077	-8.5152	-1.0723	0.7226	0.6201	-0.2988	0.3965	0.3439	-0.2754	-0.8061	-0.0266	0.0053	0.1165	
3.5808	-8.4860	-1.1318	0.7193	0.6132	-0.3076	0.3801	0.3612	-0.2270	-0.8213	-0.0261	0.0069	0.1166	
3.6623	-8.4429	-1.1268	0.7197	0.6122	-0.2952	0.3611	0.3847	-0.1710	-0.8322	-0.0250	0.0086	0.1174	
3.7349	-8.4084	-1.1283	0.7170	0.6083	-0.2853	0.3403	0.4050	-0.1148	-0.8409	-0.0242	0.0103	0.1181	
3.8014	-8.3616	-1.1620	0.7131	0.6086	-0.2855	0.3226	0.4307	-0.0585	-0.8413	-0.0220	0.0121	0.1190	
3.8599	-8.2798	-1.2158	0.7070	0.6177	-0.2911	0.3075	0.4526	-0.0099	-0.8381	-0.0197	0.0135	0.1191	
3.9388	-8.2320	-1.2377	0.7083	0.6166	-0.2876	0.2848	0.4774	0.0461	-0.8303	-0.0173	0.0147	0.1200	
4.0010	-8.1795	-1.2588	0.7056	0.6157	-0.2844	0.2566	0.5013	0.1002	-0.8204	-0.0150	0.0152	0.1209	
4.0802	-8.1423	-1.2800	0.7077	0.6095	-0.2813	0.2294	0.5226	0.1509	-0.8076	-0.0129	0.0156	0.1214	
4.1652	-8.0750	-1.3167	0.7110	0.6115	-0.2825	0.2050	0.5409	0.1975	-0.7923	-0.0107	0.0158	0.1215	
4.2566	-7.9833	-1.3528	0.7165	0.6197	-0.2839	0.1758	0.5552	0.2420	-0.7767	-0.0092	0.0157	0.1216	
4.3625	-7.9100	-1.3782	0.7249	0.6220	-0.2820	0.1501	0.5669	0.2835	-0.7598	-0.0078	0.0156	0.1213	
4.4863	-7.8247	-1.4052	0.7389	0.6263	-0.2816	0.1218	0.5814	0.3216	-0.7385	-0.0062	0.0148	0.1211	
4.6141	-7.7484	-1.4562	0.7519	0.6294	-0.2867	0.0956	0.5900	0.3619	-0.7163	-0.0047	0.0148	0.1209	
4.7448	-7.6987	-1.5046	0.7658	0.6254	-0.2917	0.0626	0.5970	0.4027	-0.6914	-0.0037	0.0145	0.1210	
4.8616	-7.6499	-1.5386	0.7751	0.6237	-0.2926	0.0252	0.6031	0.4367	-0.6676	-0.0046	0.0154	0.1212	
4.9740	-7.5661	-1.5743	0.7843	0.6278	-0.2949	0.0145	-0.6070	-0.4709	0.6403	-0.0043	0.0144	0.1212	
5.0828	-7.4673	-1.6125	0.7925	0.6351	-0.2980	0.0543	-0.6089	-0.5012	0.6129	-0.0043	0.0133	0.1210	
5.2014	-7.3988	-1.6344	0.8023	0.6346	-0.2972	0.0925	-0.6089	-0.5272	0.5865	-0.0046	0.0122	0.1206	
5.3004	-7.3063	-1.6357	0.8074	0.6394	-0.2919	0.1314	-0.6090	-0.5488	0.5585	-0.0051	0.0108	0.1201	
5.4270	-7.2441	-1.6515	0.8184	0.6381	-0.2901	0.1734	-0.6023	-0.5715	0.5303	-0.0061	0.0102	0.1197	
5.5400	-7.1735	-1.6721	0.8260	0.6382	-0.2897	0.2152	-0.5978	-0.5905	0.4983	-0.0070	0.0090	0.1194	
5.6667	-7.1069	-1.7019	0.8362	0.6382	-0.2915	0.2574	-0.5886	-0.6070	0.4687	-0.0084	0.0085	0.1190	
5.8207	-7.0273	-1.7160	0.8519	0.6409	-0.2900	0.2960	-0.5796	-0.6184	0.4425	-0.0099	0.0081	0.1181	
5.9536	-6.9402	-1.7530	0.8627	0.6465	-0.2935	0.3422	-0.5617	-0.6294	0.4145	-0.0122	0.0084	0.1176	
6.1109	-6.8538	-1.7560	0.8779	0.6514	-0.2892	0.3835	-0.5456	-0.6380	0.3864	-0.0140	0.0086	0.1170	
6.2188	-6.7768	-1.7807	0.8824	0.6546	-0.2895	0.4275	-0.5241	-0.6455	0.3553	-0.0159	0.0091	0.1167	
6.3405	-6.6996	-1.7814	0.8894	0.6578	-0.2845	0.4669	-0.5016	-0.6509	0.3287	-0.0176	0.0100	0.1159	
6.4654	-6.6240	-1.8030	0.8968	0.6607	-0.2840	0.5035	-0.4778	-0.6527	0.3067	-0.0193	0.0113	0.1148	
6.5771	-6.5751	-1.8084	0.9012	0.6581	-0.2802	0.5420	-0.4514	-0.6515	0.2819	-0.0212	0.0126	0.1140	
6.6956	-6.5351	-1.8355	0.9067	0.6538	-0.2809	0.5785	-0.4257	-0.6480	0.2565	-0.0229	0.0138	0.1131	
6.8205	-6.4920	-1.8620	0.9133	0.6504	-0.2813	0.6141	-0.3964	-0.6436	0.2298	-0.0244	0.0153	0.1124	
6.9385	-6.4339	-1.8889	0.9184	0.6502	-0.2817	0.6483	-0.3658	-0.6366	0.2056	-0.0259	0.0170	0.1115	
7.0519	-6.3756	-1.9037	0.9225	0.6503	-0.2793	0.6810	-0.3305	-0.6289	0.1812	-0.0271	0.0191	0.1107	
7.1710	-6.3250	-1.9228	0.9274	0.6486	-0.2779	0.7092	-0.3002	-0.6193	0.1594	-0.0281	0.0207	0.1096	
7.2829	-6.2532	-1.9406	0.9310	0.6510	-0.2761	0.7353	-0.2677	-0.6087	0.1390	-0.0288	0.0225	0.1085	
7.4081	-6.1692	-1.9558	0.9371	0.6560	-0.2735	0.7601	-0.2280	-0.5983	0.1180	-0.0290	0.0249	0.1077	
7.5116	-6.0740	-1.9833	0.9392	0.6627	-0.2732	0.7827	-0.1877	-0.5869	0.0956	-0.0291	0.0270	0.1069	
7.6041	-5.9842	-1.9971	0.9393	0.6681	-0.2703	0.8024	-0.1465	-0.5751	0.0739	-0.0290	0.0290	0.1062	
7.7066	-5.9120	-2.0187	0.9415	0.6701	-0.2685	0.8182	-0.1010	-0.5649	0.0541	-0.0281	0.0314	0.1056	
7.8147	-5.8501	-2.0111	0.9445	0.6700	-0.2616	0.8311	-0.0579	-0.5538	0.0387	-0.0270	0.0336	0.1047	
7.9049	-5.7870	-2.0099	0.9445	0.6697	-0.2559	0.8392	-0.0173	-0.5452	0.0216	-0.0257	0.0350	0.1038	
8.0409	-5.7242	-2.0115	0.9522	0.6694	-0.2511	0.8467	0.0245	-0.5333	0.0039	-0.0244	0.0366	0.1030	
8.1393	-5.6695	-2.0083	0.9538	0.6676	-0.2452	0.8499	0.0693	-0.5248	-0.0085	-0.0222	0.0384	0.1023	
8.2461	-5.5944	-2.0222	0.9565	0.6692	-0.2426	0.8516	0.1101	-0.5146	-0.0217	-0.0204	0.0396	0.1014	
8.3319	-5.5226	-1.9813	0.9562	0.6700	-0.2305	0.8478	0.1580	-0.5071	-0.0365	-0.0178	0.0408	0.1010	
8.3916	-5.4292	-1.9557	0.9517	0.6743	-0.2214	0.8403	0.2074	-0.4987	-0.0577	-0.0155	0.0415	0.1011	
8.4772	-5.3505	-1.9324	0.9515	0.6758	-0.2131	0.8314	0.2518	-0.4919	-0.0741	-0.0130	0.0418	0.1007	
8.5419	-5.3044	-1.8939	0.9479	0.6719	-0.2025	0.8176	0.3007	-0.4828	-0.0954	-0.0106	0.0422	0.1010	
8.6123	-5.2477	-1.8642	0.9453	0.6697	-0.1937	0.8026	0.3453	-0.4742	-0.1151	-0.0083	0.0421	0.1010	
8.7172	-5.2089	-1.8655	0.9479	0.6647	-0.1903	0.7885	0.3848	-0.4650	-0.1280	-0.0060	0.0421	0.1006	
8.8084	-5.1746	-1.8589	0.9485	0.6590	-0.1857	0.7706	0.4237	-0.4564	-0.1431	-0.0038	0.0418	0.1003	
8.9042	-5.1437	-1.8603	0.9496	0.6529	-0.1826	0.7511	0.4613	-0.4459	-0.1607	-0.0020	0.0413	0.1001	
9.0022	-5.1061	-1.8568	0.9511	0.6480	-0.1789	0.7282	0.4997	-0.4354	-0.1786	-0.0001	0.0406	0.1002	
9.1106	-5.0815	-1.8708	0.9541	0.6411	-0.1781	0.7051	0.5339	-0.4265	-0.1945	0.0017	0.0396	0.1000	
9.2227	-5.0570	-1.8945	0.9577	0.6343	-0.1790	0.6752	0.5695	-0.4172	-0.2164	0.0033	0.0382	0.1005	
9.3422	-5.0186	-1.9120	0.9623	0.6297	-0.1790	0.6447	0.6004	-0.4083	-0.2412	0.0043	0.0365	0.1008	
9.4613	-5.0016	-1.9257	0.9666	0.6221	-0.1784	0.6122	0.6315	-0.3978	-0.2630	0.0054	0.0349	0.1012	
9.5686	-4.9893	-1.9564	0.9691	0.6140	-0.1805	0.5765	0.6607	-0.3878	-0.2858	0.0064	0.0331	0.1017	
9.6722	-4.9605	-1.9864	0.9709	0.6086	-0.1825	0.5374	0.6875	-0.3744	-0.3141	0.0068	0.0314	0.1024	
9.8005	-4.9259	-2.0138	0.9760	0.6043	-0.1841	0.5015	0.7094	-0.3586	-0.3421	0.0066	0.0299	0.1028	
9.9330	-4.8891	-2.0323	0.9815	0.6004	-0.1844	0.4655	0.7277	-0.3444	-0.3686	0.0063	0.0283	0.1030	
10.0322	-4.8576	-2.0848	0.9823	0.5960	-0.1895	0.4323	0.7411	-0.3322	-0.3937	0.0057	0.0269	0.1028	
10.1448	-4.8218	-2.1246	0.9848	0.5923	-0.1927	0.3984	0.7542	-0.3162	-0.4166	0.0053	0.0257	0.1027	
10.2353	-4.7892	-2.1917	0.9842	0.5884	-0.1996	0.3626	0.7639	-0.2976	-0.4437	0.0044	0.0249	0.1026	
10.3463	-4.7483	-2.2326	0.9861	0.5859	-0.2027	0.3279	0.7716	-0.2734	-0.4718	0.0033	0.0246	0.1025	
10.4488	-4.7027	-2.2709	0.9869	0.5840	-0.2054	0.2953	0.7765	-0.2522	-0.4970	0.0022	0.0242	0.1022	
10.5454	-4.6384	-2.3093	0.9868	0.5849	-0.2079	0.2624	0.7786	-0.2281	-0.5230	0.0010	0.0241	0.1018	
10.6371	-4.5923	-2.3588	0.9863	0.5833	-0.2119	0.2343	0.7750	-0.2083	-0.5501	-0.0008	0.0240	0.1010	
10.7162	-4.5332	-2.4146	0.9841	0.5835	-0.2167	0.2086	0.7710	-0.1885	-0.5730	-0.0021	0.0241	0.1000	
10.8003	-4.4857	-2.4569	0.9826	0.5822	-0.2194	0.1827	0.7645	-0.1645	-0.5970	-0.0035	0.0247	0.0990	
10.8870	-4.4213	-2.4843	0.9812	0.5832	-0.2200	0.1632	0.7584	-0.1362	-0.6176	-0.0043	0.0259	0.0977	
10.9652	-4.3645	-2.5187	0.9788	0.5832	-0.2214	0.1422	0.7510	-0.1061	-0.6372	-0.0049	0.0272	0.0965	
11.0491	-4.3050	-2.5658	0.9772	0.5835	-0.2245	0.1218	0.7425	-0.0755	-0.6554	-0.0053	0.0286	0.0953	
11.1265	-4.2584	-2.6087	0.9748	0.5822	-0.2269	0.1026	0.7343	-0.0437	-0.6707	-0.0053	0.0299	0.0941	
11.2107	-4.2182	-2.6381	0.9732	0.5800	-0.2274	0.0863	0.7245	-0.0086	-0.6849	-0.0051	0.0317	0.0927	
11.2928	-4.1731	-2.6507	0.9714	0.5785	-0.2258	0.0693	0.7157	0.0257	-0.6955	-0.0046	0.0331	0.0915	
11.3468	-4.0878	-2.6927	0.9662	0.5818	-0.2286	0.0551	0.7060	0.0663	-0.7040	-0.0062	0.0310	0.0928	
11.4207	-4.0238	-2.7197	0.9635	0.5826	-0.2289	0.0357	0.6972	0.1008	-0.7098	-0.0057	0.0323	0.0917	
11.4664	-3.9666	-2.7818	0.9575	0.5823	-0.2339	-0.0178	-0.6879	-0.1386	0.7132	-0.0065	0.0305	0.0929	
11.5152	-3.9085	-2.8219	0.9521	0.5821	-0.2362	0.0038	-0.6807	-0.1776	0.7114	-0.0073	0.0287	0.0939	
11.5720	-3.8418	-2.8754	0.9476	0.5829	-0.2400	0.0242	-0.6736	-0.2128	0.7084	-0.0076	0.0271	0.0951	
11.6232	-3.7851	-2.9177	0.9427	0.5825	-0.2423	0.0477	-0.6662	-0.2505	0.7015	-0.0076	0.0252	0.0960	
11.6772	-3.7093	-2.9473	0.9383	0.5842	-0.2431	0.0727	-0.6598	-0.2916	0.6893	-0.0076	0.0229	0.0968	
11.7322	-3.6413	-2.9949	0.9340	0.5850	-0.2460	0.0974	-0.6499	-0.3331	0.6766	-0.0068	0.0208	0.0975	
11.7980	-3.5672	-3.0301	0.9311	0.5864	-0.2474	0.1197	-0.6424	-0.3759	0.6576	-0.0058	0.0182	0.0982	
11.8485	-3.5170	-3.0582	0.9265	0.5849	-0.2480	0.1440	-0.6358	-0.4201	0.6317	-0.0050	0.0154	0.0988	
11.9308	-3.4663	-3.0973	0.9256	0.5835	-0.2498	0.1660	-0.6266	-0.4642	0.6040	-0.0037	0.0128	0.0993	
12.0105	-3.4124	-3.1332	0.9244	0.5826	-0.2512	0.1903	-0.6197	-0.5036	0.5713	-0.0029	0.0103	0.0998	
12.0959	-3.3520	-3.1621	0.9238	0.5825	-0.2517	0.2125	-0.6118	-0.5417	0.5360	-0.0019	0.0080	0.1002	
12.1849	-3.3036	-3.1969	0.9236	0.5811	-0.2529	0.2350	-0.6005	-0.5778	0.5004	-0.0008	0.0061	0.1005	
12.2683	-3.2346	-3.2356	0.9228	0.5818	-0.2545	0.2509	-0.5912	-0.6153	0.4574	0.0007	0.0035	0.1008	
12.3630	-3.1738	-3.2665	0.9232	0.5818	-0.2553	0.2684	-0.5815	-0.6466	0.4145	0.0017	0.0014	0.1010	
12.4551	-3.1044	-3.3025	0.9232	0.5828	-0.2565	0.2874	-0.5716	-0.6738	0.3697	0.0025	-0.0004	0.1012	
12.5494	-3.0401	-3.3329	0.9235	0.5833	-0.2571	0.3053	-0.5589	-0.6979	0.3280	0.0033	-0.0017	0.1012	
12.6499	-2.9735	-3.3595	0.9244	0.5840	-0.2573	0.3252	-0.5457	-0.7179	0.2848	0.0037	-0.0029	0.1012	
12.7587	-2.9157	-3.3824	0.9261	0.5838	-0.2570	0.3432	-0.5322	-0.7359	0.2397	0.0041	-0.0041	0.1012	
12.8672	-2.8577	-3.4156	0.9278	0.5837	-0.2579	0.3627	-0.5187	-0.7497	0.1932	0.0043	-0.0053	0.1013	
12.9708	-2.8048	-3.4503	0.9289	0.5831	-0.2589	0.3879	-0.5018	-0.7579	0.1530	0.0039	-0.0054	0.1014	
13.0776	-2.7595	-3.4713	0.9303	0.5817	-0.2584	0.4076	-0.4825	-0.7670	0.1141	0.0041	-0.0056	0.1012	
13.1859	-2.7025	-3.4959	0.9319	0.5816	-0.2583	0.4265	-0.4611	-0.7746	0.0754	0.0043	-0.0058	0.1009	
13.2980	-2.6524	-3.5187	0.9338	0.5808	-0.2580	0.4507	-0.4356	-0.7783	0.0410	0.0042	-0.0051	0.1009	
13.4079	-2.5980	-3.5422	0.9355	0.5805	-0.2577	0.4721	-0.4093	-0.7809	0.0056	0.0042	-0.0046	0.1009	
13.5117	-2.5440	-3.5504	0.9366	0.5801	-0.2559	0.4972	-0.3790	-0.7801	-0.0270	0.0040	-0.0036	0.1010	
13.6180	-2.4842	-3.5666	0.9379	0.5804	-0.2549	0.5212	-0.3495	-0.7768	-0.0568	0.0037	-0.0025	0.1008	
13.7272	-2.4217	-3.5753	0.9396	0.5810	-0.2531	0.5412	-0.3164	-0.7754	-0.0812	0.0039	-0.0011	0.1003	
13.8305	-2.3695	-3.5912	0.9406	0.5805	-0.2520	0.5609	-0.2806	-0.7721	-0.1060	0.0042	0.0004	0.1000	
13.9309	-2.3198	-3.6145	0.9414	0.5798	-0.2518	0.5830	-0.2444	-0.7639	-0.1315	0.0041	0.0019	0.1000	
14.0240	-2.2621	-3.6368	0.9414	0.5799	-0.2514	0.6000	-0.2065	-0.7583	-0.1528	0.0045	0.0035	0.0995	
14.1172	-2.2064	-3.6565	0.9415	0.5797	-0.2508	0.6141	-0.1679	-0.7516	-0.1748	0.0051	0.0049	0.0991	
14.2163	-2.1572	-3.6809	0.9422	0.5789	-0.2506	0.6290	-0.1268	-0.7432	-0.1921	0.0057	0.0067	0.0986	
14.3193	-2.0965	-3.7080	0.9433	0.5793	-0.2507	0.6418	-0.0832	-0.7332	-0.2106	0.0066	0.0085	0.0984	
14.4212	-2.0306	-3.7331	0.9442	0.5801	-0.2506	0.6490	-0.0386	-0.7250	-0.2289	0.0078	0.0099	0.0979	
14.5149	-1.9604	-3.7563	0.9444	0.5814	-0.2503	0.6581	0.0056	-0.7125	-0.2451	0.0088	0.0116	0.0976	
14.6196	-1.8975	-3.7681	0.9456	0.5819	-0.2490	0.6647	0.0525	-0.6977	-0.2627	0.0100	0.0132	0.0974	
14.7117	-1.8320	-3.7877	0.9457	0.5827	-0.2484	0.6721	0.0988	-0.6826	-0.2717	0.0114	0.0152	0.0968	
14.8003	-1.7592	-3.8042	0.9454	0.5841	-0.2475	0.6723	0.1473	-0.6675	-0.2853	0.0130	0.0166	0.0964	
14.8967	-1.6884	-3.8213	0.9458	0.5853	-0.2467	0.6721	0.1946	-0.6483	-0.3008	0.0145	0.0179	0.0963	
14.9898	-1.6118	-3.8296	0.9459	0.5870	-0.2451	0.6645	0.2438	-0.6320	-0.3162	0.0165	0.0186	0.0960	
15.0850	-1.5511	-3.8428	0.9461	0.5872	-0.2440	0.6576	0.2878	-0.6155	-0.3269	0.0183	0.0194	0.0954	
15.1895	-1.4859	-3.8608	0.9473	0.5878	-0.2433	0.6457	0.3314	-0.6000	-0.3380	0.0203	0.0196	0.0947	
15.2879	-1.4287	-3.8659	0.9478	0.5876	-0.2415	0.6296	0.3815	-0.5764	-0.3544	0.0224	0.0200	0.0949	
15.3781	-1.3698	-3.8725	0.9475	0.5876	-0.2399	0.6088	0.4340	-0.5507	-0.3705	0.0247	0.0201	0.0954	
15.4738	-1.3204	-3.8753	0.9478	0.5867	-0.2379	0.5876	0.4832	-0.5231	-0.3840	0.0269	0.0202	0.0956	
15.5751	-1.2661	-3.8781	0.9485	0.5863	-0.2360	0.5661	0.5247	-0.5008	-0.3926	0.0290	0.0198	0.0952	
15.6652	-1.2144	-3.8844	0.9482	0.5857	-0.2344	0.5361	0.5682	-0.4722	-0.4079	0.0308	0.0191	0.0955	
15.7658	-1.1626	-3.8912	0.9488	0.5851	-0.2329	0.5082	0.6061	-0.4501	-0.4155	0.0327	0.0180	0.0951	
15.8732	-1.1142	-3.9000	0.9500	0.5842	-0.2316	0.4756	0.6447	-0.4191	-0.4270	0.0344	0.0171	0.0954	
15.9703	-1.0634	-3.9045	0.9503	0.5835	-0.2299	0.4424	0.6800	-0.3894	-0.4363	0.0359	0.0160	0.0955	
16.0741	-1.0222	-3.9131	0.9511	0.5820	-0.2287	0.4084	0.7114	-0.3644	-0.4418	0.0373	0.0145	0.0953	
16.1744	-0.9799	-3.9238	0.9516	0.5806	-0.2276	0.3690	0.7417	-0.3311	-0.4515	0.0384	0.0131	0.0958	
16.2677	-0.9405	-3.9418	0.9514	0.5790	-0.2272	0.3290	0.7684	-0.3002	-0.4598	0.0392	0.0116	0.0961	
16.3523	-0.9020	-3.9600	0.9505	0.5773	-0.2268	0.2887	0.7912	-0.2693	-0.4672	0.0398	0.0101	0.0964	
16.4556	-0.8573	-3.9795	0.9513	0.5762	-0.2266	0.2487	0.8124	-0.2398	-0.4703	0.0405	0.0084	0.0964	
16.5582	-0.8153	-4.0009	0.9519	0.5749	-0.2265	0.2046	0.8296	-0.2065	-0.4767	0.0407	0.0068	0.0970	
16.6606	-0.7737	-4.0182	0.9525	0.5736	-0.2261	0.1589	0.8432	-0.1712	-0.4840	0.0405	0.0054	0.0977	
16.7664	-0.7359	-4.0485	0.9534	0.5720	-0.2267	0.1155	0.8529	-0.1420	-0.4895	0.0401	0.0038	0.0980	
16.8722	-0.6920	-4.0765	0.9542	0.5709	-0.2272	0.0688	0.8594	-0.1115	-0.4945	0.0395	0.0021	0.0986	
16.9819	-0.6491	-4.1026	0.9554	0.5697	-0.2275	0.0282	0.8626	-0.0809	-0.4991	0.0388	0.0011	0.0988	
17.1092	-0.6079	-4.1370	0.9580	0.5684	-0.2285	0.0102	-0.8623	0.0530	0.5045	0.0394	0.0029	0.0989	
17.2290	-0.5636	-4.1626	0.9599	0.5674	-0.2287	0.0494	-0.8585	0.0247	0.5107	0.0398	0.0049	0.0989	
17.3626	-0.5342	-4.1962	0.9629	0.5651	-0.2295	0.0873	-0.8502	-0.0025	0.5202	0.0402	0.0070	0.0990	
17.4880	-0.4925	-4.2208	0.9653	0.5639	-0.2297	0.1243	-0.8386	-0.0334	0.5299	0.0403	0.0089	0.0990	
17.6010	-0.4447	-4.2491	0.9666	0.5633	-0.2301	0.1575	-0.8249	-0.0663	0.5394	0.0404	0.0105	0.0991	
17.7237	-0.3891	-4.2878	0.9687	0.5632	-0.2314	0.1909	-0.8076	-0.0996	0.5495	0.0403	0.0121	0.0992	
17.8369	-0.3368	-4.3154	0.9700	0.5629	-0.2317	0.2243	-0.7885	-0.1316	0.5579	0.0399	0.0138	0.0994	
17.9568	-0.2839	-4.3434	0.9718	0.5627	-0.2321	0.2554	-0.7658	-0.1634	0.5676	0.0396	0.0155	0.0995	
18.0659	-0.2257	-4.3729	0.9727	0.5628	-0.2326	0.2811	-0.7401	-0.2001	0.5775	0.0399	0.0168	0.0995	
18.1767	-0.1668	-4.4019	0.9738	0.5631	-0.2330	0.3062	-0.7115	-0.2320	0.5890	0.0399	0.0185	0.0995	
18.2819	-0.1068	-4.4274	0.9744	0.5634	-0.2332	0.3297	-0.6833	-0.2657	0.5953	0.0398	0.0197	0.0994	
18.3903	-0.0492	-4.4576	0.9753	0.5635	-0.2337	0.3494	-0.6487	-0.3011	0.6056	0.0403	0.0213	0.0992	
18.4860	0.0100	-4.4932	0.9752	0.5637	-0.2346	0.3679	-0.6128	-0.3345	0.6146	0.0406	0.0230	0.0990	
18.5803	0.0756	-4.5158	0.9750	0.5644	-0.2346	0.3851	-0.5794	-0.3719	0.6147	0.0408	0.0235	0.0987	
18.6808	0.1369	-4.5422	0.9752	0.5648	-0.2348	0.3946	-0.5426	-0.4116	0.6170	0.0418	0.0243	0.0981	
18.7824	0.1981	-4.5670	0.9755	0.5651	-0.2349	0.3999	-0.5051	-0.4545	0.6154	0.0432	0.0246	0.0975	
18.8748	0.2539	-4.5824	0.9751	0.5651	-0.2343	0.4081	-0.4687	-0.4948	0.6075	0.0440	0.0247	0.0971	
18.9765	0.3122	-4.6065	0.9754	0.5652	-0.2343	0.4151	-0.4332	-0.5332	0.5967	0.0446	0.0245	0.0965	
19.0702	0.3732	-4.6281	0.9751	0.5655	-0.2342	0.4202	-0.3983	-0.5732	0.5801	0.0454	0.0239	0.0961	
19.1688	0.4285	-4.6574	0.9751	0.5654	-0.2346	0.4207	-0.3636	-0.6127	0.5621	0.0465	0.0233	0.0955	
19.2592	0.4965	-4.6774	0.9746	0.5662	-0.2344	0.4175	-0.3282	-0.6509	0.5430	0.0477	0.0227	0.0946	
19.3449	0.5471	-4.6924	0.9737	0.5657	-0.2338	0.4181	-0.2970	-0.6889	0.5128	0.0485	0.0212	0.0943	
19.4327	0.5950	-4.7248	0.9729	0.5651	-0.2345	0.4189	-0.2637	-0.7232	0.4821	0.0492	0.0200	0.0941	
19.5224	0.6516	-4.7488	0.9723	0.5651	-0.2345	0.4171	-0.2324	-0.7565	0.4476	0.0499	0.0184	0.0938	
19.6140	0.6984	-4.7789	0.9718	0.5643	-0.2350	0.4158	-0.1990	-0.7859	0.4127	0.0505	0.0172	0.0937	
19.7121	0.7485	-4.8048	0.9718	0.5638	-0.2352	0.4161	-0.1716	-0.8120	0.3729	0.0507	0.0154	0.0935	
19.8002	0.7988	-4.8299	0.9711	0.5634	-0.2353	0.4151	-0.1438	-0.8340	0.3356	0.0508	0.0139	0.0931	
19.8923	0.8460	-4.8596	0.9707	0.5627	-0.2358	0.4131	-0.1125	-0.8551	0.2933	0.0510	0.0124	0.0932	
19.9865	0.8982	-4.8871	0.9704	0.5624	-0.2361	0.4103	-0.0832	-0.8734	0.2503	0.0512	0.0108	0.0933	
20.0779	0.9453	-4.9155	0.9699	0.5618	-0.2365	0.4075	-0.0543	-0.8884	0.2061	0.0511	0.0092	0.0934	
20.1692	1.0039	-4.9453	0.9695	0.5619	-0.2369	0.4080	-0.0247	-0.8997	0.1547	0.0508	0.0075	0.0942	
20.2616	1.0574	-4.9752	0.9691	0.5618	-0.2374	0.4111	0.0067	-0.9052	0.1092	0.0501	0.0065	0.0947	
20.3522	1.1050	-5.0045	0.9686	0.5611	-0.2378	0.4124	0.0304	-0.9089	0.0640	0.0491	0.0050	0.0949	
20.4432	1.1553	-5.0302	0.9681	0.5607	-0.2379	0.4108	0.0560	-0.9104	0.0188	0.0484	0.0036	0.0951	
20.5370	1.2152	-5.0664	0.9679	0.5610	-0.2388	0.4123	0.0829	-0.9073	-0.0271	0.0474	0.0025	0.0956	
20.6235	1.2634	-5.0953	0.9671	0.5605	-0.2392	0.4144	0.1028	-0.9025	-0.0696	0.0459	0.0013	0.0958	
20.7098	1.3257	-5.1248	0.9664	0.5609	-0.2396	0.4168	0.1289	-0.8927	-0.1156	0.0445	0.0005	0.0964	
20.7990	1.3870	-5.1475	0.9658	0.5613	-0.2395	0.4177	0.1537	-0.8816	-0.1596	0.0432	-0.0003	0.0969	
20.8833	1.4395	-5.1699	0.9650	0.5611	-0.2394	0.4196	0.1746	-0.8688	-0.1999	0.0416	-0.0009	0.0972	
20.9700	1.4918	-5.1950	0.9643	0.5608	-0.2395	0.4219	0.1996	-0.8510	-0.2422	0.0400	-0.0011	0.0978	
21.0640	1.5504	-5.2269	0.9641	0.5610	-0.2400	0.4219	0.2256	-0.8314	-0.2833	0.0387	-0.0013	0.0984	
21.1481	1.6094	-5.2483	0.9632	0.5612	-0.2398	0.4244	0.2504	-0.8076	-0.3248	0.0370	-0.0011	0.0992	
21.2428	1.6606	-5.2709	0.9631	0.5609	-0.2397	0.4241	0.2741	-0.7824	-0.3651	0.0354	-0.0010	0.0998	
21.3316	1.7154	-5.2925	0.9626	0.5609	-0.2396	0.4262	0.2991	-0.7535	-0.4019	0.0339	-0.0004	0.1004	
21.4156	1.7699	-5.3175	0.9618	0.5608	-0.2396	0.4306	0.3228	-0.7209	-0.4373	0.0321	0.0007	0.1010	
21.5027	1.8149	-5.3314	0.9612	0.5601	-0.2390	0.4320	0.3448	-0.6872	-0.4719	0.0304	0.0016	0.1016	
21.5899	1.8695	-5.3551	0.9606	0.5600	-0.2389	0.4323	0.3670	-0.6533	-0.5023	0.0291	0.0026	0.1018	
21.6845	1.9199	-5.3751	0.9606	0.5597	-0.2387	0.4311	0.3905	-0.6140	-0.5336	0.0279	0.0038	0.1023	
21.7827	1.9689	-5.4024	0.9607	0.5592	-0.2389	0.4314	0.4123	-0.5729	-0.5621	0.0267	0.0054	0.1027	
21.8694	2.0207	-5.4246	0.9601	0.5590	-0.2388	0.4326	0.4324	-0.5346	-0.5840	0.0257	0.0069	0.1025	
21.9622	2.0755	-5.4515	0.9599	0.5589	-0.2390	0.4302	0.4517	-0.4939	-0.6063	0.0248	0.0083	0.1024	
22.0638	2.1323	-5.4812	0.9603	0.5590	-0.2393	0.4267	0.4704	-0.4558	-0.6244	0.0242	0.0095	0.1020	
22.1639	2.1887	-5.5136	0.9606	0.5591	-0.2399	0.4246	0.4869	-0.4191	-0.6391	0.0236	0.0108	0.1013	
22.2581	2.2455	-5.5384	0.9605	0.5591	-0.2399	0.4186	0.5091	-0.3755	-0.6519	0.0238	0.0121	0.1009	
22.3513	2.3049	-5.5630	0.9603	0.5593	-0.2399	0.4117	0.5310	-0.3289	-0.6637	0.0241	0.0135	0.1007	
22.4473	2.3670	-5.5832	0.9603	0.5597	-0.2397	0.4026	0.5520	-0.2865	-0.6721	0.0245	0.0143	0.1002	
22.5453	2.4239	-5.6030	0.9604	0.5598	-0.2394	0.3917	0.5727	-0.2446	-0.6778	0.0251	0.0150	0.0996	
22.6445	2.4850	-5.6236	0.9606	0.5601	-0.2392	0.3773	0.5953	-0.2028	-0.6802	0.0261	0.0152	0.0990	
22.7488	2.5403	-5.6535	0.9611	0.5600	-0.2396	0.3622	0.6152	-0.1633	-0.6814	0.0269	0.0153	0.0984	
22.8435	2.6005	-5.6760	0.9610	0.5602	-0.2395	0.3427	0.6357	-0.1235	-0.6810	0.0278	0.0149	0.0979	
22.9466	2.6661	-5.7005	0.9614	0.5608	-0.2395	0.3228	0.6536	-0.0846	-0.6797	0.0284	0.0146	0.0974	
23.0406	2.7266	-5.7225	0.9613	0.5610	-0.2394	0.2976	0.6729	-0.0453	-0.6760	0.0292	0.0137	0.0972	
23.1473	2.7892	-5.7434	0.9619	0.5614	-0.2392	0.2720	0.6900	-0.0091	-0.6712	0.0298	0.0126	0.0969	
23.2500	2.8450	-5.7624	0.9623	0.5613	-0.2389	0.2413	0.7056	0.0331	-0.6653	0.0303	0.0116	0.0970	
23.3588	2.9061	-5.7833	0.9631	0.5616	-0.2387	0.2101	0.7202	0.0670	-0.6583	0.0304	0.0101	0.0969	
23.4587	2.9730	-5.8009	0.9633	0.5622	-0.2384	0.1777	0.7330	0.0969	-0.6502	0.0303	0.0084	0.0968	
23.5610	3.0264	-5.8174	0.9637	0.5620	-0.2379	0.1426	0.7418	0.1298	-0.6427	0.0298	0.0070	0.0969	
23.6642	3.0831	-5.8376	0.9641	0.5620	-0.2377	0.1058	0.7489	0.1626	-0.6340	0.0292	0.0056	0.0971	
23.7664	3.1367	-5.8618	0.9645	0.5618	-0.2378	0.0656	0.7557	0.1954	-0.6219	0.0287	0.0039	0.0975	
23.8694	3.1954	-5.8825	0.9649	0.5619	-0.2376	0.0269	0.7590	0.2230	-0.6118	0.0277	0.0025	0.0977	
23.9779	3.2361	-5.9040	0.9656	0.5610	-0.2375	0.0140	-0.7594	-0.2530	0.5996	0.0282	0.0045	0.0974	
24.0953	3.2696	-5.9219	0.9668	0.5597	-0.2371	0.0573	-0.7563	-0.2797	0.5891	0.0287	0.0069	0.0970	
24.2099	3.3099	-5.9484	0.9678	0.5588	-0.2372	0.0984	-0.7496	-0.3017	0.5819	0.0290	0.0095	0.0970	
24.3211	3.3533	-5.9740	0.9687	0.5581	-0.2373	0.1378	-0.7374	-0.3291	0.5739	0.0290	0.0115	0.0969	
24.4349	3.3957	-6.0043	0.9697	0.5574	-0.2377	0.1798	-0.7225	-0.3507	0.5688	0.0287	0.0141	0.0969	
24.5442	3.4312	-6.0322	0.9704	0.5562	-0.2379	0.2231	-0.7036	-0.3722	0.5633	0.0281	0.0168	0.0968	
24.6584	3.4793	-6.0518	0.9714	0.5558	-0.2377	0.2649	-0.6807	-0.3952	0.5573	0.0273	0.0190	0.0968	
24.7715	3.5260	-6.0776	0.9723	0.5554	-0.2378	0.3062	-0.6558	-0.4125	0.5539	0.0263	0.0215	0.0969	
24.8770	3.5717	-6.1057	0.9728	0.5549	-0.2380	0.3471	-0.6256	-0.4290	0.5520	0.0254	0.0241	0.0969	
24.9799	3.6124	-6.1309	0.9731	0.5540	-0.2381	0.3892	-0.5912	-0.4443	0.5494	0.0242	0.0268	0.0969	
25.0850	3.6586	-6.1611	0.9736	0.5536	-0.2385	0.4310	-0.5547	-0.4545	0.5482	0.0228	0.0295	0.0969	
25.1874	3.7119	-6.1806	0.9739	0.5535	-0.2382	0.4690	-0.5166	-0.4632	0.5470	0.0215	0.0320	0.0969	
25.2848	3.7659	-6.2072	0.9739	0.5535	-0.2384	0.5050	-0.4754	-0.4711	0.5454	0.0203	0.0342	0.0968	
25.3853	3.8139	-6.2261	0.9741	0.5531	-0.2381	0.5378	-0.4297	-0.4789	0.5450	0.0194	0.0364	0.0966	
25.4897	3.8661	-6.2501	0.9745	0.5529	-0.2381	0.5651	-0.3785	-0.4891	0.5460	0.0192	0.0386	0.0963	
25.5904	3.9205	-6.2742	0.9747	0.5529	-0.2381	0.5939	-0.3303	-0.4925	0.5440	0.0181	0.0407	0.0961	
25.6846	3.9815	-6.2933	0.9745	0.5533	-0.2378	0.6153	-0.2811	-0.4995	0.5414	0.0177	0.0422	0.0956	
25.7827	4.0356	-6.3192	0.9745	0.5532	-0.2379	0.6348	-0.2289	-0.5052	0.5380	0.0173	0.0438	0.0951	
25.8872	4.0943	-6.3400	0.9749	0.5534	-0.2377	0.6488	-0.1785	-0.5150	0.5311	0.0174	0.0447	0.0947	
25.9839	4.1594	-6.3553	0.9749	0.5540	-0.2373	0.6589	-0.1297	-0.5254	0.5228	0.0175	0.0453	0.0940	
26.0858	4.2169	-6.3798	0.9751	0.5541	-0.2373	0.6674	-0.0800	-0.5337	0.5134	0.0176	0.0460	0.0935	
26.1892	4.2766	-6.3946	0.9755	0.5543	-0.2368	0.6742	-0.0305	-0.5416	0.5014	0.0177	0.0466	0.0930	
26.2866	4.3321	-6.4148	0.9754	0.5543	-0.2366	0.6777	0.0155	-0.5509	0.4874	0.0179	0.0467	0.0923	
26.3902	4.3881	-6.4358	0.9758	0.5544	-0.2364	0.6793	0.0588	-0.5630	0.4676	0.0181	0.0463	0.0920	
26.4932	4.4478	-6.4571	0.9760	0.5546	-0.2363	0.6788	0.1022	-0.5729	0.4484	0.0184	0.0461	0.0915	
26.5958	4.5053	-6.4740	0.9763	0.5547	-0.2359	0.6743	0.1467	-0.5862	0.4248	0.0190	0.0456	0.0915	
26.6956	4.5597	-6.4992	0.9764	0.5546	-0.2360	0.6678	0.1874	-0.5981	0.4026	0.0196	0.0450	0.0911	
26.7927	4.6141	-6.5178	0.9764	0.5546	-0.2357	0.6613	0.2252	-0.6106	0.3740	0.0199	0.0440	0.0911	
26.8860	4.6665	-6.5395	0.9761	0.5544	-0.2356	0.6550	0.2629	-0.6208	0.3420	0.0199	0.0430	0.0913	
26.9793	4.7193	-6.5611	0.9759	0.5543	-0.2355	0.6459	0.3009	-0.6311	0.3071	0.0201	0.0420	0.0918	
27.0841	4.7688	-6.5773	0.9762	0.5539	-0.2351	0.6358	0.3353	-0.6404	0.2714	0.0202	0.0409	0.0922	
27.1920	4.8224	-6.5982	0.9768	0.5538	-0.2350	0.6266	0.3669	-0.6473	0.2331	0.0199	0.0396	0.0926	
27.2942	4.8690	-6.6178	0.9770	0.5534	-0.2347	0.6147	0.3997	-0.6521	0.1936	0.0197	0.0386	0.0932	
27.3942	4.9155	-6.6383	0.9771	0.5529	-0.2346	0.6013	0.4267	-0.6579	0.1569	0.0195	0.0373	0.0933	
27.4952	4.9698	-6.6621	0.9772	0.5528	-0.2346	0.5890	0.4549	-0.6588	0.1108	0.0188	0.0361	0.0942	
27.6022	5.0217	-6.6865	0.9777	0.5527	-0.2346	0.5802	0.4793	-0.6555	0.0665	0.0176	0.0351	0.0947	
27.6998	5.0676	-6.7159	0.9777	0.5522	-0.2349	0.5653	0.5064	-0.6508	0.0186	0.0167	0.0342	0.0956	
27.7995	5.1205	-6.7354	0.9778	0.5520	-0.2347	0.5520	0.5303	-0.6429	-0.0287	0.0155	0.0334	0.0964	
27.9011	5.1737	-6.7644	0.9780	0.5519	-0.2350	0.5357	0.5543	-0.6311	-0.0834	0.0140	0.0328	0.0977	
27.9933	5.2244	-6.7902	0.9777	0.5517	-0.2351	0.5217	0.5724	-0.6186	-0.1329	0.0123	0.0321	0.0984	
28.0892	5.2736	-6.8147	0.9776	0.5514	-0.2352	0.5015	0.5917	-0.6022	-0.1872	0.0107	0.0315	0.0997	
28.1874	5.3281	-6.8430	0.9776	0.5514	-0.2354	0.4843	0.6087	-0.5812	-0.2383	0.0090	0.0313	0.1005	
28.2775	5.3772	-6.8727	0.9772	0.5510	-0.2357	0.4698	0.6175	-0.5637	-0.2844	0.0070	0.0309	0.1007	
28.3682	5.4250	-6.9029	0.9768	0.5507	-0.2361	0.4512	0.6261	-0.5419	-0.3330	0.0050	0.0306	0.1011	
28.4604	5.4786	-6.9299	0.9766	0.5506	-0.2362	0.4331	0.6334	-0.5166	-0.3800	0.0030	0.0307	0.1015	
28.5504	5.5282	-6.9588	0.9762	0.5503	-0.2365	0.4138	0.6384	-0.4880	-0.4277	0.0010	0.0309	0.1019	
28.6415	5.5788	-6.9888	0.9759	0.5501	-0.2368	0.3960	0.6401	-0.4606	-0.4709	-0.0011	0.0312	0.1018	
28.7291	5.6288	-7.0141	0.9754	0.5498	-0.2369	0.3770	0.6418	-0.4280	-0.5127	-0.0029	0.0318	0.1018	
28.8145	5.6800	-7.0420	0.9748	0.5497	-0.2371	0.3592	0.6408	-0.3947	-0.5522	-0.0047	0.0326	0.1015	
28.9037	5.7325	-7.0691	0.9744	0.5495	-0.2373	0.3428	0.6404	-0.3583	-0.5870	-0.0061	0.0338	0.1009	
28.9926	5.7847	-7.0963	0.9739	0.5494	-0.2375	0.3243	0.6375	-0.3226	-0.6203	-0.0074	0.0347	0.1004	
29.0760	5.8447	-7.1257	0.9732	0.5497	-0.2377	0.3055	0.6325	-0.2830	-0.6533	-0.0086	0.0361	0.1000	
29.1629	5.9012	-7.1560	0.9727	0.5497	-0.2380	0.2942	0.6250	-0.2500	-0.6798	-0.0097	0.0373	0.0987	
29.2552	5.9651	-7.1768	0.9725	0.5502	-0.2379	0.2807	0.6201	-0.2112	-0.7024	-0.0102	0.0387	0.0976	
29.3408	6.0223	-7.2020	0.9719	0.5503	-0.2380	0.2671	0.6136	-0.1711	-0.7239	-0.0104	0.0403	0.0965	
29.4280	6.0791	-7.2221	0.9714	0.5503	-0.2378	0.2545	0.6056	-0.1288	-0.7437	-0.0106	0.0421	0.0953	
29.5217	6.1359	-7.2458	0.9713	0.5504	-0.2378	0.2427	0.5980	-0.0910	-0.7595	-0.0105	0.0434	0.0940	
29.6139	6.1919	-7.2709	0.9710	0.5505	-0.2378	0.2310	0.5897	-0.0495	-0.7732	-0.0100	0.0451	0.0928	
29.7044	6.2522	-7.2923	0.9707	0.5507	-0.2377	0.2188	0.5834	-0.0079	-0.7831	-0.0091	0.0464	0.0916	
29.7923	6.3055	-7.3143	0.9703	0.5506	-0.2376	0.2054	0.5743	0.0332	-0.7926	-0.0084	0.0477	0.0906	
29.8824	6.3618	-7.3407	0.9699	0.5507	-0.2377	0.1924	0.5671	0.0723	-0.7986	-0.0074	0.0486	0.0895	
29.9676	6.4168	-7.3605	0.9694	0.5507	-0.2375	0.1795	0.5584	0.1152	-0.8026	-0.0061	0.0497	0.0885	
30.0587	6.4722	-7.3831	0.9691	0.5507	-0.2374	0.1661	0.5508	0.1593	-0.8031	-0.0045	0.0507	0.0877	
30.1510	6.5272	-7.4100	0.9689	0.5507	-0.2376	0.1466	0.5431	0.2052	-0.8013	-0.0029	0.0513	0.0875	
30.2418	6.5850	-7.4281	0.9686	0.5508	-0.2373	0.1347	0.5388	0.2457	-0.7957	-0.0009	0.0515	0.0867	
30.3300	6.6444	-7.4508	0.9682	0.5510	-0.2372	0.1200	0.5324	0.2875	-0.7879	0.0010	0.0518	0.0862	
30.4212	6.7040	-7.4708	0.9679	0.5511	-0.2370	0.1076	0.5278	0.3235	-0.7793	0.0028	0.0516	0.0854	
30.5091	6.7670	-7.4870	0.9675	0.5515	-0.2367	0.0917	0.5234	0.3606	-0.7676	0.0045	0.0511	0.0850	
30.6001	6.8263	-7.5065	0.9672	0.5517	-0.2365	0.0754	0.5188	0.3975	-0.7542	0.0063	0.0506	0.0847	
30.6930	6.8805	-7.5341	0.9670	0.5516	-0.2367	0.0519	0.5127	0.4361	-0.7382	0.0077	0.0498	0.0849	
30.7730	6.9345	-7.5483	0.9662	0.5516	-0.2362	0.0285	0.5081	0.4731	-0.7199	0.0054	0.0509	0.0846	
30.8619	6.9927	-7.5683	0.9659	0.5517	-0.2360	-0.0033	-0.5038	-0.5061	0.7008	0.0066	0.0497	0.0849	
30.9585	7.0527	-7.5900	0.9659	0.5519	-0.2359	0.0301	-0.4973	-0.5393	0.6791	0.0073	0.0483	0.0857	
31.0511	7.1122	-7.6112	0.9657	0.5521	-0.2358	0.0658	-0.4899	-0.5696	0.6568	0.0075	0.0469	0.0866	
31.1444	7.1716	-7.6313	0.9655	0.5523	-0.2357	0.1001	-0.4797	-0.5992	0.6333	0.0078	0.0457	0.0874	
31.2378	7.2336	-7.6547	0.9654	0.5526	-0.2357	0.1374	-0.4693	-0.6219	0.6119	0.0072	0.0444	0.0880	
31.3334	7.2965	-7.6767	0.9653	0.5529	-0.2356	0.1794	-0.4566	-0.6456	0.5850	0.0066	0.0431	0.0891	
31.4277	7.3564	-7.6985	0.9652	0.5531	-0.2355	0.2134	-0.4473	-0.6657	0.5584	0.0064	0.0416	0.0897	
31.5189	7.4115	-7.7196	0.9650	0.5531	-0.2354	0.2542	-0.4291	-0.6839	0.5322	0.0054	0.0409	0.0904	
31.6109	7.4689	-7.7390	0.9648	0.5532	-0.2352	0.2944	-0.4126	-0.6994	0.5038	0.0044	0.0399	0.0912	
31.7097	7.5287	-7.7546	0.9649	0.5534	-0.2349	0.3326	-0.3948	-0.7122	0.4756	0.0033	0.0391	0.0918	
31.8065	7.5864	-7.7733	0.9649	0.5534	-0.2347	0.3710	-0.3729	-0.7225	0.4486	0.0021	0.0387	0.0922	
31.9004	7.6438	-7.7961	0.9648	0.5535	-0.2347	0.4140	-0.3464	-0.7295	0.4194	0.0004	0.0386	0.0928	
31.9951	7.7043	-7.8209	0.9647	0.5538	-0.2347	0.4547	-0.3212	-0.7336	0.3894	-0.0013	0.0384	0.0933	
32.0959	7.7663	-7.8407	0.9649	0.5541	-0.2346	0.4914	-0.2925	-0.7362	0.3614	-0.0027	0.0387	0.0934	
32.1950	7.8289	-7.8625	0.9650	0.5544	-0.2345	0.5269	-0.2600	-0.7367	0.3344	-0.0040	0.0394	0.0933	
32.2990	7.8855	-7.8826	0.9653	0.5544	-0.2344	0.5602	-0.2276	-0.7346	0.3076	-0.0053	0.0401	0.0932	
32.4005	7.9429	-7.9041	0.9656	0.5545	-0.2343	0.5904	-0.1955	-0.7303	0.2832	-0.0064	0.0409	0.0927	
32.5025	7.9965	-7.9295	0.9658	0.5545	-0.2344	0.6170	-0.1606	-0.7258	0.2589	-0.0072	0.0419	0.0921	
32.6000	8.0513	-7.9506	0.9658	0.5544	-0.2343	0.6403	-0.1256	-0.7188	0.2424	-0.0077	0.0433	0.0909	
32.7015	8.1083	-7.9743	0.9661	0.5545	-0.2343	0.6631	-0.0904	-0.7096	0.2220	-0.0083	0.0445	0.0899	
32.8003	8.1659	-7.9998	0.9662	0.5546	-0.2344	0.6820	-0.0529	-0.7012	0.2032	-0.0083	0.0459	0.0889	
32.8969	8.2249	-8.0194	0.9662	0.5548	-0.2342	0.6990	-0.0137	-0.6917	0.1834	-0.0081	0.0474	0.0879	
32.9981	8.2823	-8.0463	0.9664	0.5549	-0.2344	0.7116	0.0264	-0.6830	0.1659	-0.0074	0.0488	0.0867	
33.0955	8.3446	-8.0680	0.9664	0.5552	-0.2343	0.7218	0.0643	-0.6737	0.1492	-0.0066	0.0499	0.0855	
33.1966	8.4036	-8.0869	0.9666	0.5554	-0.2341	0.7278	0.1066	-0.6650	0.1347	-0.0051	0.0513	0.0843	
33.2962	8.4607	-8.1133	0.9667	0.5554	-0.2342	0.7352	0.1461	-0.6522	0.1176	-0.0042	0.0526	0.0832	
33.3967	8.5192	-8.1338	0.9669	0.5556	-0.2341	0.7408	0.1825	-0.6396	0.1003	-0.0032	0.0534	0.0822	
33.4924	8.5780	-8.1566	0.9668	0.5557	-0.2341	0.7415	0.2233	-0.6281	0.0842	-0.0015	0.0543	0.0812	
33.5895	8.6384	-8.1799	0.9669	0.5559	-0.2340	0.7382	0.2623	-0.6190	0.0687	0.0004	0.0547	0.0804	
33.6870	8.6975	-8.1974	0.9669	0.5561	-0.2338	0.7333	0.3023	-0.6079	0.0523	0.0024	0.0552	0.0796	
33.7814	8.7526	-8.2143	0.9668	0.5561	-0.2335	0.7273	0.3430	-0.5943	0.0356	0.0044	0.0557	0.0790	
33.8751	8.8081	-8.2279	0.9667	0.5561	-0.2331	0.7195	0.3813	-0.5812	0.0179	0.0062	0.0558	0.0785	
33.9705	8.8623	-8.2449	0.9666	0.5560	-0.2328	0.7080	0.4195	-0.5691	-0.0016	0.0081	0.0556	0.0782	
34.0654	8.9215	-8.2666	0.9666	0.5562	-0.2327	0.6949	0.4552	-0.5580	-0.0168	0.0102	0.0552	0.0777	
34.1609	8.9749	-8.2838	0.9665	0.5561	-0.2324	0.6775	0.4887	-0.5504	-0.0337	0.0123	0.0541	0.0775	
34.2542	9.0330	-8.3021	0.9664	0.5562	-0.2322	0.6592	0.5240	-0.5376	-0.0540	0.0141	0.0533	0.0776	
34.3483	9.0887	-8.3196	0.9663	0.5562	-0.2320	0.6396	0.5557	-0.5272	-0.0743	0.0157	0.0522	0.0777	
34.4414	9.1416	-8.3387	0.9661	0.5561	-0.2318	0.6183	0.5876	-0.5132	-0.0986	0.0171	0.0512	0.0781	
34.5364	9.1964	-8.3564	0.9661	0.5560	-0.2316	0.5953	0.6174	-0.4999	-0.1235	0.0182	0.0499	0.0786	
34.6376	9.2522	-8.3724	0.9663	0.5560	-0.2313	0.5710	0.6440	-0.4885	-0.1475	0.0192	0.0484	0.0790	
34.7367	9.3111	-8.3917	0.9664	0.5562	-0.2311	0.5443	0.6705	-0.4763	-0.1686	0.0205	0.0468	0.0795	
34.8332	9.3620	-8.4134	0.9664	0.5560	-0.2310	0.5142	0.6952	-0.4617	-0.1988	0.0210	0.0453	0.0805	
34.9311	9.4138	-8.4308	0.9665	0.5558	-0.2308	0.4836	0.7191	-0.4450	-0.2267	0.0216	0.0439	0.0814	
35.0279	9.4670	-8.4491	0.9665	0.5557	-0.2306	0.4508	0.7393	-0.4258	-0.2622	0.0215	0.0425	0.0827	
35.1344	9.5240	-8.4720	0.9669	0.5558	-0.2306	0.4198	0.7557	-0.4061	-0.2963	0.0211	0.0413	0.0838	
35.2330	9.5782	-8.4894	0.9670	0.5557	-0.2304	0.3872	0.7695	-0.3865	-0.3296	0.0206	0.0401	0.0848	
35.3296	9.6324	-8.5143	0.9670	0.5556	-0.2305	0.3513	0.7820	-0.3621	-0.3654	0.0200	0.0391	0.0861	
35.4311	9.6880	-8.5402	0.9672	0.5556	-0.2306	0.3179	0.7903	-0.3369	-0.4006	0.0192	0.0384	0.0871	
35.5336	9.7432	-8.5625	0.9674	0.5556	-0.2305	0.2805	0.7965	-0.3114	-0.4353	0.0183	0.0375	0.0883	
35.6322	9.7945	-8.5829	0.9675	0.5554	-0.2304	0.2469	0.8002	-0.2845	-0.4664	0.0175	0.0369	0.0891	
35.7336	9.8513	-8.6094	0.9677	0.5555	-0.2306	0.2153	0.8011	-0.2572	-0.4956	0.0166	0.0366	0.0895	
35.8383	9.9059	-8.6340	0.9680	0.5555	-0.2307	0.1787	0.7984	-0.2207	-0.5300	0.0156	0.0368	0.0905	
35.9414	9.9618	-8.6584	0.9683	0.5555	-0.2307	0.1506	0.7923	-0.1868	-0.5606	0.0144	0.0373	0.0907	
36.0411	10.0163	-8.6810	0.9684	0.5554	-0.2307	0.1205	0.7853	-0.1527	-0.5875	0.0135	0.0376	0.0909	
36.1438	10.0787	-8.6997	0.9686	0.5557	-0.2305	0.0913	0.7760	-0.1148	-0.6130	0.0127	0.0383	0.0910	
36.2392	10.1389	-8.7270	0.9686	0.5559	-0.2307	0.0668	0.7661	-0.0771	-0.6346	0.0123	0.0392	0.0907	
36.3379	10.2011	-8.7467	0.9686	0.5562	-0.2306	0.0442	0.7541	-0.0407	-0.6542	0.0119	0.0400	0.0901	
36.4278	10.2620	-8.7720	0.9684	0.5564	-0.2306	0.0212	0.7417	0.0001	-0.6705	0.0111	0.0392	0.0906	
36.5212	10.3234	-8.7919	0.9682	0.5566	-0.2305	0.0006	-0.7284	-0.0434	0.6838	0.0115	0.0404	0.0900	
36.6150	10.3746	-8.8110	0.9681	0.5564	-0.2304	0.0224	-0.7116	-0.0889	0.6965	0.0119	0.0418	0.0894	
36.7079	10.4338	-8.8333	0.9679	0.5566	-0.2303	0.0390	-0.6969	-0.1360	0.7034	0.0131	0.0432	0.0883	
36.8056	10.4906	-8.8529	0.9680	0.5566	-0.2302	0.0573	-0.6807	-0.1809	0.7079	0.0142	0.0443	0.0875	
36.8993	10.5464	-8.8735	0.9679	0.5566	-0.2301	0.0753	-0.6631	-0.2221	0.7112	0.0151	0.0451	0.0866	
36.9904	10.6060	-8.8996	0.9676	0.5568	-0.2302	0.0912	-0.6465	-0.2609	0.7117	0.0162	0.0456	0.0857	
37.0851	10.6602	-8.9227	0.9675	0.5567	-0.2302	0.1041	-0.6305	-0.3003	0.7090	0.0178	0.0461	0.0845	
37.1785	10.7169	-8.9476	0.9674	0.5568	-0.2302	0.1192	-0.6135	-0.3427	0.7020	0.0196	0.0463	0.0837	
37.2707	10.7732	-8.9736	0.9672	0.5568	-0.2303	0.1341	-0.5961	-0.3803	0.6951	0.0211	0.0463	0.0829	
37.3648	10.8271	-9.0006	0.9671	0.5567	-0.2305	0.1439	-0.5800	-0.4199	0.6841	0.0233	0.0462	0.0819	
37.4611	10.8827	-9.0275	0.9671	0.5567	-0.2306	0.1594	-0.5597	-0.4613	0.6702	0.0252	0.0459	0.0815	
37.5547	10.9372	-9.0537	0.9670	0.5567	-0.2307	0.1729	-0.5412	-0.4994	0.6548	0.0271	0.0453	0.0810	
37.6504	10.9898	-9.0812	0.9669	0.5565	-0.2309	0.1885	-0.5207	-0.5354	0.6383	0.0287	0.0447	0.0807	
37.7426	11.0404	-9.1094	0.9668	0.5563	-0.2311	0.2039	-0.5029	-0.5697	0.6180	0.0303	0.0435	0.0805	
37.8309	11.0939	-9.1383	0.9664	0.5562	-0.2313	0.2152	-0.4900	-0.6004	0.5958	0.0319	0.0418	0.0801	
37.9219	11.1470	-9.1650	0.9662	0.5561	-0.2314	0.2267	-0.4738	-0.6324	0.5706	0.0337	0.0402	0.0800	
38.0123	11.2060	-9.1953	0.9660	0.5562	-0.2317	0.2438	-0.4525	-0.6656	0.5416	0.0352	0.0386	0.0804	
38.1037	11.2650	-9.2285	0.9658	0.5564	-0.2321	0.2570	-0.4366	-0.6945	0.5122	0.0365	0.0366	0.0806	
38.1959	11.3228	-9.2585	0.9656	0.5564	-0.2323	0.2744	-0.4150	-0.7222	0.4812	0.0375	0.0349	0.0812	
38.2919	11.3825	-9.2879	0.9656	0.5566	-0.2325	0.2910	-0.3953	-0.7483	0.4471	0.0383	0.0329	0.0818	
38.3836	11.4454	-9.3144	0.9654	0.5568	-0.2327	0.3095	-0.3732	-0.7724	0.4108	0.0390	0.0310	0.0827	
38.4794	11.5021	-9.3428	0.9654	0.5568	-0.2329	0.3280	-0.3502	-0.7944	0.3732	0.0394	0.0291	0.0836	
38.5739	11.5648	-9.3729	0.9653	0.5571	-0.2331	0.3489	-0.3218	-0.8148	0.3328	0.0397	0.0276	0.0848	
38.6693	11.6230	-9.3961	0.9653	0.5572	-0.2331	0.3700	-0.2982	-0.8292	0.2949	0.0393	0.0259	0.0858	
38.7620	11.6843	-9.4207	0.9651	0.5574	-0.2332	0.3893	-0.2762	-0.8409	0.2564	0.0388	0.0242	0.0867	
38.8521	11.7480	-9.4493	0.9649	0.5577	-0.2334	0.4094	-0.2484	-0.8517	0.2128	0.0384	0.0226	0.0880	
38.9461	11.8108	-9.4782	0.9648	0.5579	-0.2336	0.4351	-0.2187	-0.8569	0.1684	0.0374	0.0214	0.0895	
39.0409	11.8765	-9.5022	0.9647	0.5583	-0.2336	0.4599	-0.1864	-0.8590	0.1243	0.0363	0.0205	0.0910	
39.1360	11.9391	-9.5278	0.9647	0.5585	-0.2337	0.4841	-0.1533	-0.8574	0.0819	0.0351	0.0199	0.0923	
39.2340	11.9998	-9.5527	0.9647	0.5587	-0.2338	0.5053	-0.1195	-0.8535	0.0384	0.0340	0.0193	0.0936	
39.3283	12.0612	-9.5761	0.9646	0.5589	-0.2338	0.5251	-0.0876	-0.8464	-0.0053	0.0327	0.0186	0.0948	
39.4223	12.1232	-9.5986	0.9645	0.5591	-0.2338	0.5458	-0.0500	-0.8348	-0.0450	0.0315	0.0188	0.0958	
39.5168	12.1855	-9.6181	0.9645	0.5593	-0.2336	0.5642	-0.0160	-0.8209	-0.0851	0.0302	0.0187	0.0968	
39.6105	12.2434	-9.6386	0.9644	0.5594	-0.2335	0.5802	0.0218	-0.8048	-0.1215	0.0292	0.0190	0.0974	
39.7074	12.3052	-9.6605	0.9644	0.5596	-0.2335	0.5960	0.0610	-0.7849	-0.1564	0.0281	0.0198	0.0980	
39.8040	12.3655	-9.6799	0.9644	0.5598	-0.2333	0.6058	0.0990	-0.7656	-0.1913	0.0275	0.0201	0.0984	
39.8974	12.4207	-9.7023	0.9643	0.5597	-0.2333	0.6158	0.1381	-0.7426	-0.2233	0.0268	0.0208	0.0988	
39.9974	12.4796	-9.7231	0.9644	0.5598	-0.2332	0.6225	0.1786	-0.7199	-0.2497	0.0267	0.0217	0.0986	
40.0972	12.5374	-9.7446	0.9645	0.5599	-0.2331	0.6281	0.2211	-0.6933	-0.2748	0.0267	0.0229	0.0985	
40.1926	12.5906	-9.7671	0.9645	0.5598	-0.2331	0.6328	0.2589	-0.6664	-0.2976	0.0265	0.0240	0.0981	
40.2934	12.6509	-9.7901	0.9646	0.5600	-0.2331	0.6317	0.3005	-0.6394	-0.3190	0.0271	0.0248	0.0977	
40.3945	12.7096	-9.8191	0.9648	0.5600	-0.2333	0.6275	0.3405	-0.6143	-0.3366	0.0280	0.0254	0.0970	
40.4924	12.7681	-9.8379	0.9649	0.5601	-0.2331	0.6219	0.3824	-0.5853	-0.3531	0.0290	0.0262	0.0964	
40.5919	12.8268	-9.8570	0.9650	0.5602	-0.2330	0.6141	0.4229	-0.5546	-0.3695	0.0301	0.0268	0.0960	
40.6911	12.8851	-9.8834	0.9651	0.5603	-0.2331	0.6020	0.4627	-0.5275	-0.3820	0.0315	0.0270	0.0952	
40.7911	12.9437	-9.9049	0.9652	0.5604	-0.2330	0.5895	0.4994	-0.4987	-0.3936	0.0328	0.0271	0.0944	
40.8869	13.0065	-9.9231	0.9652	0.5606	-0.2328	0.5728	0.5365	-0.4679	-0.4066	0.0340	0.0269	0.0940	
40.9892	13.0663	-9.9415	0.9654	0.5608	-0.2326	0.5538	0.5729	-0.4352	-0.4193	0.0353	0.0266	0.0937	
41.0862	13.1228	-9.9572	0.9654	0.5608	-0.2324	0.5309	0.6089	-0.3994	-0.4332	0.0365	0.0262	0.0937	
41.1803	13.1788	-9.9765	0.9653	0.5608	-0.2322	0.5044	0.6445	-0.3621	-0.4458	0.0378	0.0256	0.0939	
41.2748	13.2341	-9.9920	0.9652	0.5607	-0.2320	0.4723	0.6798	-0.3245	-0.4574	0.0393	0.0245	0.0942	
41.3704	13.2874	-10.0130	0.9652	0.5606	-0.2319	0.4407	0.7104	-0.2926	-0.4647	0.0406	0.0230	0.0942	
41.4661	13.3421	-10.0338	0.9652	0.5606	-0.2318	0.4034	0.7383	-0.2595	-0.4745	0.0414	0.0212	0.0946	
41.5616	13.3915	-10.0500	0.9652	0.5603	-0.2316	0.3635	0.7652	-0.2209	-0.4830	0.0424	0.0196	0.0952	
41.6587	13.4473	-10.0731	0.9652	0.5603	-0.2316	0.3290	0.7856	-0.1893	-0.4894	0.0427	0.0181	0.0953	
41.7566	13.5047	-10.0954	0.9652	0.5603	-0.2315	0.2900	0.8052	-0.1559	-0.4937	0.0432	0.0164	0.0956	
41.8543	13.5585	-10.1165	0.9653	0.5603	-0.2315	0.2490	0.8204	-0.1249	-0.5000	0.0430	0.0145	0.0961	
41.9505	13.6106	-10.1380	0.9653	0.5601	-0.2314	0.2060	0.8339	-0.0936	-0.5040	0.0428	0.0126	0.0967	
42.0476	13.6599	-10.1594	0.9653	0.5599	-0.2313	0.1620	0.8455	-0.0609	-0.5055	0.0427	0.0107	0.0973	
42.1469	13.7176	-10.1807	0.9654	0.5599	-0.2313	0.1135	0.8531	-0.0282	-0.5087	0.0421	0.0087	0.0983	
42.2438	13.7695	-10.2050	0.9654	0.5598	-0.2313	0.0654	0.8573	-0.0007	-0.5115	0.0410	0.0066	0.0992	
42.3408	13.8209	-10.2299	0.9655	0.5596	-0.2314	0.0181	0.8568	0.0302	-0.5148	0.0398	0.0051	0.1001	
42.4553	13.8678	-10.2548	0.9661	0.5593	-0.2315	0.0257	-0.8540	-0.0581	0.5172	0.0405	0.0075	0.0996	
42.5656	13.9104	-10.2791	0.9665	0.5589	-0.2315	0.0683	-0.8483	-0.0884	0.5182	0.0406	0.0098	0.0992	
42.6753	13.9581	-10.3026	0.9670	0.5586	-0.2315	0.1111	-0.8379	-0.1171	0.5221	0.0406	0.0122	0.0989	
42.7819	14.0093	-10.3262	0.9673	0.5585	-0.2315	0.1504	-0.8247	-0.1437	0.5268	0.0403	0.0145	0.0988	
42.8912	14.0605	-10.3512	0.9677	0.5583	-0.2316	0.1887	-0.8075	-0.1704	0.5331	0.0399	0.0168	0.0987	
42.9994	14.1091	-10.3781	0.9681	0.5581	-0.2317	0.2274	-0.7863	-0.1969	0.5403	0.0393	0.0192	0.0986	
43.1064	14.1609	-10.4020	0.9684	0.5579	-0.2317	0.2658	-0.7615	-0.2215	0.5488	0.0384	0.0216	0.0986	
43.2114	14.2142	-10.4253	0.9687	0.5579	-0.2317	0.3022	-0.7334	-0.2471	0.5570	0.0376	0.0237	0.0985	
43.3180	14.2660	-10.4516	0.9690	0.5577	-0.2318	0.3387	-0.6992	-0.2708	0.5687	0.0368	0.0263	0.0984	
43.4224	14.3218	-10.4767	0.9693	0.5577	-0.2319	0.3711	-0.6635	-0.2934	0.5800	0.0361	0.0286	0.0982	
43.5201	14.3799	-10.5023	0.9693	0.5578	-0.2320	0.4017	-0.6267	-0.3157	0.5888	0.0352	0.0305	0.0982	
43.6207	14.4384	-10.5291	0.9694	0.5579	-0.2321	0.4283	-0.5872	-0.3379	0.5984	0.0347	0.0324	0.0980	
43.7250	14.4942	-10.5542	0.9696	0.5579	-0.2321	0.4533	-0.5463	-0.3591	0.6063	0.0340	0.0340	0.0978	
43.8261	14.5522	-10.5761	0.9698	0.5580	-0.2321	0.4755	-0.5059	-0.3835	0.6093	0.0335	0.0349	0.0976	
43.9234	14.6117	-10.5975	0.9698	0.5581	-0.2320	0.4951	-0.4620	-0.4071	0.6131	0.0333	0.0361	0.0973	
44.0218	14.6753	-10.6168	0.9698	0.5584	-0.2319	0.5086	-0.4188	-0.4354	0.6137	0.0336	0.0366	0.0969	
44.1224	14.7361	-10.6375	0.9700	0.5585	-0.2318	0.5188	-0.3728	-0.4641	0.6137	0.0341	0.0373	0.0964	
44.2225	14.7939	-10.6615	0.9701	0.5586	-0.2319	0.5287	-0.3282	-0.4899	0.6108	0.0344	0.0377	0.0959	
44.3227	14.8547	-10.6822	0.9702	0.5588	-0.2318	0.5349	-0.2818	-0.5167	0.6064	0.0349	0.0382	0.0954	
44.4187	14.9120	-10.6987	0.9701	0.5588	-0.2315	0.5375	-0.2395	-0.5457	0.5971	0.0356	0.0380	0.0948	
44.5162	14.9691	-10.7163	0.9701	0.5588	-0.2314	0.5414	-0.1984	-0.5713	0.5846	0.0359	0.0377	0.0942	
44.6123	15.0252	-10.7338	0.9701	0.5588	-0.2312	0.5465	-0.1589	-0.5999	0.5626	0.0361	0.0367	0.0941	
44.7072	15.0824	-10.7499	0.9700	0.5589	-0.2310	0.5456	-0.1222	-0.6293	0.5407	0.0368	0.0355	0.0936	
44.8021	15.1370	-10.7720	0.9700	0.5588	-0.2309	0.5466	-0.0839	-0.6545	0.5161	0.0371	0.0345	0.0934	
44.8971	15.1936	-10.7912	0.9699	0.5588	-0.2308	0.5473	-0.0494	-0.6796	0.4868	0.0373	0.0331	0.0932	
44.9962	15.2471	-10.8100	0.9700	0.5588	-0.2307	0.5455	-0.0130	-0.7044	0.4546	0.0376	0.0317	0.0933	
45.0893	15.3033	-10.8310	0.9698	0.5588	-0.2306	0.5417	0.0230	-0.7268	0.4224	0.0380	0.0305	0.0933	
45.1847	15.3567	-10.8549	0.9698	0.5587	-0.2306	0.5393	0.0555	-0.7470	0.3857	0.0381	0.0289	0.0934	
45.2807	15.4116	-10.8780	0.9698	0.5586	-0.2306	0.5343	0.0845	-0.7664	0.3483	0.0382	0.0271	0.0933	
45.3762	15.4687	-10.9017	0.9697	0.5587	-0.2306	0.5341	0.1146	-0.7806	0.3048	0.0376	0.0254	0.0939	
45.4716	15.5234	-10.9280	0.9697	0.5586	-0.2307	0.5315	0.1435	-0.7948	0.2569	0.0371	0.0234	0.0946	
45.5645	15.5797	-10.9556	0.9695	0.5586	-0.2309	0.5277	0.1693	-0.8056	0.2119	0.0365	0.0216	0.0950	
45.6584	15.6330	-10.9831	0.9694	0.5586	-0.2310	0.5246	0.2006	-0.8114	0.1623	0.0358	0.0202	0.0961	
45.7508	15.6900	-11.0087	0.9693	0.5586	-0.2311	0.5200	0.2270	-0.8165	0.1090	0.0348	0.0184	0.0971	
45.8417	15.7437	-11.0362	0.9691	0.5585	-0.2313	0.5159	0.2535	-0.8166	0.0546	0.0336	0.0169	0.0983	
45.9298	15.7991	-11.0635	0.9688	0.5585	-0.2314	0.5125	0.2801	-0.8119	0.0036	0.0322	0.0158	0.0993	
46.0199	15.8582	-11.0879	0.9686	0.5586	-0.2314	0.5088	0.3028	-0.8048	-0.0475	0.0306	0.0146	0.1001	
46.1114	15.9144	-11.1168	0.9684	0.5586	-0.2316	0.5037	0.3270	-0.7939	-0.0973	0.0291	0.0138	0.1009	
46.2037	15.9719	-11.1441	0.9683	0.5587	-0.2317	0.4960	0.3512	-0.7798	-0.1502	0.0275	0.0130	0.1020	
46.2953	16.0291	-11.1707	0.9681	0.5587	-0.2319	0.4898	0.3735	-0.7621	-0.2001	0.0258	0.0125	0.1029	
46.3836	16.0837	-11.1983	0.9678	0.5587	-0.2320	0.4834	0.3936	-0.7413	-0.2493	0.0238	0.0121	0.1037	
46.4746	16.1428	-11.2209	0.9676	0.5588	-0.2320	0.4760	0.4147	-0.7148	-0.3007	0.0218	0.0121	0.1047	
46.5657	16.1999	-11.2454	0.9675	0.5588	-0.2320	0.4693	0.4334	-0.6874	-0.3459	0.0199	0.0123	0.1053	
46.6584	16.2586	-11.2699	0.9673	0.5589	-0.2321	0.4584	0.4537	-0.6546	-0.3938	0.0181	0.0127	0.1062	
46.7476	16.3161	-11.2910	0.9671	0.5589	-0.2320	0.4508	0.4694	-0.6210	-0.4372	0.0160	0.0133	0.1067	
46.8356	16.3691	-11.3126	0.9668	0.5588	-0.2319	0.4410	0.4837	-0.5871	-0.4768	0.0142	0.0139	0.1069	
46.9255	16.4214	-11.3389	0.9666	0.5587	-0.2320	0.4320	0.4948	-0.5527	-0.5136	0.0123	0.0146	0.1069	
47.0193	16.4757	-11.3587	0.9665	0.5587	-0.2319	0.4208	0.5091	-0.5123	-0.5490	0.0109	0.0157	0.1071	
47.1078	16.5309	-11.3836	0.9663	0.5587	-0.2320	0.4099	0.5214	-0.4706	-0.5821	0.0095	0.0169	0.1071	
47.2007	16.5862	-11.4090	0.9662	0.5587	-0.2320	0.3969	0.5328	-0.4294	-0.6120	0.0084	0.0180	0.1070	
47.2939	16.6395	-11.4314	0.9661	0.5586	-0.2320	0.3857	0.5418	-0.3874	-0.6390	0.0072	0.0194	0.1067	
47.3881	16.6920	-11.4543	0.9660	0.5585	-0.2320	0.3733	0.5489	-0.3426	-0.6652	0.0061	0.0209	0.1064	
47.4813	16.7488	-11.4787	0.9659	0.5585	-0.2320	0.3603	0.5555	-0.2977	-0.6881	0.0053	0.0223	0.1061	
47.5755	16.8031	-11.5053	0.9658	0.5585	-0.2321	0.3499	0.5597	-0.2546	-0.7075	0.0045	0.0239	0.1054	
47.6657	16.8615	-11.5334	0.9656	0.5585	-0.2323	0.3436	0.5642	-0.2196	-0.7196	0.0042	0.0251	0.1039	
47.7574	16.9195	-11.5606	0.9655	0.5586	-0.2324	0.3319	0.5687	-0.1789	-0.7320	0.0040	0.0263	0.1030	
47.8498	16.9786	-11.5864	0.9654	0.5587	-0.2325	0.3197	0.5734	-0.1378	-0.7425	0.0041	0.0275	0.1020	
47.9453	17.0345	-11.6139	0.9653	0.5587	-0.2326	0.3049	0.5788	-0.0959	-0.7509	0.0044	0.0284	0.1012	
