-0.3473	-12.9325	0.0950	0.0000	0.0000	0.0000	0.5527	0.5147	0.4762	-0.4504	0.0000	0.0000	0.0000	
-0.3266	-12.1978	0.1848	0.0021	0.0727	0.0089	0.5555	0.5269	0.5335	-0.3725	0.0272	-0.0061	0.0273	
-0.3096	-11.8470	0.1605	0.0098	0.1555	0.0067	0.5474	0.5688	0.5214	-0.3277	-0.0032	-0.0279	0.0624	
-0.1700	-11.5300	0.0854	0.0585	0.2827	-0.0347	0.5341	0.5076	0.5896	-0.3608	0.0317	0.0500	0.0137	
-0.0899	-11.2881	0.2019	0.1050	0.4056	0.0316	0.5719	0.4750	0.5926	-0.3204	0.0612	0.0089	-0.0008	
-0.0230	-11.1150	0.2510	0.1096	0.5388	0.0733	0.5704	0.4589	0.5883	-0.3505	0.0246	0.0203	-0.0194	
0.0268	-10.9001	0.3985	0.1645	0.6593	0.1795	0.6023	0.4427	0.5905	-0.3094	0.0430	-0.0006	-0.0118	
0.0702	-10.7687	0.4152	0.1650	0.7379	0.1856	0.6109	0.4271	0.5898	-0.3118	0.0349	-0.0000	-0.0168	
0.0829	-10.6324	0.5001	0.1694	0.7935	0.2422	0.6261	0.4170	0.5921	-0.2893	0.0383	-0.0056	-0.0125	
0.2151	-10.5605	0.6361	0.2783	0.7855	0.3458	0.6333	0.4109	0.5968	-0.2724	0.0369	-0.0060	-0.0082	
0.2375	-10.4296	0.6669	0.2791	0.8322	0.3420	0.6369	0.3974	0.6094	-0.2550	0.0393	-0.0044	-0.0057	
0.3783	-10.2418	0.8086	0.3866	0.9287	0.4388	0.6471	0.3857	0.6164	-0.2289	0.0412	-0.0059	-0.0031	
0.4335	-10.0991	0.9117	0.4138	0.9673	0.4999	0.6613	0.3464	0.6275	-0.2214	0.0460	-0.0022	-0.0089	
0.4756	-9.9384	1.0327	0.4080	1.0277	0.5649	0.6782	0.3214	0.6255	-0.2132	0.0459	-0.0034	-0.0123	
0.5183	-9.8588	1.1712	0.4087	1.0090	0.6361	0.6925	0.2972	0.6239	-0.2071	0.0458	-0.0037	-0.0150	
0.5609	-9.7683	1.2468	0.4037	1.0040	0.6309	0.7035	0.3060	0.6175	-0.1787	0.0433	-0.0095	-0.0093	
0.6869	-9.6809	1.3818	0.4642	0.9982	0.6900	0.7054	0.2965	0.6216	-0.1689	0.0415	-0.0082	-0.0087	
0.7967	-9.5338	1.4868	0.5051	1.0365	0.7150	0.7244	0.2800	0.6106	-0.1557	0.0408	-0.0113	-0.0101	
0.8531	-9.4450	1.5478	0.5123	1.0242	0.7089	0.7335	0.2588	0.6117	-0.1438	0.0415	-0.0109	-0.0110	
0.9799	-9.3552	1.6243	0.5654	1.0151	0.7158	0.7459	0.2342	0.6087	-0.1350	0.0418	-0.0110	-0.0129	
1.0443	-9.2425	1.6708	0.5746	1.0207	0.7081	0.7453	0.2029	0.6218	-0.1305	0.0430	-0.0074	-0.0147	
1.1107	-9.1703	1.7412	0.5802	1.0020	0.7041	0.7530	0.1920	0.6192	-0.1139	0.0426	-0.0086	-0.0135	
1.2963	-9.0505	1.8782	0.6648	1.0121	0.7497	0.7555	0.1636	0.6263	-0.0997	0.0441	-0.0070	-0.0144	
1.3232	-8.9952	2.0365	0.6357	0.9881	0.7993	0.7613	0.1538	0.6233	-0.0945	0.0423	-0.0071	-0.0143	
1.3534	-8.8939	2.1237	0.6189	0.9879	0.8030	0.7673	0.1323	0.6222	-0.0797	0.0429	-0.0073	-0.0145	
1.4701	-8.8250	2.1759	0.6517	0.9712	0.7875	0.7675	0.1154	0.6274	-0.0643	0.0432	-0.0067	-0.0138	
1.5460	-8.6960	2.3173	0.6552	0.9892	0.8210	0.7741	0.0987	0.6232	-0.0526	0.0428	-0.0071	-0.0139	
1.6348	-8.6236	2.4396	0.6684	0.9755	0.8435	0.7765	0.0778	0.6239	-0.0425	0.0429	-0.0066	-0.0143	
1.7108	-8.5212	2.5199	0.6727	0.9784	0.8457	0.7744	0.0523	0.6296	-0.0376	0.0429	-0.0052	-0.0152	
1.7818	-8.4494	2.5640	0.6730	0.9669	0.8275	0.7738	0.0341	0.6320	-0.0307	0.0425	-0.0046	-0.0153	
1.8476	-8.3468	2.6001	0.6724	0.9697	0.8057	0.7698	0.0168	0.6379	-0.0176	0.0426	-0.0038	-0.0147	
1.8886	-8.2448	2.7156	0.6582	0.9726	0.8238	0.7728	-0.0054	0.6345	-0.0140	0.0421	-0.0037	-0.0157	
1.9482	-8.1206	2.7745	0.6551	0.9845	0.8147	0.7717	-0.0283	0.6353	-0.0048	0.0422	-0.0033	-0.0160	
2.0555	-8.0545	2.8588	0.6766	0.9700	0.8148	0.7696	-0.0467	0.6367	0.0138	0.0428	-0.0031	-0.0153	
2.0983	-7.9660	2.9914	0.6658	0.9661	0.8351	0.7742	-0.0636	0.6292	0.0268	0.0427	-0.0039	-0.0152	
2.1749	-7.8502	3.0719	0.6728	0.9728	0.8329	0.7729	-0.0857	0.6269	0.0462	0.0434	-0.0040	-0.0149	
2.2101	-7.7656	3.2184	0.6592	0.9676	0.8583	0.7766	-0.1053	0.6187	0.0553	0.0432	-0.0045	-0.0153	
2.2372	-7.6539	3.3286	0.6446	0.9724	0.8685	0.7787	-0.1309	0.6100	0.0652	0.0433	-0.0048	-0.0160	
2.3071	-7.5559	3.4025	0.6454	0.9733	0.8630	0.7773	-0.1453	0.6075	0.0768	0.0430	-0.0048	-0.0156	
2.3864	-7.4836	3.5237	0.6510	0.9644	0.8754	0.7723	-0.1596	0.6083	0.0907	0.0429	-0.0044	-0.0151	
2.4312	-7.4019	3.5902	0.6430	0.9591	0.8682	0.7697	-0.1790	0.6047	0.0994	0.0428	-0.0043	-0.0152	
2.4825	-7.3318	3.7006	0.6395	0.9497	0.8758	0.7644	-0.1962	0.6033	0.1149	0.0430	-0.0041	-0.0149	
2.5195	-7.2487	3.8232	0.6302	0.9452	0.8878	0.7624	-0.2146	0.5972	0.1270	0.0430	-0.0042	-0.0149	
2.5870	-7.1694	3.9166	0.6317	0.9404	0.8895	0.7551	-0.2324	0.5976	0.1376	0.0429	-0.0037	-0.0148	
2.6505	-7.0889	3.9989	0.6324	0.9357	0.8869	0.7506	-0.2508	0.5922	0.1515	0.0431	-0.0038	-0.0146	
2.7028	-7.0034	4.1102	0.6292	0.9329	0.8931	0.7460	-0.2651	0.5876	0.1673	0.0432	-0.0038	-0.0141	
2.7635	-6.9443	4.1946	0.6291	0.9220	0.8906	0.7387	-0.2803	0.5851	0.1829	0.0433	-0.0036	-0.0137	
2.8022	-6.8717	4.2971	0.6206	0.9158	0.8947	0.7344	-0.2952	0.5802	0.1924	0.0430	-0.0036	-0.0136	
2.8600	-6.7761	4.4486	0.6199	0.9168	0.9134	0.7281	-0.3124	0.5741	0.2065	0.0431	-0.0036	-0.0135	
2.9401	-6.7102	4.5775	0.6250	0.9094	0.9256	0.7231	-0.3320	0.5670	0.2131	0.0430	-0.0036	-0.0140	
2.9922	-6.6072	4.6764	0.6216	0.9128	0.9279	0.7176	-0.3504	0.5597	0.2216	0.0429	-0.0036	-0.0141	
3.0855	-6.5130	4.7861	0.6309	0.9140	0.9324	0.7112	-0.3665	0.5522	0.2344	0.0429	-0.0037	-0.0140	
3.1285	-6.4279	4.8713	0.6253	0.9121	0.9299	0.7000	-0.3835	0.5504	0.2451	0.0429	-0.0032	-0.0139	
3.1995	-6.3421	4.9540	0.6280	0.9109	0.9284	0.6913	-0.4084	0.5408	0.2504	0.0431	-0.0032	-0.0146	
3.2303	-6.2338	5.0603	0.6200	0.9152	0.9320	0.6806	-0.4282	0.5333	0.2623	0.0433	-0.0031	-0.0148	
3.3073	-6.1619	5.1614	0.6249	0.9101	0.9331	0.6699	-0.4423	0.5267	0.2797	0.0437	-0.0030	-0.0143	
3.3406	-6.0544	5.2735	0.6172	0.9141	0.9374	0.6588	-0.4567	0.5220	0.2915	0.0436	-0.0027	-0.0141	
3.3879	-5.9498	5.3606	0.6143	0.9175	0.9350	0.6450	-0.4729	0.5162	0.3062	0.0439	-0.0024	-0.0139	
3.4372	-5.8498	5.4718	0.6113	0.9194	0.9391	0.6349	-0.4875	0.5080	0.3182	0.0439	-0.0023	-0.0138	
3.5102	-5.7376	5.5745	0.6144	0.9247	0.9415	0.6238	-0.5042	0.4999	0.3268	0.0439	-0.0023	-0.0139	
3.5442	-5.6566	5.6598	0.6070	0.9217	0.9395	0.6111	-0.5213	0.4957	0.3306	0.0436	-0.0019	-0.0143	
3.5858	-5.5481	5.7341	0.6027	0.9257	0.9346	0.5957	-0.5389	0.4892	0.3396	0.0437	-0.0016	-0.0145	
3.6357	-5.4623	5.8172	0.6004	0.9242	0.9321	0.5814	-0.5561	0.4815	0.3476	0.0437	-0.0014	-0.0147	
3.6823	-5.3833	5.9044	0.5974	0.9208	0.9299	0.5693	-0.5674	0.4732	0.3609	0.0438	-0.0013	-0.0143	
3.7245	-5.3061	6.0159	0.5935	0.9171	0.9338	0.5559	-0.5799	0.4649	0.3724	0.0438	-0.0011	-0.0141	
3.7946	-5.2049	6.1029	0.5958	0.9195	0.9323	0.5413	-0.5951	0.4586	0.3776	0.0437	-0.0009	-0.0144	
3.8523	-5.1243	6.2106	0.5957	0.9170	0.9354	0.5258	-0.6097	0.4490	0.3874	0.0439	-0.0007	-0.0144	
3.9176	-5.0353	6.2926	0.5966	0.9164	0.9324	0.5127	-0.6203	0.4439	0.3945	0.0435	-0.0004	-0.0143	
3.9610	-4.9505	6.4105	0.5933	0.9148	0.9375	0.4950	-0.6339	0.4368	0.4028	0.0436	-0.0001	-0.0145	
4.0195	-4.8557	6.5276	0.5931	0.9155	0.9425	0.4805	-0.6467	0.4280	0.4097	0.0435	-0.0000	-0.0146	
4.0666	-4.7514	6.5865	0.5906	0.9183	0.9348	0.4644	-0.6602	0.4192	0.4156	0.0434	0.0001	-0.0147	
4.1185	-4.6492	6.6912	0.5892	0.9204	0.9368	0.4498	-0.6704	0.4096	0.4248	0.0434	0.0002	-0.0146	
4.1645	-4.5508	6.7513	0.5866	0.9218	0.9294	0.4311	-0.6830	0.4019	0.4313	0.0435	0.0005	-0.0147	
4.2164	-4.4623	6.8505	0.5854	0.9211	0.9308	0.4138	-0.6973	0.3907	0.4356	0.0435	0.0005	-0.0151	
4.2685	-4.3668	6.9564	0.5841	0.9217	0.9332	0.3987	-0.7070	0.3802	0.4435	0.0435	0.0006	-0.0149	
4.3352	-4.2790	7.0413	0.5858	0.9210	0.9317	0.3830	-0.7201	0.3662	0.4480	0.0436	0.0004	-0.0151	
4.4015	-4.1876	7.1219	0.5873	0.9210	0.9294	0.3648	-0.7341	0.3552	0.4493	0.0436	0.0004	-0.0155	
4.4616	-4.0762	7.2055	0.5877	0.9249	0.9270	0.3461	-0.7421	0.3459	0.4582	0.0437	0.0008	-0.0154	
4.5223	-3.9623	7.3101	0.5880	0.9290	0.9291	0.3288	-0.7519	0.3384	0.4607	0.0434	0.0009	-0.0157	
4.5835	-3.8874	7.4198	0.5884	0.9255	0.9320	0.3110	-0.7599	0.3315	0.4648	0.0431	0.0011	-0.0158	
4.6566	-3.7962	7.5036	0.5910	0.9253	0.9300	0.2946	-0.7669	0.3216	0.4709	0.0430	0.0013	-0.0157	
4.7105	-3.7005	7.5995	0.5901	0.9257	0.9301	0.2785	-0.7715	0.3153	0.4776	0.0427	0.0017	-0.0155	
4.7557	-3.6123	7.7013	0.5876	0.9247	0.9316	0.2620	-0.7790	0.3046	0.4814	0.0426	0.0017	-0.0155	
4.8321	-3.5240	7.7793	0.5907	0.9240	0.9287	0.2453	-0.7853	0.2953	0.4859	0.0424	0.0019	-0.0154	
4.8871	-3.4486	7.8754	0.5900	0.9210	0.9292	0.2255	-0.7940	0.2837	0.4880	0.0425	0.0019	-0.0157	
4.9443	-3.3305	7.9664	0.5898	0.9257	0.9286	0.2059	-0.8001	0.2727	0.4930	0.0426	0.0021	-0.0157	
4.9862	-3.2540	8.0492	0.5869	0.9229	0.9266	0.1856	-0.8067	0.2621	0.4961	0.0426	0.0022	-0.0159	
5.0292	-3.1742	8.1562	0.5843	0.9206	0.9290	0.1663	-0.8128	0.2507	0.4988	0.0426	0.0023	-0.0160	
5.0855	-3.0885	8.2382	0.5839	0.9195	0.9271	0.1491	-0.8192	0.2399	0.4993	0.0424	0.0022	-0.0161	
5.1464	-3.0044	8.3155	0.5843	0.9183	0.9245	0.1296	-0.8264	0.2260	0.4991	0.0425	0.0021	-0.0163	
5.1998	-2.9081	8.4149	0.5835	0.9190	0.9254	0.1097	-0.8292	0.2175	0.5032	0.0423	0.0024	-0.0163	
5.2458	-2.8114	8.5181	0.5816	0.9196	0.9268	0.0915	-0.8296	0.2088	0.5100	0.0422	0.0029	-0.0161	
5.3022	-2.7176	8.6017	0.5814	0.9200	0.9252	0.0731	-0.8326	0.1969	0.5125	0.0422	0.0030	-0.0160	
5.3742	-2.6335	8.6851	0.5835	0.9187	0.9236	0.0544	-0.8351	0.1869	0.5146	0.0421	0.0032	-0.0161	
5.4137	-2.5389	8.7843	0.5807	0.9191	0.9245	0.0353	-0.8355	0.1743	0.5200	0.0422	0.0035	-0.0159	
5.4652	-2.4305	8.8547	0.5795	0.9217	0.9212	0.0125	-0.8353	0.1641	0.5246	0.0421	0.0029	-0.0158	
5.5191	-2.3531	8.9505	0.5790	0.9194	0.9216	0.0104	0.8364	-0.1533	-0.5261	0.0422	0.0032	-0.0160	
5.5606	-2.2672	9.0496	0.5765	0.9184	0.9226	0.0270	0.8344	-0.1423	-0.5321	0.0420	0.0036	-0.0156	
5.6171	-2.1799	9.1354	0.5764	0.9177	0.9214	0.0480	0.8350	-0.1330	-0.5317	0.0419	0.0038	-0.0158	
5.6765	-2.0855	9.2284	0.5767	0.9180	0.9213	0.0670	0.8337	-0.1267	-0.5335	0.0416	0.0042	-0.0159	
5.7282	-1.9911	9.3176	0.5758	0.9186	0.9207	0.0919	0.8321	-0.1148	-0.5347	0.0419	0.0046	-0.0162	
5.7824	-1.9011	9.4205	0.5754	0.9182	0.9223	0.1099	0.8326	-0.1037	-0.5330	0.0417	0.0045	-0.0163	
5.8369	-1.8042	9.5271	0.5750	0.9189	0.9243	0.1281	0.8303	-0.0930	-0.5345	0.0416	0.0047	-0.0162	
5.9043	-1.7150	9.6090	0.5764	0.9186	0.9227	0.1485	0.8315	-0.0839	-0.5288	0.0414	0.0045	-0.0166	
5.9591	-1.6186	9.7131	0.5761	0.9192	0.9243	0.1672	0.8289	-0.0755	-0.5287	0.0412	0.0047	-0.0167	
6.0257	-1.5343	9.7972	0.5774	0.9182	0.9229	0.1892	0.8247	-0.0691	-0.5286	0.0410	0.0052	-0.0170	
6.0755	-1.4389	9.8973	0.5763	0.9186	0.9239	0.2076	0.8224	-0.0614	-0.5263	0.0407	0.0053	-0.0172	
6.1399	-1.3619	9.9945	0.5773	0.9165	0.9246	0.2279	0.8185	-0.0504	-0.5249	0.0407	0.0055	-0.0173	
6.2052	-1.2773	10.0974	0.5783	0.9156	0.9260	0.2490	0.8121	-0.0420	-0.5261	0.0405	0.0060	-0.0175	
6.2551	-1.1868	10.1898	0.5773	0.9154	0.9259	0.2650	0.8059	-0.0340	-0.5287	0.0402	0.0065	-0.0173	
6.3204	-1.1209	10.2755	0.5783	0.9119	0.9250	0.2848	0.8037	-0.0245	-0.5219	0.0400	0.0063	-0.0177	
6.3839	-1.0320	10.3547	0.5791	0.9116	0.9231	0.3032	0.7991	-0.0167	-0.5190	0.0398	0.0064	-0.0179	
6.4421	-0.9444	10.4444	0.5791	0.9111	0.9227	0.3209	0.7948	-0.0075	-0.5151	0.0396	0.0064	-0.0180	
6.5180	-0.8468	10.5511	0.5815	0.9120	0.9247	0.3393	0.7881	0.0037	-0.5136	0.0396	0.0066	-0.0180	
6.5773	-0.7522	10.6318	0.5816	0.9125	0.9232	0.3577	0.7819	0.0187	-0.5102	0.0398	0.0067	-0.0180	
6.6445	-0.6484	10.7265	0.5828	0.9142	0.9235	0.3716	0.7774	0.0274	-0.5070	0.0395	0.0066	-0.0180	
6.7070	-0.5492	10.8242	0.5834	0.9152	0.9242	0.3898	0.7704	0.0390	-0.5030	0.0395	0.0067	-0.0180	
6.7576	-0.4607	10.9260	0.5824	0.9148	0.9254	0.4094	0.7617	0.0512	-0.4996	0.0397	0.0069	-0.0182	
6.8125	-0.3861	11.0117	0.5819	0.9127	0.9246	0.4260	0.7537	0.0637	-0.4964	0.0397	0.0070	-0.0181	
6.8897	-0.2967	11.0951	0.5843	0.9125	0.9234	0.4425	0.7458	0.0701	-0.4932	0.0393	0.0071	-0.0184	
6.9413	-0.2147	11.1816	0.5834	0.9113	0.9227	0.4589	0.7376	0.0843	-0.4881	0.0395	0.0071	-0.0183	
7.0093	-0.1138	11.2781	0.5846	0.9126	0.9233	0.4733	0.7283	0.0942	-0.4867	0.0392	0.0074	-0.0182	
7.0591	-0.0246	11.3775	0.5835	0.9123	0.9241	0.4919	0.7183	0.1025	-0.4811	0.0392	0.0075	-0.0185	
7.1013	0.0618	11.4677	0.5816	0.9116	0.9238	0.5101	0.7091	0.1123	-0.4736	0.0392	0.0074	-0.0188	
7.1511	0.1387	11.5605	0.5805	0.9099	0.9238	0.5305	0.6977	0.1239	-0.4650	0.0395	0.0074	-0.0191	
7.2010	0.2261	11.6687	0.5795	0.9094	0.9257	0.5500	0.6838	0.1332	-0.4604	0.0396	0.0077	-0.0195	
7.2623	0.3158	11.7650	0.5799	0.9093	0.9262	0.5673	0.6707	0.1406	-0.4567	0.0394	0.0080	-0.0198	
7.3336	0.3956	11.8516	0.5813	0.9080	0.9255	0.5858	0.6547	0.1532	-0.4523	0.0396	0.0084	-0.0201	
7.3931	0.4828	11.9575	0.5815	0.9076	0.9271	0.5995	0.6446	0.1633	-0.4456	0.0395	0.0083	-0.0200	
7.4493	0.5764	12.0438	0.5813	0.9079	0.9264	0.6164	0.6303	0.1727	-0.4391	0.0396	0.0085	-0.0203	
7.5012	0.6608	12.1436	0.5805	0.9072	0.9272	0.6317	0.6156	0.1829	-0.4342	0.0396	0.0087	-0.0204	
7.5567	0.7545	12.2333	0.5802	0.9075	0.9269	0.6462	0.6002	0.1945	-0.4292	0.0397	0.0090	-0.0204	
7.6030	0.8487	12.3139	0.5789	0.9079	0.9256	0.6580	0.5891	0.1989	-0.4253	0.0391	0.0090	-0.0206	
7.6631	0.9191	12.4085	0.5791	0.9056	0.9258	0.6744	0.5717	0.2066	-0.4190	0.0391	0.0092	-0.0210	
7.7158	0.9986	12.4952	0.5785	0.9044	0.9253	0.6860	0.5573	0.2115	-0.4177	0.0385	0.0094	-0.0211	
7.7683	1.0781	12.5994	0.5779	0.9031	0.9266	0.6995	0.5395	0.2190	-0.4143	0.0384	0.0098	-0.0213	
7.8198	1.1713	12.6958	0.5772	0.9034	0.9270	0.7151	0.5238	0.2234	-0.4053	0.0383	0.0097	-0.0218	
7.8734	1.2580	12.7847	0.5768	0.9030	0.9266	0.7267	0.5088	0.2327	-0.3987	0.0382	0.0098	-0.0218	
7.9344	1.3503	12.8711	0.5771	0.9033	0.9260	0.7386	0.4941	0.2349	-0.3943	0.0377	0.0098	-0.0221	
7.9891	1.4333	12.9609	0.5768	0.9025	0.9257	0.7503	0.4779	0.2439	-0.3861	0.0377	0.0098	-0.0222	
8.0367	1.5295	13.0470	0.5757	0.9031	0.9250	0.7620	0.4617	0.2480	-0.3805	0.0374	0.0098	-0.0224	
8.1036	1.6210	13.1508	0.5767	0.9033	0.9263	0.7719	0.4468	0.2547	-0.3738	0.0372	0.0099	-0.0224	
8.1549	1.7130	13.2318	0.5760	0.9034	0.9250	0.7849	0.4290	0.2584	-0.3648	0.0371	0.0097	-0.0229	
8.2158	1.7956	13.3164	0.5763	0.9026	0.9243	0.7962	0.4085	0.2659	-0.3585	0.0372	0.0100	-0.0232	
8.2656	1.8777	13.4106	0.5755	0.9017	0.9245	0.8077	0.3903	0.2670	-0.3523	0.0368	0.0099	-0.0236	
8.3309	1.9700	13.5103	0.5763	0.9020	0.9253	0.8195	0.3676	0.2727	-0.3447	0.0368	0.0102	-0.0241	
8.3955	2.0559	13.5969	0.5769	0.9015	0.9247	0.8290	0.3491	0.2791	-0.3362	0.0368	0.0102	-0.0242	
8.4564	2.1436	13.6886	0.5772	0.9013	0.9247	0.8362	0.3303	0.2873	-0.3304	0.0368	0.0104	-0.0242	
8.5109	2.2321	13.7827	0.5769	0.9011	0.9249	0.8446	0.3128	0.2929	-0.3211	0.0367	0.0104	-0.0242	
8.5665	2.3186	13.8766	0.5767	0.9007	0.9250	0.8562	0.2898	0.2959	-0.3085	0.0370	0.0103	-0.0248	
8.6266	2.4071	13.9786	0.5770	0.9006	0.9260	0.8632	0.2748	0.3006	-0.2987	0.0368	0.0101	-0.0247	
8.6795	2.4961	14.0739	0.5764	0.9004	0.9263	0.8716	0.2507	0.3057	-0.2897	0.0369	0.0104	-0.0251	
8.7398	2.5866	14.1789	0.5767	0.9005	0.9275	0.8789	0.2307	0.3090	-0.2808	0.0368	0.0104	-0.0253	
8.7953	2.6749	14.2680	0.5765	0.9003	0.9272	0.8849	0.2088	0.3156	-0.2713	0.0369	0.0105	-0.0255	
8.8428	2.7680	14.3666	0.5755	0.9006	0.9278	0.8911	0.1879	0.3191	-0.2621	0.0368	0.0106	-0.0257	
8.8930	2.8544	14.4560	0.5748	0.9003	0.9275	0.8946	0.1680	0.3247	-0.2573	0.0366	0.0109	-0.0256	
8.9579	2.9408	14.5496	0.5755	0.8999	0.9276	0.8990	0.1455	0.3279	-0.2513	0.0364	0.0111	-0.0259	
9.0197	3.0424	14.6436	0.5759	0.9010	0.9278	0.9056	0.1226	0.3268	-0.2410	0.0362	0.0108	-0.0265	
9.0647	3.1344	14.7460	0.5747	0.9012	0.9287	0.9089	0.1033	0.3284	-0.2357	0.0358	0.0109	-0.0265	
9.1260	3.2325	14.8539	0.5751	0.9020	0.9301	0.9140	0.0817	0.3290	-0.2225	0.0359	0.0107	-0.0268	
9.1806	3.3298	14.9461	0.5748	0.9026	0.9300	0.9173	0.0617	0.3317	-0.2115	0.0359	0.0107	-0.0269	
9.2408	3.4225	15.0502	0.5750	0.9029	0.9311	0.9198	0.0389	0.3339	-0.2022	0.0358	0.0108	-0.0271	
9.3014	3.5227	15.1385	0.5753	0.9038	0.9307	0.9232	0.0191	0.3318	-0.1931	0.0355	0.0104	-0.0274	
9.3485	3.6052	15.2286	0.5744	0.9031	0.9304	0.9251	-0.0036	0.3321	-0.1838	0.0355	0.0104	-0.0277	
9.4039	3.6936	15.3209	0.5742	0.9029	0.9304	0.9256	-0.0224	0.3332	-0.1789	0.0350	0.0105	-0.0277	
9.4618	3.7887	15.4193	0.5742	0.9034	0.9309	0.9263	-0.0466	0.3326	-0.1705	0.0349	0.0105	-0.0281	
9.5286	3.8883	15.5125	0.5750	0.9042	0.9309	0.9261	-0.0661	0.3353	-0.1598	0.0348	0.0105	-0.0281	
9.5903	3.9827	15.5969	0.5754	0.9046	0.9301	0.9239	-0.0853	0.3399	-0.1541	0.0345	0.0108	-0.0279	
9.6377	4.0723	15.6929	0.5745	0.9046	0.9304	0.9224	-0.1033	0.3442	-0.1416	0.0346	0.0110	-0.0277	
9.6863	4.1706	15.7797	0.5737	0.9053	0.9298	0.9214	-0.1239	0.3444	-0.1307	0.0346	0.0109	-0.0278	
9.7315	4.2618	15.8780	0.5727	0.9053	0.9302	0.9199	-0.1443	0.3452	-0.1168	0.0348	0.0108	-0.0279	
9.7933	4.3475	15.9683	0.5730	0.9049	0.9300	0.9165	-0.1643	0.3479	-0.1102	0.0345	0.0110	-0.0279	
9.8499	4.4265	16.0611	0.5730	0.9039	0.9300	0.9148	-0.1814	0.3467	-0.1013	0.0343	0.0108	-0.0279	
9.9067	4.5140	16.1489	0.5729	0.9037	0.9296	0.9119	-0.2022	0.3449	-0.0922	0.0342	0.0107	-0.0281	
9.9610	4.6026	16.2440	0.5726	0.9035	0.9298	0.9073	-0.2243	0.3456	-0.0841	0.0340	0.0109	-0.0283	
10.0155	4.6944	16.3311	0.5724	0.9036	0.9293	0.9032	-0.2442	0.3446	-0.0766	0.0338	0.0108	-0.0284	
10.0838	4.7829	16.4225	0.5733	0.9035	0.9292	0.8973	-0.2668	0.3446	-0.0704	0.0336	0.0110	-0.0287	
10.1430	4.8742	16.5109	0.5734	0.9036	0.9288	0.8908	-0.2899	0.3449	-0.0585	0.0338	0.0112	-0.0290	
10.1980	4.9692	16.5970	0.5732	0.9040	0.9283	0.8843	-0.3112	0.3447	-0.0479	0.0338	0.0112	-0.0291	
10.2632	5.0544	16.6890	0.5739	0.9035	0.9282	0.8779	-0.3302	0.3450	-0.0346	0.0340	0.0112	-0.0291	
10.3234	5.1268	16.7771	0.5741	0.9021	0.9278	0.8718	-0.3483	0.3436	-0.0295	0.0336	0.0112	-0.0291	
10.3760	5.2026	16.8696	0.5737	0.9009	0.9279	0.8658	-0.3687	0.3377	-0.0235	0.0334	0.0109	-0.0295	
10.4319	5.3007	16.9594	0.5735	0.9015	0.9276	0.8558	-0.3931	0.3357	-0.0167	0.0332	0.0111	-0.0300	
10.4861	5.3974	17.0484	0.5733	0.9021	0.9273	0.8461	-0.4138	0.3359	-0.0077	0.0331	0.0114	-0.0302	
10.5378	5.4838	17.1464	0.5728	0.9018	0.9277	0.8380	-0.4319	0.3335	0.0029	0.0331	0.0113	-0.0302	
10.5962	5.5631	17.2382	0.5729	0.9009	0.9277	0.8293	-0.4510	0.3301	0.0080	0.0327	0.0112	-0.0304	
10.6590	5.6493	17.3254	0.5733	0.9006	0.9272	0.8214	-0.4686	0.3246	0.0190	0.0328	0.0109	-0.0304	
10.7101	5.7387	17.4185	0.5728	0.9005	0.9272	0.8128	-0.4843	0.3230	0.0266	0.0325	0.0109	-0.0303	
10.7663	5.8278	17.5176	0.5727	0.9005	0.9277	0.8018	-0.5048	0.3185	0.0309	0.0321	0.0109	-0.0308	
10.8252	5.9124	17.6065	0.5728	0.9000	0.9275	0.7911	-0.5227	0.3157	0.0379	0.0319	0.0109	-0.0309	
10.8825	5.9958	17.6972	0.5728	0.8995	0.9273	0.7771	-0.5452	0.3117	0.0416	0.0317	0.0110	-0.0315	
10.9398	6.0875	17.7917	0.5728	0.8997	0.9275	0.7638	-0.5672	0.3041	0.0476	0.0316	0.0108	-0.0321	
10.9916	6.1743	17.8951	0.5724	0.8994	0.9283	0.7517	-0.5838	0.3018	0.0562	0.0314	0.0109	-0.0322	
11.0509	6.2698	17.9871	0.5726	0.8998	0.9282	0.7371	-0.6013	0.3020	0.0635	0.0312	0.0112	-0.0323	
11.1084	6.3541	18.0793	0.5726	0.8994	0.9281	0.7228	-0.6209	0.2958	0.0674	0.0309	0.0111	-0.0328	
11.1577	6.4441	18.1802	0.5720	0.8994	0.9287	0.7098	-0.6373	0.2917	0.0714	0.0305	0.0111	-0.0330	
11.2117	6.5374	18.2793	0.5718	0.8996	0.9292	0.6961	-0.6541	0.2852	0.0790	0.0304	0.0109	-0.0332	
11.2633	6.6244	18.3796	0.5713	0.8994	0.9297	0.6808	-0.6698	0.2830	0.0879	0.0303	0.0110	-0.0333	
11.3164	6.7083	18.4789	0.5710	0.8989	0.9302	0.6690	-0.6830	0.2774	0.0956	0.0302	0.0108	-0.0332	
11.3770	6.7980	18.5671	0.5713	0.8989	0.9299	0.6533	-0.6988	0.2723	0.1033	0.0302	0.0108	-0.0333	
11.4403	6.8830	18.6534	0.5717	0.8986	0.9294	0.6370	-0.7155	0.2662	0.1065	0.0299	0.0106	-0.0337	
11.4900	6.9760	18.7527	0.5712	0.8988	0.9298	0.6201	-0.7316	0.2607	0.1111	0.0297	0.0106	-0.0340	
11.5448	7.0713	18.8456	0.5710	0.8992	0.9298	0.6056	-0.7461	0.2538	0.1115	0.0291	0.0102	-0.0343	
11.6073	7.1553	18.9387	0.5714	0.8988	0.9298	0.5887	-0.7607	0.2481	0.1151	0.0288	0.0101	-0.0345	
11.6605	7.2475	19.0339	0.5711	0.8989	0.9300	0.5717	-0.7743	0.2444	0.1182	0.0284	0.0101	-0.0348	
11.7182	7.3275	19.1244	0.5711	0.8982	0.9298	0.5561	-0.7870	0.2374	0.1229	0.0283	0.0099	-0.0348	
11.7747	7.4192	19.2218	0.5711	0.8983	0.9301	0.5398	-0.7981	0.2342	0.1304	0.0282	0.0099	-0.0347	
11.8274	7.5047	19.3239	0.5708	0.8980	0.9307	0.5253	-0.8102	0.2218	0.1363	0.0283	0.0094	-0.0347	
11.8894	7.5935	19.4115	0.5711	0.8979	0.9304	0.5090	-0.8222	0.2109	0.1430	0.0284	0.0090	-0.0347	
11.9414	7.6812	19.5041	0.5707	0.8978	0.9303	0.4918	-0.8338	0.2023	0.1486	0.0284	0.0088	-0.0348	
11.9938	7.7689	19.5993	0.5704	0.8976	0.9305	0.4764	-0.8426	0.1986	0.1545	0.0282	0.0088	-0.0346	
12.0545	7.8556	19.6976	0.5707	0.8974	0.9308	0.4598	-0.8527	0.1931	0.1561	0.0278	0.0086	-0.0347	
12.1166	7.9410	19.7858	0.5710	0.8971	0.9305	0.4404	-0.8639	0.1855	0.1591	0.0276	0.0084	-0.0350	
12.1697	8.0350	19.8886	0.5707	0.8974	0.9312	0.4210	-0.8739	0.1799	0.1637	0.0275	0.0084	-0.0352	
12.2313	8.1264	19.9841	0.5711	0.8975	0.9313	0.4011	-0.8834	0.1714	0.1711	0.0277	0.0083	-0.0353	
12.2877	8.2182	20.0751	0.5710	0.8977	0.9312	0.3800	-0.8923	0.1686	0.1759	0.0274	0.0085	-0.0354	
12.3444	8.3076	20.1716	0.5710	0.8976	0.9314	0.3583	-0.9029	0.1599	0.1755	0.0272	0.0081	-0.0359	
12.4033	8.3916	20.2531	0.5711	0.8972	0.9306	0.3393	-0.9106	0.1503	0.1820	0.0274	0.0080	-0.0358	
12.4610	8.4808	20.3507	0.5711	0.8972	0.9309	0.3192	-0.9190	0.1415	0.1832	0.0272	0.0077	-0.0361	
12.5164	8.5653	20.4465	0.5710	0.8968	0.9311	0.3007	-0.9251	0.1332	0.1901	0.0273	0.0077	-0.0359	
12.5768	8.6467	20.5350	0.5712	0.8963	0.9308	0.2812	-0.9314	0.1257	0.1938	0.0273	0.0076	-0.0359	
12.6341	8.7291	20.6251	0.5712	0.8958	0.9306	0.2618	-0.9377	0.1203	0.1945	0.0269	0.0074	-0.0360	
12.6885	8.8186	20.7214	0.5711	0.8958	0.9308	0.2431	-0.9429	0.1110	0.1988	0.0269	0.0072	-0.0359	
12.7520	8.9093	20.8189	0.5715	0.8958	0.9311	0.2246	-0.9479	0.1029	0.2014	0.0268	0.0070	-0.0359	
12.8120	8.9957	20.9085	0.5717	0.8956	0.9309	0.2034	-0.9528	0.0922	0.2056	0.0270	0.0068	-0.0360	
12.8758	9.0801	21.0027	0.5721	0.8953	0.9310	0.1815	-0.9587	0.0873	0.2013	0.0264	0.0065	-0.0364	
12.9290	9.1686	21.0985	0.5718	0.8952	0.9311	0.1589	-0.9623	0.0787	0.2062	0.0266	0.0065	-0.0365	
12.9936	9.2586	21.1968	0.5723	0.8953	0.9315	0.1423	-0.9654	0.0735	0.2065	0.0262	0.0063	-0.0363	
13.0528	9.3544	21.2846	0.5724	0.8957	0.9311	0.1237	-0.9677	0.0698	0.2087	0.0259	0.0063	-0.0362	
13.1053	9.4600	21.3816	0.5722	0.8967	0.9314	0.1011	-0.9693	0.0646	0.2145	0.0259	0.0065	-0.0364	
13.1631	9.5532	21.4826	0.5722	0.8969	0.9319	0.0821	-0.9704	0.0581	0.2200	0.0259	0.0066	-0.0362	
13.2183	9.6422	21.5739	0.5721	0.8969	0.9317	0.0579	-0.9722	0.0482	0.2215	0.0260	0.0064	-0.0365	
13.2762	9.7293	21.6675	0.5721	0.8967	0.9318	0.0406	-0.9735	0.0439	0.2215	0.0256	0.0063	-0.0363	
13.3320	9.8217	21.7601	0.5720	0.8969	0.9317	0.0170	-0.9742	0.0379	0.2218	0.0258	0.0062	-0.0360	
13.3880	9.9107	21.8556	0.5720	0.8968	0.9319	0.0073	0.9752	-0.0313	-0.2190	0.0256	0.0058	-0.0365	
13.4413	9.9964	21.9443	0.5717	0.8966	0.9316	0.0277	0.9759	-0.0254	-0.2151	0.0252	0.0054	-0.0366	
13.4987	10.0831	22.0346	0.5717	0.8964	0.9314	0.0528	0.9747	-0.0145	-0.2163	0.0254	0.0053	-0.0370	
13.5539	10.1759	22.1242	0.5716	0.8966	0.9311	0.0748	0.9733	-0.0098	-0.2171	0.0252	0.0053	-0.0371	
13.6150	10.2643	22.2198	0.5719	0.8965	0.9313	0.0971	0.9716	-0.0058	-0.2157	0.0249	0.0052	-0.0373	
13.6743	10.3548	22.3134	0.5720	0.8966	0.9313	0.1185	0.9701	0.0026	-0.2118	0.0248	0.0048	-0.0375	
13.7273	10.4429	22.4071	0.5717	0.8965	0.9314	0.1382	0.9677	0.0111	-0.2108	0.0248	0.0045	-0.0374	
13.7868	10.5305	22.5017	0.5719	0.8963	0.9315	0.1598	0.9645	0.0216	-0.2092	0.0249	0.0042	-0.0375	
13.8442	10.6200	22.6010	0.5719	0.8963	0.9318	0.1792	0.9618	0.0241	-0.2059	0.0244	0.0040	-0.0376	
13.9059	10.7082	22.6915	0.5722	0.8962	0.9317	0.2029	0.9579	0.0337	-0.2002	0.0244	0.0035	-0.0379	
13.9607	10.7964	22.7791	0.5720	0.8961	0.9313	0.2266	0.9530	0.0400	-0.1967	0.0243	0.0033	-0.0382	
14.0265	10.8916	22.8686	0.5726	0.8965	0.9311	0.2456	0.9485	0.0429	-0.1956	0.0239	0.0033	-0.0382	
14.0861	10.9862	22.9575	0.5727	0.8968	0.9308	0.2695	0.9424	0.0437	-0.1934	0.0235	0.0033	-0.0386	
14.1385	11.0785	23.0515	0.5724	0.8969	0.9309	0.2892	0.9366	0.0473	-0.1926	0.0232	0.0033	-0.0386	
14.1937	11.1618	23.1403	0.5723	0.8966	0.9306	0.3112	0.9297	0.0539	-0.1893	0.0232	0.0031	-0.0388	
14.2457	11.2529	23.2325	0.5720	0.8966	0.9305	0.3321	0.9224	0.0556	-0.1893	0.0229	0.0032	-0.0389	
14.3030	11.3447	23.3331	0.5720	0.8968	0.9310	0.3521	0.9157	0.0628	-0.1830	0.0228	0.0027	-0.0390	
14.3649	11.4339	23.4232	0.5723	0.8967	0.9308	0.3743	0.9067	0.0739	-0.1794	0.0231	0.0025	-0.0392	
14.4169	11.5252	23.5169	0.5720	0.8968	0.9308	0.3957	0.8973	0.0813	-0.1780	0.0232	0.0024	-0.0393	
14.4731	11.6126	23.6178	0.5719	0.8967	0.9313	0.4186	0.8872	0.0859	-0.1735	0.0231	0.0023	-0.0396	
14.5339	11.6978	23.7091	0.5721	0.8964	0.9312	0.4344	0.8797	0.0964	-0.1683	0.0232	0.0019	-0.0393	
14.5910	11.7844	23.8045	0.5721	0.8963	0.9313	0.4534	0.8695	0.1021	-0.1676	0.0231	0.0019	-0.0393	
14.6511	11.8827	23.8967	0.5723	0.8968	0.9313	0.4705	0.8606	0.1073	-0.1632	0.0229	0.0017	-0.0392	
14.7056	11.9740	23.9827	0.5721	0.8969	0.9308	0.4902	0.8497	0.1112	-0.1592	0.0227	0.0016	-0.0394	
14.7637	12.0637	24.0742	0.5722	0.8969	0.9307	0.5069	0.8393	0.1197	-0.1559	0.0228	0.0014	-0.0392	
14.8243	12.1514	24.1652	0.5724	0.8967	0.9306	0.5251	0.8271	0.1271	-0.1553	0.0229	0.0015	-0.0392	
14.8797	12.2433	24.2577	0.5723	0.8969	0.9306	0.5397	0.8179	0.1317	-0.1504	0.0227	0.0013	-0.0389	
14.9355	12.3285	24.3585	0.5722	0.8966	0.9310	0.5581	0.8054	0.1383	-0.1436	0.0228	0.0009	-0.0390	
14.9904	12.4163	24.4464	0.5721	0.8965	0.9307	0.5762	0.7912	0.1472	-0.1425	0.0230	0.0010	-0.0391	
15.0498	12.5078	24.5373	0.5722	0.8966	0.9306	0.5934	0.7784	0.1528	-0.1366	0.0229	0.0007	-0.0391	
15.1070	12.6004	24.6309	0.5722	0.8968	0.9306	0.6087	0.7665	0.1587	-0.1299	0.0229	0.0004	-0.0390	
15.1643	12.6879	24.7231	0.5722	0.8966	0.9306	0.6230	0.7540	0.1655	-0.1269	0.0229	0.0004	-0.0388	
15.2212	12.7774	24.8170	0.5722	0.8966	0.9306	0.6424	0.7376	0.1681	-0.1220	0.0227	0.0002	-0.0392	
15.2808	12.8708	24.9130	0.5723	0.8968	0.9308	0.6591	0.7222	0.1727	-0.1188	0.0226	0.0002	-0.0393	
15.3395	12.9596	25.0051	0.5724	0.8968	0.9308	0.6741	0.7087	0.1743	-0.1143	0.0222	0.0000	-0.0393	
15.4006	13.0561	25.1035	0.5726	0.8972	0.9310	0.6912	0.6919	0.1787	-0.1072	0.0222	-0.0003	-0.0395	
15.4499	13.1457	25.1983	0.5722	0.8972	0.9311	0.7046	0.6783	0.1833	-0.0999	0.0222	-0.0006	-0.0394	
15.5051	13.2411	25.2913	0.5721	0.8975	0.9311	0.7183	0.6636	0.1864	-0.0949	0.0221	-0.0007	-0.0393	
15.5597	13.3289	25.3881	0.5720	0.8974	0.9313	0.7340	0.6467	0.1893	-0.0847	0.0221	-0.0012	-0.0395	
15.6136	13.4187	25.4757	0.5718	0.8974	0.9310	0.7483	0.6310	0.1897	-0.0780	0.0218	-0.0015	-0.0396	
15.6677	13.5087	25.5698	0.5716	0.8974	0.9311	0.7621	0.6136	0.1930	-0.0734	0.0217	-0.0016	-0.0397	
15.7182	13.5940	25.6582	0.5713	0.8971	0.9308	0.7712	0.6005	0.2003	-0.0691	0.0218	-0.0016	-0.0392	
15.7774	13.6845	25.7527	0.5714	0.8972	0.9309	0.7830	0.5827	0.2085	-0.0623	0.0222	-0.0017	-0.0390	
15.8332	13.7716	25.8469	0.5713	0.8970	0.9309	0.7943	0.5656	0.2143	-0.0579	0.0222	-0.0016	-0.0389	
15.8923	13.8619	25.9401	0.5714	0.8971	0.9310	0.8049	0.5510	0.2145	-0.0510	0.0219	-0.0020	-0.0388	
15.9548	13.9483	26.0361	0.5717	0.8969	0.9311	0.8164	0.5340	0.2160	-0.0401	0.0218	-0.0025	-0.0388	
16.0188	14.0362	26.1285	0.5721	0.8968	0.9311	0.8279	0.5169	0.2153	-0.0332	0.0215	-0.0029	-0.0389	
16.0759	14.1297	26.2183	0.5721	0.8970	0.9309	0.8373	0.4998	0.2202	-0.0269	0.0216	-0.0030	-0.0387	
16.1340	14.2200	26.3119	0.5721	0.8970	0.9309	0.8486	0.4804	0.2208	-0.0208	0.0214	-0.0032	-0.0388	
16.1901	14.3071	26.4012	0.5720	0.8969	0.9307	0.8583	0.4611	0.2248	-0.0100	0.0217	-0.0036	-0.0388	
16.2485	14.4017	26.4987	0.5721	0.8972	0.9309	0.8664	0.4444	0.2281	-0.0024	0.0217	-0.0037	-0.0386	
16.3022	14.4903	26.5903	0.5719	0.8971	0.9309	0.8753	0.4262	0.2286	0.0083	0.0217	-0.0042	-0.0386	
16.3609	14.5821	26.6859	0.5720	0.8972	0.9310	0.8831	0.4097	0.2280	0.0209	0.0216	-0.0048	-0.0384	
16.4168	14.6688	26.7761	0.5720	0.8970	0.9308	0.8934	0.3855	0.2287	0.0287	0.0217	-0.0051	-0.0388	
16.4702	14.7591	26.8706	0.5718	0.8971	0.9309	0.9018	0.3629	0.2316	0.0348	0.0218	-0.0051	-0.0390	
16.5267	14.8477	26.9639	0.5717	0.8970	0.9309	0.9084	0.3419	0.2374	0.0398	0.0220	-0.0049	-0.0390	
16.5860	14.9374	27.0590	0.5718	0.8970	0.9310	0.9148	0.3237	0.2371	0.0468	0.0218	-0.0052	-0.0388	
16.6462	15.0327	27.1571	0.5720	0.8973	0.9313	0.9210	0.3042	0.2370	0.0557	0.0217	-0.0055	-0.0388	
16.7054	15.1268	27.2508	0.5721	0.8975	0.9313	0.9275	0.2832	0.2355	0.0643	0.0216	-0.0059	-0.0388	
16.7605	15.2155	27.3475	0.5720	0.8975	0.9315	0.9328	0.2645	0.2342	0.0717	0.0214	-0.0062	-0.0387	
16.8186	15.3045	27.4364	0.5720	0.8974	0.9313	0.9378	0.2428	0.2349	0.0796	0.0215	-0.0064	-0.0388	
16.8743	15.4008	27.5291	0.5720	0.8978	0.9312	0.9430	0.2198	0.2355	0.0834	0.0214	-0.0064	-0.0389	
16.9357	15.4902	27.6228	0.5722	0.8977	0.9313	0.9481	0.1941	0.2357	0.0874	0.0213	-0.0064	-0.0393	
16.9965	15.5803	27.7163	0.5723	0.8978	0.9313	0.9518	0.1724	0.2347	0.0964	0.0214	-0.0068	-0.0393	
17.0535	15.6649	27.8159	0.5723	0.8975	0.9316	0.9546	0.1527	0.2337	0.1045	0.0213	-0.0070	-0.0392	
17.1085	15.7545	27.9070	0.5722	0.8975	0.9315	0.9571	0.1325	0.2313	0.1139	0.0213	-0.0074	-0.0391	
17.1681	15.8459	28.0023	0.5724	0.8976	0.9316	0.9589	0.1097	0.2322	0.1206	0.0214	-0.0074	-0.0391	
17.2288	15.9348	28.0952	0.5725	0.8975	0.9316	0.9609	0.0860	0.2301	0.1272	0.0214	-0.0077	-0.0393	
17.2862	16.0249	28.1910	0.5725	0.8975	0.9318	0.9619	0.0604	0.2284	0.1367	0.0216	-0.0080	-0.0395	
17.3499	16.1099	28.2842	0.5729	0.8973	0.9318	0.9621	0.0385	0.2257	0.1481	0.0218	-0.0085	-0.0395	
17.4061	16.2007	28.3764	0.5728	0.8974	0.9317	0.9623	0.0220	0.2204	0.1585	0.0217	-0.0091	-0.0390	
17.4618	16.2928	28.4729	0.5727	0.8975	0.9319	0.9629	0.0014	0.2158	0.1623	0.0213	-0.0093	-0.0390	
17.5201	16.3820	28.5648	0.5728	0.8974	0.9318	0.9622	-0.0201	0.2145	0.1668	0.0212	-0.0093	-0.0390	
17.5813	16.4665	28.6587	0.5730	0.8972	0.9319	0.9613	-0.0408	0.2115	0.1722	0.0211	-0.0095	-0.0389	
17.6343	16.5584	28.7514	0.5728	0.8973	0.9318	0.9606	-0.0608	0.2060	0.1767	0.0207	-0.0098	-0.0388	
17.6910	16.6502	28.8455	0.5727	0.8974	0.9319	0.9576	-0.0837	0.2051	0.1840	0.0209	-0.0098	-0.0388	
17.7490	16.7350	28.9388	0.5728	0.8972	0.9319	0.9557	-0.1026	0.2015	0.1889	0.0207	-0.0100	-0.0386	
17.8097	16.8209	29.0270	0.5729	0.8970	0.9316	0.9516	-0.1226	0.2042	0.1946	0.0209	-0.0097	-0.0385	
17.8618	16.9039	29.1193	0.5727	0.8967	0.9316	0.9482	-0.1460	0.2012	0.1975	0.0207	-0.0097	-0.0387	
17.9155	17.0002	29.2144	0.5725	0.8970	0.9317	0.9452	-0.1664	0.1952	0.2021	0.0205	-0.0101	-0.0386	
17.9653	17.0804	29.3070	0.5722	0.8965	0.9316	0.9411	-0.1850	0.1892	0.2109	0.0206	-0.0105	-0.0384	
18.0251	17.1722	29.4012	0.5723	0.8966	0.9317	0.9363	-0.2092	0.1828	0.2147	0.0204	-0.0108	-0.0386	
18.0825	17.2615	29.4911	0.5723	0.8966	0.9315	0.9318	-0.2302	0.1758	0.2189	0.0203	-0.0112	-0.0386	
18.1365	17.3470	29.5884	0.5721	0.8964	0.9317	0.9260	-0.2484	0.1725	0.2263	0.0204	-0.0113	-0.0384	
18.1958	17.4335	29.6826	0.5722	0.8963	0.9318	0.9202	-0.2652	0.1686	0.2338	0.0204	-0.0115	-0.0380	
18.2511	17.5217	29.7757	0.5722	0.8962	0.9318	0.9123	-0.2865	0.1660	0.2409	0.0206	-0.0115	-0.0380	
18.3040	17.6076	29.8722	0.5720	0.8960	0.9319	0.9054	-0.3044	0.1633	0.2471	0.0206	-0.0115	-0.0378	
18.3588	17.6965	29.9626	0.5718	0.8960	0.9318	0.8973	-0.3251	0.1586	0.2530	0.0207	-0.0117	-0.0378	
18.4200	17.7870	30.0535	0.5720	0.8960	0.9317	0.8884	-0.3445	0.1545	0.2610	0.0210	-0.0119	-0.0377	
18.4736	17.8802	30.1480	0.5719	0.8962	0.9318	0.8786	-0.3681	0.1503	0.2643	0.0209	-0.0119	-0.0380	
18.5288	17.9641	30.2398	0.5718	0.8959	0.9317	0.8710	-0.3837	0.1450	0.2707	0.0210	-0.0121	-0.0376	
18.5837	18.0534	30.3342	0.5717	0.8959	0.9318	0.8624	-0.4000	0.1420	0.2762	0.0210	-0.0121	-0.0373	
18.6417	18.1453	30.4263	0.5717	0.8960	0.9317	0.8522	-0.4195	0.1335	0.2828	0.0211	-0.0125	-0.0372	
18.6991	18.2303	30.5153	0.5717	0.8958	0.9315	0.8438	-0.4348	0.1238	0.2895	0.0213	-0.0130	-0.0367	
18.7586	18.3236	30.6043	0.5718	0.8960	0.9313	0.8315	-0.4556	0.1185	0.2945	0.0214	-0.0132	-0.0369	
18.8137	18.4120	30.6971	0.5717	0.8959	0.9313	0.8188	-0.4777	0.1133	0.2971	0.0214	-0.0133	-0.0372	
18.8732	18.5042	30.7879	0.5718	0.8960	0.9312	0.8070	-0.4949	0.1040	0.3049	0.0217	-0.0137	-0.0369	
18.9283	18.5916	30.8785	0.5717	0.8959	0.9311	0.7938	-0.5158	0.0989	0.3065	0.0216	-0.0138	-0.0372	
18.9843	18.6892	30.9692	0.5717	0.8963	0.9310	0.7819	-0.5345	0.0907	0.3079	0.0215	-0.0141	-0.0372	
19.0410	18.7776	31.0593	0.5717	0.8962	0.9308	0.7704	-0.5503	0.0866	0.3103	0.0213	-0.0140	-0.0371	
19.1034	18.8655	31.1519	0.5719	0.8962	0.9308	0.7593	-0.5646	0.0782	0.3142	0.0214	-0.0143	-0.0367	
19.1591	18.9573	31.2417	0.5718	0.8963	0.9307	0.7448	-0.5813	0.0714	0.3198	0.0216	-0.0144	-0.0366	
19.2174	19.0479	31.3382	0.5719	0.8963	0.9308	0.7307	-0.5972	0.0643	0.3245	0.0218	-0.0146	-0.0365	
19.2767	19.1328	31.4334	0.5720	0.8961	0.9309	0.7154	-0.6145	0.0570	0.3275	0.0219	-0.0147	-0.0365	
19.3296	19.2222	31.5249	0.5718	0.8961	0.9309	0.6983	-0.6317	0.0475	0.3332	0.0222	-0.0151	-0.0366	
19.3875	19.3068	31.6174	0.5718	0.8959	0.9308	0.6847	-0.6465	0.0388	0.3343	0.0221	-0.0153	-0.0364	
19.4426	19.3986	31.7095	0.5717	0.8960	0.9308	0.6693	-0.6609	0.0330	0.3379	0.0222	-0.0153	-0.0363	
19.5025	19.4922	31.8045	0.5718	0.8961	0.9309	0.6544	-0.6744	0.0263	0.3410	0.0222	-0.0154	-0.0361	
19.5599	19.5813	31.9002	0.5718	0.8961	0.9310	0.6374	-0.6882	0.0168	0.3461	0.0226	-0.0156	-0.0360	
19.6184	19.6748	31.9897	0.5719	0.8963	0.9309	0.6175	-0.7065	0.0073	0.3455	0.0226	-0.0160	-0.0363	
19.6752	19.7646	32.0840	0.5719	0.8963	0.9309	0.6004	-0.7204	-0.0014	0.3470	0.0227	-0.0162	-0.0363	
19.7301	19.8553	32.1721	0.5718	0.8963	0.9307	0.5823	-0.7338	-0.0075	0.3500	0.0228	-0.0162	-0.0362	
19.7865	19.9464	32.2631	0.5718	0.8964	0.9306	0.5652	-0.7440	-0.0133	0.3564	0.0231	-0.0160	-0.0359	
19.8414	20.0334	32.3562	0.5717	0.8963	0.9306	0.5503	-0.7539	-0.0191	0.3588	0.0231	-0.0159	-0.0355	
19.8954	20.1178	32.4516	0.5715	0.8961	0.9307	0.5354	-0.7624	-0.0308	0.3623	0.0233	-0.0161	-0.0350	
19.9512	20.2057	32.5460	0.5715	0.8960	0.9308	0.5179	-0.7733	-0.0357	0.3640	0.0232	-0.0160	-0.0349	
20.0123	20.2919	32.6388	0.5716	0.8958	0.9307	0.5009	-0.7824	-0.0449	0.3674	0.0235	-0.0161	-0.0346	
20.0699	20.3795	32.7269	0.5716	0.8958	0.9305	0.4833	-0.7921	-0.0534	0.3691	0.0236	-0.0162	-0.0344	
20.1283	20.4705	32.8182	0.5717	0.8958	0.9305	0.4644	-0.8021	-0.0621	0.3702	0.0237	-0.0163	-0.0343	
20.1860	20.5596	32.9100	0.5717	0.8958	0.9304	0.4473	-0.8098	-0.0717	0.3731	0.0239	-0.0164	-0.0339	
20.2456	20.6476	33.0023	0.5718	0.8957	0.9304	0.4278	-0.8194	-0.0795	0.3731	0.0240	-0.0165	-0.0339	
20.3019	20.7355	33.0942	0.5718	0.8957	0.9303	0.4125	-0.8247	-0.0895	0.3767	0.0242	-0.0164	-0.0334	
20.3575	20.8262	33.1936	0.5717	0.8957	0.9306	0.3942	-0.8313	-0.1020	0.3785	0.0245	-0.0167	-0.0331	
20.4162	20.9146	33.2912	0.5718	0.8957	0.9308	0.3788	-0.8372	-0.1169	0.3770	0.0245	-0.0171	-0.0326	
20.4697	21.0024	33.3856	0.5716	0.8956	0.9309	0.3590	-0.8433	-0.1239	0.3802	0.0247	-0.0170	-0.0324	
20.5271	21.0939	33.4748	0.5716	0.8957	0.9307	0.3422	-0.8485	-0.1299	0.3824	0.0247	-0.0168	-0.0321	
20.5887	21.1831	33.5728	0.5718	0.8957	0.9309	0.3216	-0.8540	-0.1379	0.3850	0.0250	-0.0167	-0.0320	
20.6469	21.2729	33.6688	0.5718	0.8957	0.9310	0.2993	-0.8611	-0.1464	0.3839	0.0251	-0.0169	-0.0322	
20.7043	21.3629	33.7640	0.5719	0.8957	0.9311	0.2763	-0.8681	-0.1538	0.3825	0.0252	-0.0170	-0.0324	
20.7638	21.4495	33.8593	0.5719	0.8956	0.9312	0.2566	-0.8739	-0.1621	0.3797	0.0251	-0.0172	-0.0323	
20.8195	21.5403	33.9510	0.5719	0.8956	0.9311	0.2347	-0.8775	-0.1712	0.3814	0.0255	-0.0172	-0.0322	
20.8755	21.6324	34.0431	0.5718	0.8957	0.9311	0.2116	-0.8816	-0.1831	0.3799	0.0258	-0.0175	-0.0322	
20.9317	21.7184	34.1362	0.5718	0.8956	0.9311	0.1909	-0.8864	-0.1920	0.3754	0.0257	-0.0178	-0.0322	
20.9854	21.8049	34.2328	0.5717	0.8954	0.9313	0.1675	-0.8896	-0.2028	0.3732	0.0259	-0.0181	-0.0322	
21.0381	21.8948	34.3259	0.5715	0.8955	0.9312	0.1459	-0.8919	-0.2138	0.3707	0.0261	-0.0183	-0.0321	
21.0939	21.9891	34.4218	0.5714	0.8957	0.9314	0.1264	-0.8931	-0.2224	0.3701	0.0262	-0.0183	-0.0318	
21.1535	22.0770	34.5179	0.5715	0.8956	0.9315	0.1084	-0.8951	-0.2323	0.3649	0.0261	-0.0185	-0.0316	
21.2064	22.1614	34.6153	0.5714	0.8954	0.9317	0.0904	-0.8941	-0.2439	0.3648	0.0263	-0.0185	-0.0311	
21.2659	22.2474	34.7069	0.5714	0.8952	0.9316	0.0690	-0.8949	-0.2540	0.3602	0.0265	-0.0188	-0.0310	
21.3216	22.3376	34.8053	0.5714	0.8953	0.9318	0.0482	-0.8941	-0.2620	0.3600	0.0266	-0.0187	-0.0309	
21.3779	22.4247	34.9026	0.5714	0.8952	0.9320	0.0291	-0.8957	-0.2693	0.3528	0.0264	-0.0190	-0.0307	
21.4378	22.5155	34.9984	0.5715	0.8952	0.9321	0.0090	-0.8950	-0.2736	0.3523	0.0263	-0.0194	-0.0308	
21.4957	22.6070	35.0940	0.5715	0.8953	0.9322	0.0136	0.8922	0.2852	-0.3498	0.0267	-0.0195	-0.0306	
21.5476	22.6947	35.1879	0.5713	0.8952	0.9322	0.0324	0.8907	0.2929	-0.3464	0.0267	-0.0195	-0.0304	
21.6070	22.7835	35.2779	0.5714	0.8952	0.9321	0.0544	0.8896	0.3006	-0.3395	0.0267	-0.0198	-0.0304	
21.6583	22.8734	35.3707	0.5711	0.8952	0.9321	0.0773	0.8868	0.3072	-0.3363	0.0268	-0.0198	-0.0304	
21.7150	22.9585	35.4678	0.5711	0.8950	0.9322	0.0942	0.8848	0.3157	-0.3298	0.0267	-0.0200	-0.0300	
21.7700	23.0509	35.5642	0.5711	0.8951	0.9323	0.1131	0.8813	0.3264	-0.3226	0.0269	-0.0203	-0.0297	
21.8276	23.1387	35.6548	0.5711	0.8951	0.9322	0.1339	0.8770	0.3339	-0.3184	0.0270	-0.0203	-0.0296	
21.8883	23.2305	35.7456	0.5712	0.8952	0.9321	0.1569	0.8711	0.3419	-0.3155	0.0273	-0.0202	-0.0297	
21.9417	23.3188	35.8466	0.5711	0.8951	0.9325	0.1763	0.8646	0.3519	-0.3123	0.0276	-0.0201	-0.0294	
21.9934	23.4080	35.9383	0.5709	0.8951	0.9324	0.1924	0.8601	0.3600	-0.3063	0.0275	-0.0202	-0.0290	
22.0480	23.4980	36.0354	0.5708	0.8951	0.9325	0.2141	0.8530	0.3683	-0.3013	0.0278	-0.0202	-0.0290	
22.1089	23.5896	36.1288	0.5709	0.8952	0.9326	0.2341	0.8448	0.3821	-0.2923	0.0283	-0.0206	-0.0286	
22.1621	23.6777	36.2293	0.5708	0.8951	0.9328	0.2498	0.8384	0.3909	-0.2864	0.0283	-0.0206	-0.0282	
22.2208	23.7649	36.3254	0.5708	0.8951	0.9330	0.2696	0.8314	0.3971	-0.2800	0.0283	-0.0207	-0.0281	
22.2780	23.8557	36.4211	0.5708	0.8951	0.9330	0.2877	0.8236	0.4033	-0.2762	0.0284	-0.0205	-0.0280	
22.3371	23.9451	36.5126	0.5709	0.8951	0.9330	0.3057	0.8158	0.4116	-0.2678	0.0285	-0.0207	-0.0277	
22.3928	24.0334	36.6075	0.5708	0.8951	0.9330	0.3238	0.8077	0.4192	-0.2591	0.0286	-0.0209	-0.0274	
22.4541	24.1200	36.7010	0.5710	0.8949	0.9331	0.3442	0.7976	0.4263	-0.2523	0.0288	-0.0209	-0.0274	
22.5074	24.2110	36.7968	0.5709	0.8950	0.9332	0.3595	0.7883	0.4359	-0.2437	0.0290	-0.0210	-0.0270	
22.5672	24.3023	36.8875	0.5710	0.8951	0.9330	0.3777	0.7787	0.4430	-0.2341	0.0292	-0.0213	-0.0268	
22.6248	24.3898	36.9785	0.5710	0.8950	0.9330	0.3952	0.7700	0.4465	-0.2269	0.0290	-0.0212	-0.0267	
22.6867	24.4765	37.0713	0.5712	0.8949	0.9329	0.4138	0.7581	0.4543	-0.2182	0.0293	-0.0214	-0.0266	
22.7468	24.5686	37.1619	0.5713	0.8950	0.9328	0.4324	0.7465	0.4622	-0.2049	0.0296	-0.0218	-0.0264	
22.7998	24.6580	37.2589	0.5711	0.8950	0.9330	0.4491	0.7342	0.4694	-0.1971	0.0299	-0.0218	-0.0261	
22.8546	24.7465	37.3482	0.5710	0.8949	0.9328	0.4668	0.7211	0.4766	-0.1867	0.0302	-0.0220	-0.0260	
22.9074	24.8338	37.4462	0.5709	0.8949	0.9330	0.4812	0.7120	0.4797	-0.1778	0.0300	-0.0220	-0.0257	
22.9656	24.9231	37.5392	0.5709	0.8948	0.9330	0.4954	0.6991	0.4862	-0.1720	0.0301	-0.0218	-0.0254	
23.0214	25.0156	37.6326	0.5709	0.8950	0.9330	0.5097	0.6891	0.4884	-0.1642	0.0299	-0.0217	-0.0253	
23.0825	25.1031	37.7237	0.5710	0.8949	0.9329	0.5254	0.6796	0.4881	-0.1546	0.0295	-0.0218	-0.0252	
23.1401	25.1925	37.8212	0.5710	0.8949	0.9331	0.5401	0.6655	0.4949	-0.1431	0.0299	-0.0220	-0.0249	
23.1946	25.2819	37.9129	0.5709	0.8949	0.9330	0.5528	0.6524	0.5003	-0.1361	0.0300	-0.0218	-0.0246	
23.2542	25.3683	38.0048	0.5710	0.8948	0.9330	0.5687	0.6393	0.5024	-0.1239	0.0300	-0.0221	-0.0246	
23.3118	25.4609	38.0970	0.5710	0.8949	0.9329	0.5838	0.6236	0.5072	-0.1138	0.0303	-0.0221	-0.0244	
23.3687	25.5496	38.1891	0.5710	0.8948	0.9329	0.5971	0.6080	0.5132	-0.1021	0.0307	-0.0222	-0.0241	
23.4244	25.6400	38.2827	0.5710	0.8949	0.9329	0.6104	0.5958	0.5136	-0.0938	0.0304	-0.0222	-0.0241	
23.4859	25.7315	38.3791	0.5711	0.8950	0.9330	0.6231	0.5825	0.5148	-0.0869	0.0302	-0.0220	-0.0240	
23.5428	25.8233	38.4722	0.5711	0.8950	0.9330	0.6310	0.5712	0.5193	-0.0788	0.0301	-0.0217	-0.0234	
23.5981	25.9119	38.5675	0.5711	0.8950	0.9331	0.6451	0.5539	0.5218	-0.0687	0.0304	-0.0218	-0.0234	
23.6532	26.0046	38.6603	0.5710	0.8951	0.9331	0.6554	0.5353	0.5294	-0.0601	0.0309	-0.0215	-0.0231	
23.7081	26.0928	38.7542	0.5709	0.8951	0.9331	0.6690	0.5167	0.5317	-0.0513	0.0311	-0.0215	-0.0232	
23.7579	26.1820	38.8486	0.5707	0.8951	0.9331	0.6781	0.5031	0.5343	-0.0423	0.0311	-0.0213	-0.0229	
23.8145	26.2723	38.9406	0.5706	0.8951	0.9331	0.6901	0.4842	0.5367	-0.0350	0.0313	-0.0211	-0.0229	
23.8743	26.3658	39.0324	0.5707	0.8952	0.9330	0.7018	0.4649	0.5389	-0.0293	0.0314	-0.0209	-0.0231	
23.9264	26.4558	39.1271	0.5706	0.8952	0.9331	0.7150	0.4483	0.5361	-0.0206	0.0313	-0.0210	-0.0232	
23.9824	26.5451	39.2207	0.5705	0.8952	0.9331	0.7247	0.4306	0.5379	-0.0088	0.0315	-0.0211	-0.0230	
24.0375	26.6357	39.3146	0.5705	0.8953	0.9331	0.7327	0.4112	0.5424	0.0013	0.0319	-0.0208	-0.0228	
24.0912	26.7222	39.4058	0.5703	0.8952	0.9330	0.7429	0.3925	0.5420	0.0136	0.0322	-0.0210	-0.0227	
24.1502	26.8088	39.4998	0.5704	0.8951	0.9331	0.7496	0.3725	0.5465	0.0247	0.0326	-0.0208	-0.0224	
24.2119	26.8955	39.5951	0.5706	0.8950	0.9331	0.7570	0.3522	0.5493	0.0328	0.0329	-0.0205	-0.0223	
24.2736	26.9848	39.6897	0.5707	0.8950	0.9332	0.7637	0.3317	0.5518	0.0461	0.0334	-0.0204	-0.0221	
24.3364	27.0727	39.7838	0.5709	0.8949	0.9332	0.7698	0.3139	0.5530	0.0557	0.0334	-0.0202	-0.0218	
24.3940	27.1581	39.8750	0.5710	0.8948	0.9332	0.7770	0.2943	0.5528	0.0643	0.0335	-0.0201	-0.0218	
24.4513	27.2510	39.9677	0.5710	0.8949	0.9331	0.7859	0.2752	0.5484	0.0760	0.0335	-0.0204	-0.0219	
24.5077	27.3380	40.0628	0.5709	0.8948	0.9332	0.7894	0.2547	0.5518	0.0872	0.0339	-0.0201	-0.0216	
24.5656	27.4277	40.1575	0.5710	0.8948	0.9332	0.7938	0.2355	0.5524	0.0968	0.0341	-0.0199	-0.0214	
24.6230	27.5184	40.2539	0.5710	0.8949	0.9334	0.7972	0.2153	0.5533	0.1097	0.0344	-0.0198	-0.0212	
24.6822	27.6081	40.3435	0.5710	0.8949	0.9332	0.8024	0.1914	0.5519	0.1216	0.0349	-0.0198	-0.0212	
24.7413	27.6982	40.4399	0.5711	0.8949	0.9333	0.8078	0.1702	0.5481	0.1338	0.0350	-0.0200	-0.0212	
24.7990	27.7858	40.5325	0.5711	0.8948	0.9333	0.8125	0.1548	0.5432	0.1451	0.0348	-0.0202	-0.0209	
24.8559	27.8740	40.6252	0.5711	0.8948	0.9333	0.8169	0.1334	0.5391	0.1555	0.0349	-0.0202	-0.0210	
24.9137	27.9646	40.7179	0.5712	0.8948	0.9333	0.8195	0.1123	0.5373	0.1643	0.0350	-0.0201	-0.0210	
24.9709	28.0562	40.8095	0.5712	0.8949	0.9332	0.8208	0.0919	0.5356	0.1758	0.0352	-0.0199	-0.0208	
25.0275	28.1462	40.9039	0.5711	0.8949	0.9332	0.8227	0.0722	0.5312	0.1890	0.0354	-0.0201	-0.0206	
25.0859	28.2328	41.0002	0.5712	0.8948	0.9333	0.8240	0.0550	0.5271	0.2007	0.0354	-0.0201	-0.0203	
25.1452	28.3222	41.0911	0.5713	0.8948	0.9333	0.8251	0.0364	0.5215	0.2141	0.0355	-0.0203	-0.0200	
25.2031	28.4094	41.1853	0.5713	0.8947	0.9333	0.8265	0.0202	0.5168	0.2226	0.0352	-0.0202	-0.0199	
25.2616	28.5009	41.2772	0.5713	0.8948	0.9332	0.8265	-0.0036	0.5141	0.2294	0.0354	-0.0199	-0.0201	
25.3185	28.5907	41.3715	0.5713	0.8948	0.9333	0.8252	-0.0224	0.5142	0.2334	0.0352	-0.0192	-0.0202	
25.3756	28.6868	41.4651	0.5713	0.8950	0.9333	0.8234	-0.0416	0.5095	0.2463	0.0354	-0.0193	-0.0199	
25.4345	28.7731	41.5562	0.5714	0.8949	0.9332	0.8192	-0.0629	0.5081	0.2585	0.0359	-0.0189	-0.0197	
25.4930	28.8650	41.6545	0.5714	0.8950	0.9334	0.8169	-0.0872	0.5041	0.2660	0.0361	-0.0187	-0.0200	
25.5522	28.9549	41.7491	0.5715	0.8950	0.9334	0.8155	-0.1080	0.4969	0.2763	0.0363	-0.0188	-0.0199	
25.6106	29.0454	41.8385	0.5715	0.8951	0.9333	0.8128	-0.1218	0.4919	0.2878	0.0361	-0.0188	-0.0194	
25.6691	29.1388	41.9358	0.5716	0.8952	0.9334	0.8056	-0.1450	0.4915	0.2974	0.0366	-0.0182	-0.0195	
25.7260	29.2246	42.0300	0.5716	0.8951	0.9335	0.8007	-0.1677	0.4880	0.3044	0.0367	-0.0179	-0.0197	
25.7846	29.3146	42.1232	0.5716	0.8951	0.9335	0.7966	-0.1894	0.4814	0.3126	0.0369	-0.0179	-0.0198	
25.8432	29.4080	42.2124	0.5717	0.8952	0.9333	0.7904	-0.2077	0.4773	0.3231	0.0370	-0.0177	-0.0196	
25.9009	29.4960	42.3030	0.5717	0.8952	0.9332	0.7862	-0.2267	0.4728	0.3272	0.0368	-0.0174	-0.0197	
25.9574	29.5848	42.3972	0.5717	0.8951	0.9333	0.7782	-0.2506	0.4661	0.3379	0.0373	-0.0173	-0.0198	
26.0141	29.6743	42.4926	0.5716	0.8951	0.9333	0.7696	-0.2702	0.4612	0.3493	0.0376	-0.0171	-0.0197	
26.0736	29.7664	42.5849	0.5717	0.8952	0.9333	0.7628	-0.2941	0.4536	0.3547	0.0378	-0.0171	-0.0200	
26.1316	29.8546	42.6789	0.5717	0.8952	0.9333	0.7566	-0.3118	0.4480	0.3602	0.0376	-0.0169	-0.0200	
26.1889	29.9423	42.7716	0.5717	0.8951	0.9333	0.7497	-0.3278	0.4412	0.3688	0.0375	-0.0168	-0.0197	
26.2439	30.0354	42.8671	0.5717	0.8952	0.9334	0.7411	-0.3442	0.4340	0.3796	0.0377	-0.0167	-0.0194	
26.3013	30.1229	42.9624	0.5717	0.8952	0.9334	0.7317	-0.3593	0.4306	0.3877	0.0376	-0.0162	-0.0192	
26.3619	30.2092	43.0574	0.5718	0.8951	0.9335	0.7237	-0.3774	0.4226	0.3941	0.0376	-0.0162	-0.0192	
26.4168	30.2949	43.1502	0.5717	0.8949	0.9335	0.7160	-0.3951	0.4143	0.3996	0.0375	-0.0162	-0.0192	
26.4704	30.3884	43.2459	0.5716	0.8951	0.9335	0.7050	-0.4122	0.4066	0.4096	0.0378	-0.0160	-0.0190	
26.5279	30.4806	43.3370	0.5716	0.8952	0.9335	0.6945	-0.4314	0.3956	0.4182	0.0381	-0.0162	-0.0190	
26.5897	30.5683	43.4295	0.5718	0.8951	0.9334	0.6827	-0.4416	0.3911	0.4317	0.0382	-0.0157	-0.0182	
26.6466	30.6641	43.5246	0.5718	0.8953	0.9335	0.6723	-0.4583	0.3821	0.4382	0.0382	-0.0157	-0.0182	
26.7045	30.7536	43.6190	0.5718	0.8953	0.9335	0.6641	-0.4712	0.3717	0.4461	0.0381	-0.0158	-0.0178	
26.7630	30.8433	43.7132	0.5718	0.8953	0.9336	0.6506	-0.4874	0.3605	0.4573	0.0386	-0.0158	-0.0175	
26.8205	30.9317	43.8106	0.5718	0.8953	0.9337	0.6395	-0.5008	0.3554	0.4628	0.0384	-0.0154	-0.0175	
26.8755	31.0170	43.9051	0.5718	0.8951	0.9337	0.6246	-0.5125	0.3496	0.4745	0.0387	-0.0150	-0.0170	
26.9353	31.1081	43.9978	0.5719	0.8952	0.9337	0.6065	-0.5280	0.3441	0.4848	0.0392	-0.0145	-0.0170	
26.9935	31.1944	44.0922	0.5719	0.8951	0.9337	0.5964	-0.5435	0.3339	0.4873	0.0389	-0.0146	-0.0171	
27.0498	31.2795	44.1896	0.5719	0.8950	0.9339	0.5872	-0.5563	0.3250	0.4902	0.0386	-0.0146	-0.0170	
27.1052	31.3716	44.2863	0.5718	0.8950	0.9340	0.5727	-0.5704	0.3148	0.4974	0.0388	-0.0145	-0.0169	
27.1600	31.4604	44.3786	0.5717	0.8950	0.9339	0.5607	-0.5853	0.3029	0.5013	0.0387	-0.0146	-0.0169	
27.2171	31.5518	44.4732	0.5717	0.8951	0.9340	0.5460	-0.5983	0.2920	0.5085	0.0390	-0.0145	-0.0167	
27.2718	31.6393	44.5685	0.5717	0.8950	0.9340	0.5273	-0.6111	0.2833	0.5178	0.0394	-0.0141	-0.0166	
27.3309	31.7267	44.6579	0.5717	0.8950	0.9339	0.5128	-0.6202	0.2734	0.5270	0.0396	-0.0139	-0.0161	
27.3868	31.8174	44.7481	0.5717	0.8950	0.9338	0.4968	-0.6329	0.2664	0.5308	0.0396	-0.0136	-0.0162	
27.4445	31.9061	44.8387	0.5717	0.8950	0.9337	0.4799	-0.6453	0.2568	0.5360	0.0397	-0.0134	-0.0161	
27.5010	31.9945	44.9325	0.5717	0.8949	0.9337	0.4668	-0.6567	0.2456	0.5391	0.0396	-0.0134	-0.0160	
27.5612	32.0848	45.0249	0.5718	0.8950	0.9337	0.4515	-0.6696	0.2299	0.5429	0.0399	-0.0136	-0.0159	
27.6188	32.1762	45.1186	0.5718	0.8950	0.9337	0.4363	-0.6794	0.2188	0.5480	0.0399	-0.0135	-0.0157	
27.6756	32.2658	45.2161	0.5718	0.8950	0.9338	0.4210	-0.6885	0.2082	0.5527	0.0399	-0.0133	-0.0155	
27.7358	32.3552	45.3086	0.5719	0.8950	0.9338	0.4069	-0.6954	0.2001	0.5577	0.0398	-0.0130	-0.0152	
27.7928	32.4434	45.4025	0.5719	0.8950	0.9338	0.3874	-0.7038	0.1910	0.5641	0.0401	-0.0126	-0.0151	
27.8531	32.5345	45.4958	0.5719	0.8950	0.9338	0.3724	-0.7097	0.1824	0.5697	0.0400	-0.0122	-0.0148	
27.9080	32.6253	45.5879	0.5719	0.8951	0.9338	0.3552	-0.7189	0.1734	0.5718	0.0399	-0.0120	-0.0148	
27.9649	32.7160	45.6841	0.5719	0.8951	0.9339	0.3387	-0.7250	0.1660	0.5765	0.0398	-0.0116	-0.0146	
28.0215	32.8062	45.7799	0.5719	0.8951	0.9339	0.3194	-0.7310	0.1539	0.5831	0.0402	-0.0113	-0.0144	
28.0754	32.8971	45.8680	0.5718	0.8952	0.9338	0.3023	-0.7388	0.1427	0.5852	0.0402	-0.0112	-0.0143	
28.1319	32.9876	45.9601	0.5717	0.8952	0.9337	0.2825	-0.7487	0.1288	0.5856	0.0405	-0.0113	-0.0145	
28.1862	33.0768	46.0564	0.5716	0.8952	0.9338	0.2648	-0.7559	0.1213	0.5864	0.0403	-0.0111	-0.0146	
28.2433	33.1629	46.1462	0.5716	0.8951	0.9337	0.2447	-0.7619	0.1072	0.5899	0.0407	-0.0109	-0.0144	
28.2992	33.2537	46.2395	0.5716	0.8951	0.9337	0.2255	-0.7679	0.0946	0.5920	0.0409	-0.0108	-0.0144	
28.3556	33.3441	46.3290	0.5716	0.8951	0.9336	0.2071	-0.7746	0.0828	0.5918	0.0409	-0.0107	-0.0144	
28.4143	33.4307	46.4223	0.5716	0.8951	0.9336	0.1873	-0.7799	0.0704	0.5930	0.0411	-0.0106	-0.0144	
28.4728	33.5236	46.5152	0.5717	0.8952	0.9336	0.1680	-0.7862	0.0560	0.5920	0.0413	-0.0107	-0.0144	
28.5305	33.6135	46.6101	0.5717	0.8952	0.9336	0.1502	-0.7901	0.0419	0.5927	0.0414	-0.0106	-0.0142	
28.5830	33.7005	46.7027	0.5715	0.8951	0.9336	0.1297	-0.7947	0.0259	0.5923	0.0417	-0.0107	-0.0142	
