1.2548	-9.6809	0.5393	0.0000	0.0000	0.0000	0.3373	0.2862	0.4967	0.7467	0.0000	0.0000	0.0000	
0.8968	-10.1541	0.1911	-0.0354	-0.0469	-0.0345	0.3531	0.3057	0.5190	0.7173	-0.0100	0.0091	-0.0117	
0.6698	-10.3662	0.0267	-0.0828	-0.1043	-0.0769	0.4358	0.3327	0.4969	0.6784	-0.0822	-0.0064	-0.0259	
0.3923	-10.6165	-0.0492	-0.1953	-0.2024	-0.1110	0.4750	0.3142	0.4798	0.6691	-0.0718	-0.0324	-0.0388	
0.2727	-10.6083	-0.1224	-0.2578	-0.1862	-0.1522	0.5337	0.3141	0.4659	0.6307	-0.0964	-0.0370	-0.0421	
0.1451	-10.7022	-0.0844	-0.3191	-0.2481	-0.1057	0.5342	0.3352	0.4674	0.6272	-0.0667	-0.0090	-0.0262	
0.0898	-10.6910	-0.1756	-0.3365	-0.2253	-0.1776	0.5656	0.3079	0.4784	0.5982	-0.0572	-0.0161	-0.0384	
-0.0575	-10.6834	-0.2446	-0.4697	-0.1947	-0.2471	0.6311	0.2848	0.4548	0.5600	-0.0757	-0.0355	-0.0421	
-0.1684	-10.7533	-0.1950	-0.5304	-0.2479	-0.1772	0.6570	0.2857	0.4350	0.5473	-0.0720	-0.0349	-0.0348	
-0.3039	-10.7312	-0.2822	-0.6007	-0.2205	-0.2481	0.6822	0.2443	0.4444	0.5294	-0.0580	-0.0382	-0.0410	
-0.3531	-10.6931	-0.2780	-0.6080	-0.1493	-0.2257	0.7361	0.2277	0.4208	0.4771	-0.0712	-0.0444	-0.0445	
-0.4693	-10.7661	-0.3190	-0.6628	-0.2005	-0.2388	0.7645	0.2265	0.4086	0.4448	-0.0730	-0.0409	-0.0440	
-0.5412	-10.7119	-0.3861	-0.6593	-0.1423	-0.2779	0.7898	0.1877	0.4124	0.4150	-0.0657	-0.0424	-0.0493	
-0.6527	-10.6475	-0.4517	-0.7051	-0.0803	-0.3327	0.8221	0.1656	0.3788	0.3917	-0.0658	-0.0491	-0.0448	
-0.7671	-10.6039	-0.4603	-0.7467	-0.0261	-0.2991	0.8505	0.1474	0.3733	0.3390	-0.0693	-0.0462	-0.0496	
-0.8360	-10.6041	-0.4440	-0.7454	-0.0229	-0.2615	0.8815	0.1166	0.3543	0.2869	-0.0716	-0.0485	-0.0530	
-0.9621	-10.5844	-0.4954	-0.7828	-0.0084	-0.2792	0.8985	0.0912	0.3466	0.2557	-0.0687	-0.0475	-0.0544	
-1.0226	-10.5492	-0.5129	-0.7669	0.0181	-0.2682	0.9140	0.0630	0.3379	0.2156	-0.0674	-0.0467	-0.0567	
-1.0553	-10.5847	-0.5451	-0.7320	-0.0171	-0.2809	0.9316	0.0295	0.3117	0.1851	-0.0651	-0.0501	-0.0564	
-1.1323	-10.4775	-0.5696	-0.7349	0.0608	-0.2739	0.9429	-0.0105	0.3040	0.1329	-0.0650	-0.0495	-0.0610	
-1.1869	-10.3988	-0.5399	-0.7167	0.1064	-0.2339	0.9488	-0.0452	0.2966	0.1069	-0.0613	-0.0489	-0.0625	
-1.2508	-10.4015	-0.6092	-0.7074	0.0957	-0.2595	0.9503	-0.0732	0.2958	0.0778	-0.0586	-0.0464	-0.0640	
-1.3482	-10.3974	-0.6890	-0.7244	0.0911	-0.2932	0.9527	-0.1104	0.2799	0.0331	-0.0583	-0.0468	-0.0661	
-1.4261	-10.3629	-0.7373	-0.7261	0.1042	-0.3047	0.9517	-0.1524	0.2662	-0.0047	-0.0567	-0.0472	-0.0685	
-1.4925	-10.3003	-0.8151	-0.7199	0.1324	-0.3316	0.9474	-0.1891	0.2572	-0.0365	-0.0547	-0.0466	-0.0700	
-1.5560	-10.2270	-0.8763	-0.7137	0.1663	-0.3447	0.9369	-0.2300	0.2521	-0.0762	-0.0534	-0.0453	-0.0729	
-1.5885	-10.1603	-0.9247	-0.6896	0.1919	-0.3514	0.9295	-0.2584	0.2457	-0.1026	-0.0517	-0.0439	-0.0732	
-1.6384	-10.1532	-0.9308	-0.6764	0.1822	-0.3371	0.9210	-0.2905	0.2314	-0.1238	-0.0494	-0.0439	-0.0733	
-1.7374	-10.1645	-0.9448	-0.6919	0.1680	-0.3256	0.9084	-0.3174	0.2202	-0.1607	-0.0495	-0.0427	-0.0740	
-1.7463	-10.0930	-1.0418	-0.6620	0.1971	-0.3543	0.8863	-0.3532	0.2181	-0.2047	-0.0495	-0.0407	-0.0766	
-1.7723	-10.0723	-1.0745	-0.6429	0.2004	-0.3500	0.8633	-0.3822	0.2153	-0.2490	-0.0501	-0.0384	-0.0784	
-1.7704	-10.0340	-1.1249	-0.6120	0.2109	-0.3549	0.8385	-0.4093	0.2115	-0.2909	-0.0505	-0.0364	-0.0798	
-1.8420	-10.0023	-1.1277	-0.6156	0.2173	-0.3384	0.8136	-0.4361	0.2083	-0.3241	-0.0503	-0.0344	-0.0808	
-1.8945	-9.9908	-1.1577	-0.6112	0.2141	-0.3353	0.7839	-0.4638	0.2010	-0.3603	-0.0503	-0.0329	-0.0821	
-1.9080	-9.9380	-1.2408	-0.5904	0.2282	-0.3556	0.7546	-0.4871	0.1930	-0.3950	-0.0504	-0.0317	-0.0827	
-1.9407	-9.9233	-1.2764	-0.5788	0.2269	-0.3539	0.7232	-0.5060	0.1916	-0.4297	-0.0509	-0.0295	-0.0832	
-1.9588	-9.8639	-1.2847	-0.5621	0.2437	-0.3421	0.6884	-0.5256	0.1867	-0.4638	-0.0514	-0.0277	-0.0839	
-2.0017	-9.8152	-1.3156	-0.5563	0.2543	-0.3403	0.6585	-0.5369	0.1801	-0.4964	-0.0521	-0.0263	-0.0834	
-2.0523	-9.7736	-1.3559	-0.5538	0.2620	-0.3420	0.6258	-0.5462	0.1755	-0.5291	-0.0531	-0.0247	-0.0830	
-2.1034	-9.7657	-1.3447	-0.5528	0.2586	-0.3245	0.5787	-0.5585	0.1666	-0.5697	-0.0548	-0.0231	-0.0838	
-2.1745	-9.6992	-1.3718	-0.5585	0.2743	-0.3227	0.5428	-0.5650	0.1546	-0.6022	-0.0559	-0.0224	-0.0833	
-2.2271	-9.7203	-1.3797	-0.5569	0.2583	-0.3130	0.5044	-0.5696	0.1500	-0.6318	-0.0568	-0.0208	-0.0829	
-2.3040	-9.6805	-1.4214	-0.5636	0.2634	-0.3163	0.4696	-0.5721	0.1424	-0.6579	-0.0576	-0.0198	-0.0820	
-2.3581	-9.6679	-1.4368	-0.5624	0.2595	-0.3104	0.4285	-0.5766	0.1342	-0.6829	-0.0582	-0.0187	-0.0817	
-2.4199	-9.6521	-1.4625	-0.5636	0.2567	-0.3082	0.3899	-0.5751	0.1275	-0.7083	-0.0592	-0.0176	-0.0809	
-2.4932	-9.6097	-1.5053	-0.5694	0.2626	-0.3125	0.3450	-0.5733	0.1105	-0.7348	-0.0604	-0.0176	-0.0804	
-2.5405	-9.5754	-1.4961	-0.5659	0.2654	-0.2996	0.3042	-0.5695	0.0993	-0.7575	-0.0613	-0.0170	-0.0796	
-2.5826	-9.5472	-1.5123	-0.5613	0.2655	-0.2955	0.2623	-0.5644	0.0834	-0.7785	-0.0621	-0.0170	-0.0789	
-2.6347	-9.5242	-1.5582	-0.5595	0.2651	-0.3004	0.2160	-0.5590	0.0736	-0.7973	-0.0631	-0.0162	-0.0784	
-2.6887	-9.5061	-1.5598	-0.5588	0.2627	-0.2920	0.1706	-0.5486	0.0584	-0.8165	-0.0643	-0.0162	-0.0777	
-2.7281	-9.4904	-1.5837	-0.5534	0.2589	-0.2901	0.1314	-0.5375	0.0467	-0.8323	-0.0651	-0.0160	-0.0766	
-2.7956	-9.4829	-1.6230	-0.5570	0.2530	-0.2930	0.0860	-0.5242	0.0269	-0.8469	-0.0659	-0.0166	-0.0760	
-2.8643	-9.4727	-1.6982	-0.5605	0.2503	-0.3061	0.0485	-0.5101	0.0064	-0.8593	-0.0657	-0.0147	-0.0771	
-2.9282	-9.4655	-1.7337	-0.5629	0.2444	-0.3073	0.0066	-0.4983	-0.0150	-0.8672	-0.0662	-0.0152	-0.0765	
-2.9832	-9.4038	-1.7881	-0.5628	0.2548	-0.3138	0.0366	0.4834	0.0332	0.8743	-0.0655	-0.0143	-0.0774	
-3.0161	-9.3528	-1.8609	-0.5566	0.2616	-0.3247	0.0805	0.4681	0.0536	0.8786	-0.0647	-0.0135	-0.0783	
-3.0887	-9.3484	-1.9127	-0.5614	0.2560	-0.3290	0.1221	0.4525	0.0776	0.8802	-0.0638	-0.0125	-0.0792	
-3.1346	-9.3410	-1.9583	-0.5587	0.2517	-0.3316	0.1650	0.4410	0.1046	0.8761	-0.0632	-0.0113	-0.0799	
-3.1984	-9.3112	-2.0251	-0.5609	0.2533	-0.3394	0.2044	0.4273	0.1317	0.8710	-0.0624	-0.0104	-0.0808	
-3.2919	-9.2710	-2.0518	-0.5706	0.2572	-0.3370	0.2437	0.4139	0.1587	0.8628	-0.0617	-0.0096	-0.0816	
-3.3770	-9.2442	-2.1180	-0.5778	0.2580	-0.3441	0.2796	0.4001	0.1897	0.8522	-0.0607	-0.0086	-0.0827	
-3.4422	-9.2115	-2.1496	-0.5801	0.2599	-0.3428	0.3147	0.3859	0.2189	0.8394	-0.0597	-0.0079	-0.0836	
-3.5116	-9.1558	-2.1686	-0.5832	0.2671	-0.3385	0.3487	0.3708	0.2496	0.8240	-0.0587	-0.0073	-0.0845	
-3.5674	-9.0982	-2.1994	-0.5830	0.2748	-0.3375	0.3821	0.3591	0.2789	0.8048	-0.0580	-0.0064	-0.0852	
-3.6302	-9.0459	-2.2363	-0.5844	0.2812	-0.3379	0.4127	0.3480	0.3102	0.7828	-0.0572	-0.0054	-0.0860	
-3.6765	-9.0135	-2.2440	-0.5822	0.2821	-0.3312	0.4410	0.3318	0.3429	0.7605	-0.0560	-0.0049	-0.0869	
-3.7403	-8.9844	-2.2741	-0.5838	0.2824	-0.3300	0.4693	0.3175	0.3739	0.7345	-0.0551	-0.0043	-0.0876	
-3.7752	-8.9550	-2.2781	-0.5790	0.2827	-0.3231	0.4962	0.3034	0.4042	0.7061	-0.0542	-0.0036	-0.0883	
-3.8040	-8.9063	-2.3122	-0.5729	0.2871	-0.3232	0.5216	0.2885	0.4318	0.6772	-0.0534	-0.0032	-0.0886	
-3.8421	-8.8617	-2.3623	-0.5689	0.2903	-0.3268	0.5472	0.2718	0.4567	0.6469	-0.0528	-0.0031	-0.0888	
-3.8874	-8.8274	-2.4012	-0.5667	0.2913	-0.3278	0.5694	0.2554	0.4821	0.6153	-0.0520	-0.0029	-0.0891	
-3.9532	-8.7842	-2.4423	-0.5685	0.2940	-0.3295	0.5968	0.2383	0.5003	0.5804	-0.0520	-0.0029	-0.0889	
-3.9899	-8.7330	-2.4700	-0.5644	0.2986	-0.3284	0.6191	0.2263	0.5194	0.5442	-0.0517	-0.0023	-0.0887	
-4.0375	-8.6764	-2.4936	-0.5628	0.3042	-0.3266	0.6377	0.2142	0.5388	0.5076	-0.0512	-0.0016	-0.0884	
-4.0808	-8.6392	-2.5492	-0.5603	0.3059	-0.3311	0.6537	0.2035	0.5558	0.4726	-0.0506	-0.0010	-0.0879	
-4.1084	-8.5881	-2.6007	-0.5544	0.3100	-0.3350	0.6750	0.1910	0.5661	0.4334	-0.0508	-0.0006	-0.0872	
-4.1514	-8.5485	-2.6382	-0.5516	0.3116	-0.3360	0.6994	0.1767	0.5706	0.3929	-0.0515	-0.0005	-0.0865	
-4.2082	-8.5281	-2.6934	-0.5517	0.3095	-0.3402	0.7187	0.1615	0.5760	0.3553	-0.0516	-0.0005	-0.0857	
-4.2679	-8.4936	-2.7395	-0.5522	0.3103	-0.3428	0.7389	0.1485	0.5773	0.3150	-0.0522	-0.0003	-0.0847	
-4.3115	-8.4608	-2.7705	-0.5496	0.3105	-0.3422	0.7575	0.1307	0.5759	0.2803	-0.0525	-0.0007	-0.0836	
-4.3582	-8.4386	-2.8037	-0.5477	0.3089	-0.3422	0.7756	0.1153	0.5729	0.2397	-0.0532	-0.0008	-0.0827	
-4.3890	-8.4171	-2.8318	-0.5429	0.3071	-0.3411	0.7913	0.0990	0.5692	0.2024	-0.0535	-0.0010	-0.0816	
-4.4473	-8.3931	-2.8687	-0.5434	0.3060	-0.3417	0.8045	0.0843	0.5647	0.1670	-0.0538	-0.0011	-0.0804	
-4.4953	-8.3871	-2.9018	-0.5418	0.3017	-0.3417	0.8203	0.0695	0.5538	0.1292	-0.0546	-0.0013	-0.0792	
-4.5654	-8.3453	-2.9526	-0.5443	0.3036	-0.3446	0.8295	0.0473	0.5495	0.0905	-0.0547	-0.0018	-0.0787	
-4.5909	-8.3302	-2.9792	-0.5388	0.3009	-0.3432	0.8401	0.0269	0.5399	0.0519	-0.0552	-0.0023	-0.0779	
-4.6428	-8.3139	-3.0018	-0.5381	0.2984	-0.3412	0.8476	0.0057	0.5310	0.0128	-0.0556	-0.0028	-0.0774	
-4.6953	-8.2788	-3.0552	-0.5375	0.2993	-0.3444	0.8542	-0.0169	0.5194	-0.0269	-0.0561	-0.0035	-0.0768	
-4.7323	-8.2415	-3.0855	-0.5343	0.3005	-0.3437	0.8584	-0.0409	0.5073	-0.0666	-0.0564	-0.0042	-0.0764	
-4.7909	-8.2148	-3.1146	-0.5348	0.2998	-0.3427	0.8620	-0.0666	0.4933	-0.1006	-0.0565	-0.0052	-0.0758	
-4.8424	-8.1855	-3.1515	-0.5341	0.2996	-0.3431	0.8621	-0.0896	0.4804	-0.1365	-0.0566	-0.0059	-0.0753	
-4.8897	-8.1576	-3.1659	-0.5328	0.2992	-0.3397	0.8611	-0.1141	0.4654	-0.1716	-0.0567	-0.0068	-0.0749	
-4.9543	-8.1405	-3.1745	-0.5345	0.2971	-0.3355	0.8570	-0.1361	0.4533	-0.2056	-0.0566	-0.0072	-0.0745	
-4.9937	-8.1284	-3.2059	-0.5320	0.2943	-0.3350	0.8498	-0.1599	0.4400	-0.2428	-0.0566	-0.0077	-0.0745	
-5.0459	-8.1077	-3.2281	-0.5316	0.2928	-0.3331	0.8404	-0.1895	0.4248	-0.2786	-0.0563	-0.0085	-0.0747	
-5.1142	-8.0892	-3.2579	-0.5338	0.2911	-0.3324	0.8317	-0.2126	0.4107	-0.3086	-0.0560	-0.0092	-0.0744	
-5.1586	-8.0694	-3.2758	-0.5323	0.2896	-0.3299	0.8176	-0.2382	0.3978	-0.3417	-0.0555	-0.0095	-0.0746	
-5.2141	-8.0509	-3.3075	-0.5325	0.2879	-0.3295	0.8029	-0.2644	0.3845	-0.3718	-0.0549	-0.0100	-0.0748	
-5.2610	-8.0064	-3.3339	-0.5315	0.2903	-0.3284	0.7863	-0.2867	0.3702	-0.4035	-0.0546	-0.0103	-0.0748	
-5.3209	-7.9586	-3.3486	-0.5325	0.2931	-0.3256	0.7647	-0.3117	0.3579	-0.4359	-0.0541	-0.0103	-0.0752	
-5.3926	-7.9235	-3.3722	-0.5352	0.2940	-0.3241	0.7425	-0.3362	0.3437	-0.4665	-0.0537	-0.0104	-0.0756	
-5.4523	-7.8761	-3.4067	-0.5361	0.2967	-0.3243	0.7160	-0.3611	0.3307	-0.4974	-0.0532	-0.0104	-0.0761	
-5.5317	-7.8432	-3.4239	-0.5399	0.2972	-0.3220	0.6925	-0.3812	0.3161	-0.5250	-0.0528	-0.0104	-0.0762	
-5.6009	-7.8063	-3.4536	-0.5421	0.2982	-0.3216	0.6642	-0.4004	0.3009	-0.5549	-0.0527	-0.0103	-0.0765	
-5.6643	-7.7638	-3.4745	-0.5434	0.3000	-0.3200	0.6369	-0.4161	0.2909	-0.5806	-0.0524	-0.0097	-0.0764	
-5.7210	-7.7379	-3.5000	-0.5438	0.2994	-0.3190	0.6102	-0.4334	0.2798	-0.6019	-0.0516	-0.0092	-0.0764	
-5.7821	-7.6992	-3.5225	-0.5447	0.3006	-0.3176	0.5815	-0.4478	0.2650	-0.6257	-0.0514	-0.0091	-0.0763	
-5.8392	-7.6489	-3.5591	-0.5451	0.3035	-0.3183	0.5468	-0.4619	0.2517	-0.6514	-0.0514	-0.0085	-0.0764	
-5.9000	-7.6047	-3.5931	-0.5459	0.3054	-0.3187	0.5099	-0.4734	0.2365	-0.6780	-0.0517	-0.0081	-0.0765	
-5.9512	-7.5643	-3.6130	-0.5455	0.3067	-0.3170	0.4775	-0.4839	0.2192	-0.7000	-0.0518	-0.0080	-0.0764	
-6.0117	-7.5280	-3.6406	-0.5463	0.3074	-0.3165	0.4413	-0.4921	0.2035	-0.7224	-0.0520	-0.0076	-0.0763	
-6.0790	-7.5028	-3.6693	-0.5480	0.3066	-0.3161	0.4062	-0.4999	0.1872	-0.7418	-0.0520	-0.0074	-0.0762	
-6.1449	-7.4680	-3.7161	-0.5494	0.3071	-0.3181	0.3707	-0.5048	0.1704	-0.7609	-0.0522	-0.0073	-0.0759	
-6.2049	-7.4382	-3.7377	-0.5500	0.3069	-0.3167	0.3307	-0.5068	0.1524	-0.7813	-0.0529	-0.0071	-0.0756	
-6.2760	-7.3938	-3.7756	-0.5521	0.3086	-0.3175	0.2943	-0.5097	0.1351	-0.7973	-0.0531	-0.0071	-0.0754	
-6.3391	-7.3558	-3.8162	-0.5531	0.3093	-0.3187	0.2576	-0.5079	0.1201	-0.8135	-0.0536	-0.0069	-0.0748	
-6.3951	-7.3000	-3.8357	-0.5531	0.3124	-0.3171	0.2197	-0.5070	0.1035	-0.8272	-0.0540	-0.0068	-0.0744	
-6.4338	-7.2664	-3.8542	-0.5509	0.3126	-0.3154	0.1782	-0.5041	0.0818	-0.8410	-0.0546	-0.0070	-0.0742	
-6.4898	-7.2197	-3.8846	-0.5509	0.3144	-0.3152	0.1407	-0.4997	0.0619	-0.8527	-0.0550	-0.0074	-0.0738	
-6.5554	-7.1902	-3.9173	-0.5522	0.3139	-0.3153	0.1010	-0.4911	0.0384	-0.8644	-0.0556	-0.0081	-0.0735	
-6.6161	-7.1546	-3.9407	-0.5528	0.3143	-0.3142	0.0601	-0.4841	0.0167	-0.8728	-0.0561	-0.0084	-0.0733	
-6.6657	-7.1241	-3.9916	-0.5521	0.3143	-0.3167	0.0181	-0.4750	-0.0075	-0.8797	-0.0557	-0.0070	-0.0735	
-6.7147	-7.1010	-4.0221	-0.5513	0.3131	-0.3165	0.0226	0.4647	0.0304	0.8847	-0.0563	-0.0076	-0.0732	
-6.7749	-7.0516	-4.0604	-0.5519	0.3151	-0.3171	0.0554	0.4557	0.0534	0.8872	-0.0562	-0.0083	-0.0729	
-6.8281	-7.0117	-4.0895	-0.5516	0.3158	-0.3166	0.0861	0.4440	0.0786	0.8889	-0.0560	-0.0093	-0.0726	
-6.8764	-6.9781	-4.1266	-0.5507	0.3158	-0.3172	0.1225	0.4334	0.1026	0.8871	-0.0560	-0.0099	-0.0725	
-6.9350	-6.9443	-4.1556	-0.5510	0.3159	-0.3168	0.1627	0.4159	0.1288	0.8854	-0.0566	-0.0110	-0.0724	
-6.9918	-6.9075	-4.1836	-0.5512	0.3164	-0.3162	0.2012	0.4054	0.1548	0.8782	-0.0565	-0.0114	-0.0727	
-7.0389	-6.8866	-4.2090	-0.5503	0.3150	-0.3154	0.2401	0.3916	0.1847	0.8687	-0.0564	-0.0121	-0.0732	
-7.0894	-6.8456	-4.2505	-0.5498	0.3159	-0.3164	0.2730	0.3814	0.2123	0.8575	-0.0557	-0.0126	-0.0736	
-7.1494	-6.8119	-4.2893	-0.5504	0.3160	-0.3170	0.3052	0.3693	0.2381	0.8451	-0.0553	-0.0129	-0.0738	
-7.2115	-6.7796	-4.3106	-0.5512	0.3161	-0.3158	0.3432	0.3558	0.2675	0.8269	-0.0550	-0.0133	-0.0746	
-7.2654	-6.7377	-4.3434	-0.5511	0.3171	-0.3158	0.3758	0.3415	0.2925	0.8104	-0.0547	-0.0136	-0.0748	
-7.3117	-6.7002	-4.3869	-0.5501	0.3176	-0.3170	0.4040	0.3285	0.3153	0.7938	-0.0541	-0.0139	-0.0749	
-7.3735	-6.6559	-4.4155	-0.5509	0.3189	-0.3165	0.4352	0.3147	0.3406	0.7718	-0.0537	-0.0140	-0.0754	
-7.4373	-6.6255	-4.4467	-0.5519	0.3188	-0.3164	0.4684	0.3013	0.3667	0.7450	-0.0533	-0.0138	-0.0762	
-7.4940	-6.5829	-4.4873	-0.5521	0.3199	-0.3174	0.4984	0.2901	0.3856	0.7204	-0.0531	-0.0134	-0.0763	
-7.5476	-6.5447	-4.5265	-0.5520	0.3206	-0.3181	0.5245	0.2774	0.4045	0.6963	-0.0526	-0.0132	-0.0763	
-7.6159	-6.5063	-4.5652	-0.5534	0.3213	-0.3188	0.5540	0.2656	0.4215	0.6671	-0.0526	-0.0126	-0.0764	
-7.6737	-6.4671	-4.6023	-0.5538	0.3220	-0.3193	0.5786	0.2546	0.4404	0.6378	-0.0521	-0.0121	-0.0767	
-7.7404	-6.4370	-4.6304	-0.5550	0.3218	-0.3190	0.6086	0.2413	0.4543	0.6040	-0.0523	-0.0114	-0.0767	
-7.7908	-6.4033	-4.6607	-0.5545	0.3220	-0.3188	0.6388	0.2277	0.4684	0.5659	-0.0527	-0.0107	-0.0770	
-7.8612	-6.3605	-4.7024	-0.5561	0.3232	-0.3199	0.6635	0.2147	0.4815	0.5310	-0.0527	-0.0101	-0.0771	
-7.9199	-6.3239	-4.7410	-0.5564	0.3236	-0.3206	0.6890	0.2002	0.4915	0.4935	-0.0531	-0.0096	-0.0770	
-7.9784	-6.2818	-4.7773	-0.5567	0.3247	-0.3211	0.7115	0.1862	0.5019	0.4550	-0.0532	-0.0090	-0.0771	
-8.0281	-6.2433	-4.8096	-0.5561	0.3253	-0.3212	0.7329	0.1740	0.5094	0.4162	-0.0535	-0.0082	-0.0769	
-8.0816	-6.2136	-4.8478	-0.5559	0.3251	-0.3219	0.7559	0.1608	0.5121	0.3747	-0.0543	-0.0076	-0.0766	
-8.1314	-6.1709	-4.8870	-0.5553	0.3262	-0.3226	0.7731	0.1495	0.5175	0.3352	-0.0545	-0.0068	-0.0763	
-8.1894	-6.1346	-4.9204	-0.5555	0.3265	-0.3228	0.7908	0.1310	0.5201	0.2950	-0.0549	-0.0067	-0.0761	
-8.2392	-6.1028	-4.9621	-0.5550	0.3264	-0.3238	0.8072	0.1159	0.5202	0.2539	-0.0554	-0.0064	-0.0757	
-8.3034	-6.0810	-5.0011	-0.5558	0.3254	-0.3245	0.8212	0.1001	0.5189	0.2168	-0.0557	-0.0063	-0.0751	
-8.3555	-6.0437	-5.0438	-0.5555	0.3258	-0.3256	0.8351	0.0799	0.5153	0.1755	-0.0563	-0.0065	-0.0748	
-8.4175	-6.0165	-5.0801	-0.5561	0.3253	-0.3260	0.8474	0.0620	0.5090	0.1409	-0.0567	-0.0069	-0.0740	
-8.4673	-5.9833	-5.1135	-0.5555	0.3253	-0.3261	0.8587	0.0437	0.5008	0.1013	-0.0573	-0.0072	-0.0734	
-8.5117	-5.9539	-5.1536	-0.5544	0.3249	-0.3269	0.8686	0.0222	0.4915	0.0607	-0.0579	-0.0079	-0.0729	
-8.5712	-5.9103	-5.1881	-0.5548	0.3260	-0.3271	0.8759	0.0008	0.4820	0.0161	-0.0586	-0.0082	-0.0727	
-8.6161	-5.8719	-5.2176	-0.5538	0.3265	-0.3269	0.8811	-0.0233	0.4717	-0.0253	-0.0589	-0.0090	-0.0725	
-8.6705	-5.8361	-5.2592	-0.5537	0.3267	-0.3277	0.8841	-0.0485	0.4600	-0.0663	-0.0592	-0.0098	-0.0724	
-8.7299	-5.8068	-5.2903	-0.5541	0.3263	-0.3276	0.8843	-0.0735	0.4485	-0.1069	-0.0594	-0.0105	-0.0724	
-8.7703	-5.7683	-5.3204	-0.5527	0.3268	-0.3274	0.8825	-0.0984	0.4353	-0.1482	-0.0596	-0.0112	-0.0724	
-8.8336	-5.7259	-5.3478	-0.5535	0.3277	-0.3269	0.8788	-0.1250	0.4202	-0.1883	-0.0598	-0.0121	-0.0725	
-8.8885	-5.6855	-5.3863	-0.5534	0.3283	-0.3274	0.8706	-0.1491	0.4101	-0.2273	-0.0595	-0.0124	-0.0727	
-8.9397	-5.6595	-5.4176	-0.5530	0.3277	-0.3273	0.8603	-0.1751	0.3971	-0.2672	-0.0594	-0.0128	-0.0730	
-9.0022	-5.6360	-5.4504	-0.5537	0.3268	-0.3272	0.8481	-0.2029	0.3824	-0.3054	-0.0591	-0.0134	-0.0735	
-9.0639	-5.6008	-5.4799	-0.5543	0.3270	-0.3269	0.8332	-0.2289	0.3685	-0.3428	-0.0588	-0.0138	-0.0738	
-9.1216	-5.5675	-5.5046	-0.5546	0.3270	-0.3262	0.8146	-0.2574	0.3517	-0.3822	-0.0587	-0.0143	-0.0745	
-9.1778	-5.5412	-5.5400	-0.5547	0.3264	-0.3264	0.7970	-0.2822	0.3353	-0.4159	-0.0583	-0.0147	-0.0748	
-9.2323	-5.5114	-5.5683	-0.5546	0.3261	-0.3260	0.7745	-0.3057	0.3198	-0.4520	-0.0581	-0.0147	-0.0753	
-9.2803	-5.4790	-5.6034	-0.5540	0.3261	-0.3262	0.7486	-0.3297	0.3082	-0.4857	-0.0575	-0.0144	-0.0759	
-9.3361	-5.4483	-5.6274	-0.5540	0.3259	-0.3254	0.7195	-0.3532	0.2940	-0.5204	-0.0572	-0.0140	-0.0766	
-9.3967	-5.4095	-5.6642	-0.5545	0.3265	-0.3258	0.6939	-0.3740	0.2810	-0.5479	-0.0566	-0.0138	-0.0769	
-9.4541	-5.3748	-5.7017	-0.5547	0.3267	-0.3262	0.6649	-0.3966	0.2651	-0.5749	-0.0559	-0.0137	-0.0774	
-9.5005	-5.3358	-5.7336	-0.5539	0.3273	-0.3261	0.6357	-0.4152	0.2526	-0.6001	-0.0553	-0.0132	-0.0776	
-9.5574	-5.2969	-5.7669	-0.5541	0.3278	-0.3262	0.6041	-0.4333	0.2377	-0.6253	-0.0549	-0.0128	-0.0779	
-9.6104	-5.2615	-5.7890	-0.5539	0.3281	-0.3252	0.5749	-0.4492	0.2278	-0.6455	-0.0542	-0.0120	-0.0779	
-9.6719	-5.2186	-5.8166	-0.5544	0.3290	-0.3248	0.5405	-0.4621	0.2175	-0.6689	-0.0541	-0.0110	-0.0779	
-9.7335	-5.1835	-5.8595	-0.5549	0.3292	-0.3257	0.5014	-0.4747	0.2010	-0.6947	-0.0543	-0.0105	-0.0781	
-9.7896	-5.1479	-5.8966	-0.5550	0.3294	-0.3261	0.4590	-0.4889	0.1862	-0.7178	-0.0543	-0.0097	-0.0785	
-9.8443	-5.1122	-5.9264	-0.5549	0.3296	-0.3258	0.4215	-0.4980	0.1711	-0.7384	-0.0544	-0.0091	-0.0784	
-9.9007	-5.0840	-5.9572	-0.5550	0.3292	-0.3257	0.3835	-0.5045	0.1540	-0.7582	-0.0546	-0.0088	-0.0782	
-9.9548	-5.0473	-6.0008	-0.5548	0.3295	-0.3266	0.3440	-0.5082	0.1380	-0.7775	-0.0550	-0.0085	-0.0779	
-10.0007	-5.0221	-6.0305	-0.5540	0.3289	-0.3264	0.3019	-0.5115	0.1199	-0.7954	-0.0554	-0.0081	-0.0777	
-10.0610	-4.9760	-6.0621	-0.5544	0.3299	-0.3263	0.2643	-0.5112	0.1034	-0.8116	-0.0559	-0.0080	-0.0771	
-10.1075	-4.9461	-6.0968	-0.5536	0.3297	-0.3265	0.2210	-0.5095	0.0867	-0.8271	-0.0566	-0.0077	-0.0768	
-10.1615	-4.9091	-6.1260	-0.5535	0.3300	-0.3262	0.1833	-0.5074	0.0695	-0.8395	-0.0569	-0.0076	-0.0762	
-10.2109	-4.8855	-6.1523	-0.5529	0.3292	-0.3257	0.1379	-0.5029	0.0498	-0.8517	-0.0577	-0.0076	-0.0759	
-10.2691	-4.8400	-6.1771	-0.5531	0.3302	-0.3251	0.0981	-0.4970	0.0321	-0.8618	-0.0582	-0.0077	-0.0753	
-10.3170	-4.8149	-6.2098	-0.5525	0.3295	-0.3251	0.0539	-0.4888	0.0145	-0.8707	-0.0590	-0.0077	-0.0748	
-10.3679	-4.7881	-6.2545	-0.5522	0.3290	-0.3261	0.0112	-0.4794	-0.0051	-0.8776	-0.0585	-0.0065	-0.0753	
-10.4243	-4.7501	-6.2905	-0.5522	0.3294	-0.3263	0.0308	0.4688	0.0270	0.8825	-0.0591	-0.0070	-0.0750	
-10.4806	-4.7054	-6.3234	-0.5523	0.3303	-0.3263	0.0685	0.4601	0.0468	0.8843	-0.0592	-0.0073	-0.0745	
-10.5390	-4.6655	-6.3516	-0.5525	0.3308	-0.3260	0.1068	0.4490	0.0703	0.8845	-0.0594	-0.0080	-0.0742	
-10.5976	-4.6283	-6.3853	-0.5528	0.3311	-0.3260	0.1502	0.4398	0.0964	0.8801	-0.0595	-0.0084	-0.0745	
-10.6488	-4.5939	-6.4202	-0.5524	0.3311	-0.3262	0.1855	0.4278	0.1214	0.8766	-0.0593	-0.0092	-0.0744	
-10.6941	-4.5556	-6.4533	-0.5517	0.3315	-0.3262	0.2180	0.4162	0.1452	0.8712	-0.0589	-0.0098	-0.0742	
-10.7436	-4.5216	-6.4941	-0.5512	0.3315	-0.3268	0.2518	0.4045	0.1703	0.8629	-0.0585	-0.0104	-0.0743	
-10.7969	-4.4863	-6.5314	-0.5511	0.3316	-0.3271	0.2819	0.3893	0.1922	0.8562	-0.0582	-0.0112	-0.0739	
-10.8513	-4.4472	-6.5666	-0.5510	0.3320	-0.3273	0.3157	0.3773	0.2166	0.8435	-0.0578	-0.0115	-0.0741	
-10.9114	-4.4215	-6.5914	-0.5514	0.3314	-0.3266	0.3500	0.3632	0.2413	0.8292	-0.0575	-0.0119	-0.0742	
-10.9722	-4.3945	-6.6207	-0.5518	0.3309	-0.3263	0.3842	0.3492	0.2669	0.8120	-0.0571	-0.0122	-0.0746	
-11.0331	-4.3653	-6.6506	-0.5523	0.3306	-0.3261	0.4163	0.3343	0.2927	0.7934	-0.0566	-0.0125	-0.0750	
-11.0865	-4.3280	-6.6789	-0.5521	0.3309	-0.3257	0.4464	0.3204	0.3175	0.7731	-0.0560	-0.0127	-0.0754	
-11.1370	-4.2946	-6.7084	-0.5518	0.3309	-0.3255	0.4761	0.3073	0.3388	0.7513	-0.0555	-0.0127	-0.0755	
-11.1979	-4.2508	-6.7335	-0.5522	0.3317	-0.3249	0.5058	0.2932	0.3604	0.7269	-0.0552	-0.0126	-0.0758	
-11.2510	-4.2237	-6.7655	-0.5521	0.3312	-0.3248	0.5364	0.2810	0.3821	0.6980	-0.0548	-0.0121	-0.0763	
-11.3052	-4.1931	-6.8014	-0.5520	0.3311	-0.3251	0.5643	0.2681	0.4012	0.6700	-0.0545	-0.0117	-0.0765	
-11.3709	-4.1569	-6.8416	-0.5528	0.3313	-0.3256	0.5932	0.2532	0.4201	0.6382	-0.0543	-0.0114	-0.0769	
-11.4309	-4.1215	-6.8816	-0.5531	0.3315	-0.3261	0.6210	0.2406	0.4372	0.6043	-0.0542	-0.0107	-0.0772	
-11.4857	-4.0827	-6.9165	-0.5531	0.3319	-0.3263	0.6466	0.2292	0.4518	0.5705	-0.0541	-0.0099	-0.0773	
-11.5397	-4.0481	-6.9439	-0.5530	0.3320	-0.3259	0.6731	0.2155	0.4663	0.5318	-0.0542	-0.0092	-0.0775	
-11.5889	-4.0097	-6.9728	-0.5526	0.3324	-0.3257	0.6965	0.2059	0.4778	0.4942	-0.0543	-0.0081	-0.0775	
-11.6403	-3.9667	-7.0110	-0.5523	0.3331	-0.3261	0.7181	0.1946	0.4890	0.4555	-0.0543	-0.0072	-0.0775	
-11.6933	-3.9292	-7.0475	-0.5522	0.3334	-0.3264	0.7400	0.1821	0.4947	0.4179	-0.0547	-0.0066	-0.0771	
-11.7467	-3.8869	-7.0845	-0.5521	0.3340	-0.3267	0.7593	0.1684	0.5014	0.3794	-0.0549	-0.0060	-0.0769	
-11.7927	-3.8503	-7.1170	-0.5514	0.3342	-0.3268	0.7791	0.1540	0.5057	0.3369	-0.0554	-0.0055	-0.0767	
-11.8457	-3.8195	-7.1531	-0.5513	0.3341	-0.3270	0.7958	0.1393	0.5079	0.2996	-0.0557	-0.0052	-0.0762	
-11.9005	-3.7817	-7.1879	-0.5513	0.3344	-0.3272	0.8125	0.1242	0.5072	0.2595	-0.0563	-0.0049	-0.0756	
-11.9527	-3.7360	-7.2281	-0.5511	0.3352	-0.3277	0.8275	0.1061	0.5064	0.2182	-0.0568	-0.0049	-0.0753	
-12.0060	-3.7064	-7.2650	-0.5510	0.3349	-0.3281	0.8414	0.0867	0.5026	0.1795	-0.0573	-0.0052	-0.0747	
-12.0584	-3.6677	-7.2961	-0.5508	0.3353	-0.3280	0.8525	0.0662	0.4997	0.1390	-0.0576	-0.0054	-0.0744	
-12.1138	-3.6299	-7.3341	-0.5508	0.3355	-0.3283	0.8630	0.0488	0.4931	0.1009	-0.0581	-0.0056	-0.0737	
-12.1676	-3.5989	-7.3646	-0.5507	0.3353	-0.3282	0.8715	0.0290	0.4860	0.0618	-0.0585	-0.0060	-0.0732	
-12.2242	-3.5672	-7.4054	-0.5508	0.3352	-0.3288	0.8793	0.0079	0.4760	0.0222	-0.0590	-0.0066	-0.0727	
-12.2728	-3.5315	-7.4365	-0.5504	0.3353	-0.3287	0.8842	-0.0156	0.4661	-0.0220	-0.0596	-0.0071	-0.0726	
-12.3257	-3.5049	-7.4700	-0.5503	0.3348	-0.3287	0.8872	-0.0392	0.4560	-0.0611	-0.0597	-0.0078	-0.0724	
-12.3816	-3.4689	-7.5095	-0.5503	0.3350	-0.3292	0.8886	-0.0660	0.4437	-0.0979	-0.0597	-0.0089	-0.0722	
-12.4341	-3.4368	-7.5435	-0.5502	0.3348	-0.3293	0.8849	-0.0903	0.4339	-0.1423	-0.0600	-0.0092	-0.0724	
-12.4914	-3.4102	-7.5766	-0.5503	0.3344	-0.3293	0.8824	-0.1166	0.4185	-0.1811	-0.0602	-0.0102	-0.0723	
-12.5491	-3.3829	-7.6091	-0.5505	0.3339	-0.3292	0.8738	-0.1453	0.4074	-0.2218	-0.0600	-0.0108	-0.0728	
-12.6067	-3.3486	-7.6402	-0.5507	0.3340	-0.3291	0.8643	-0.1731	0.3933	-0.2614	-0.0599	-0.0115	-0.0732	
-12.6615	-3.3133	-7.6651	-0.5507	0.3341	-0.3286	0.8501	-0.2047	0.3787	-0.3026	-0.0597	-0.0122	-0.0739	
-12.7177	-3.2783	-7.6935	-0.5508	0.3341	-0.3283	0.8363	-0.2317	0.3646	-0.3378	-0.0593	-0.0128	-0.0743	
-12.7702	-3.2437	-7.7193	-0.5507	0.3342	-0.3278	0.8195	-0.2557	0.3523	-0.3729	-0.0589	-0.0129	-0.0745	
-12.8267	-3.2179	-7.7484	-0.5508	0.3337	-0.3276	0.8024	-0.2789	0.3384	-0.4053	-0.0584	-0.0131	-0.0747	
-12.8807	-3.1820	-7.7799	-0.5507	0.3339	-0.3275	0.7818	-0.3017	0.3273	-0.4371	-0.0579	-0.0130	-0.0750	
-12.9315	-3.1546	-7.8165	-0.5504	0.3335	-0.3277	0.7591	-0.3249	0.3156	-0.4678	-0.0572	-0.0129	-0.0754	
-12.9899	-3.1207	-7.8510	-0.5507	0.3335	-0.3278	0.7341	-0.3477	0.3006	-0.4998	-0.0569	-0.0129	-0.0758	
-13.0453	-3.0905	-7.8824	-0.5507	0.3333	-0.3277	0.7081	-0.3683	0.2881	-0.5293	-0.0564	-0.0126	-0.0761	
-13.1053	-3.0558	-7.9159	-0.5510	0.3334	-0.3278	0.6785	-0.3884	0.2770	-0.5587	-0.0560	-0.0120	-0.0765	
-13.1678	-3.0210	-7.9469	-0.5515	0.3335	-0.3277	0.6506	-0.4075	0.2668	-0.5832	-0.0553	-0.0114	-0.0767	
-13.2303	-2.9863	-7.9730	-0.5520	0.3336	-0.3272	0.6217	-0.4251	0.2526	-0.6078	-0.0549	-0.0111	-0.0768	
-13.2910	-2.9505	-8.0021	-0.5523	0.3338	-0.3270	0.5900	-0.4408	0.2381	-0.6333	-0.0547	-0.0108	-0.0770	
-13.3427	-2.9202	-8.0328	-0.5521	0.3336	-0.3269	0.5552	-0.4551	0.2278	-0.6580	-0.0545	-0.0098	-0.0771	
-13.4038	-2.8872	-8.0696	-0.5524	0.3336	-0.3271	0.5197	-0.4660	0.2153	-0.6830	-0.0546	-0.0091	-0.0770	
-13.4555	-2.8559	-8.1039	-0.5522	0.3334	-0.3272	0.4842	-0.4752	0.2011	-0.7067	-0.0548	-0.0086	-0.0768	
-13.5090	-2.8262	-8.1423	-0.5521	0.3332	-0.3276	0.4410	-0.4860	0.1868	-0.7307	-0.0551	-0.0078	-0.0771	
-13.5587	-2.7887	-8.1800	-0.5518	0.3335	-0.3279	0.3992	-0.4971	0.1723	-0.7508	-0.0552	-0.0071	-0.0773	
-13.6174	-2.7496	-8.2148	-0.5520	0.3338	-0.3280	0.3586	-0.5057	0.1556	-0.7691	-0.0553	-0.0067	-0.0773	
-13.6781	-2.7074	-8.2517	-0.5523	0.3344	-0.3283	0.3242	-0.5068	0.1432	-0.7864	-0.0556	-0.0063	-0.0766	
-13.7303	-2.6768	-8.2839	-0.5521	0.3342	-0.3282	0.2834	-0.5095	0.1276	-0.8024	-0.0559	-0.0059	-0.0763	
-13.7869	-2.6362	-8.3118	-0.5522	0.3346	-0.3279	0.2483	-0.5091	0.1141	-0.8167	-0.0561	-0.0056	-0.0756	
-13.8437	-2.5934	-8.3457	-0.5522	0.3352	-0.3280	0.2088	-0.5075	0.0978	-0.8304	-0.0566	-0.0055	-0.0751	
-13.9000	-2.5572	-8.3883	-0.5523	0.3353	-0.3286	0.1724	-0.5047	0.0814	-0.8423	-0.0568	-0.0055	-0.0745	
-13.9538	-2.5208	-8.4194	-0.5522	0.3355	-0.3285	0.1313	-0.4983	0.0607	-0.8549	-0.0575	-0.0060	-0.0740	
-14.0087	-2.4857	-8.4572	-0.5522	0.3356	-0.3288	0.0860	-0.4937	0.0410	-0.8643	-0.0581	-0.0060	-0.0739	
-14.0607	-2.4494	-8.4960	-0.5520	0.3357	-0.3291	0.0500	-0.4850	0.0214	-0.8732	-0.0579	-0.0046	-0.0746	
-14.1159	-2.4131	-8.5340	-0.5520	0.3359	-0.3294	0.0119	-0.4782	0.0011	-0.8784	-0.0582	-0.0049	-0.0740	
-14.1734	-2.3854	-8.5703	-0.5521	0.3356	-0.3296	0.0271	0.4718	0.0223	0.8812	-0.0579	-0.0036	-0.0745	
-14.2244	-2.3551	-8.6146	-0.5519	0.3354	-0.3303	0.0692	0.4631	0.0484	0.8822	-0.0571	-0.0024	-0.0748	
-14.2706	-2.3266	-8.6487	-0.5514	0.3351	-0.3303	0.1069	0.4554	0.0728	0.8810	-0.0565	-0.0014	-0.0754	
-14.3255	-2.2977	-8.6916	-0.5514	0.3349	-0.3309	0.1464	0.4499	0.1005	0.8752	-0.0559	-0.0002	-0.0758	
-14.3802	-2.2742	-8.7291	-0.5514	0.3343	-0.3311	0.1848	0.4429	0.1264	0.8682	-0.0551	0.0005	-0.0763	
-14.4285	-2.2412	-8.7687	-0.5510	0.3343	-0.3315	0.2206	0.4348	0.1527	0.8598	-0.0543	0.0012	-0.0769	
-14.4779	-2.2077	-8.8018	-0.5507	0.3343	-0.3315	0.2558	0.4251	0.1820	0.8490	-0.0532	0.0019	-0.0776	
-14.5256	-2.1727	-8.8353	-0.5503	0.3344	-0.3315	0.2913	0.4142	0.2090	0.8367	-0.0523	0.0021	-0.0781	
-14.5741	-2.1432	-8.8698	-0.5499	0.3342	-0.3315	0.3247	0.4021	0.2389	0.8222	-0.0511	0.0024	-0.0788	
-14.6218	-2.1068	-8.8970	-0.5495	0.3344	-0.3312	0.3564	0.3893	0.2686	0.8059	-0.0500	0.0026	-0.0795	
-14.6711	-2.0718	-8.9280	-0.5492	0.3344	-0.3310	0.3891	0.3776	0.2963	0.7863	-0.0493	0.0028	-0.0799	
-14.7256	-2.0409	-8.9648	-0.5492	0.3343	-0.3312	0.4163	0.3673	0.3300	0.7635	-0.0482	0.0035	-0.0807	
-14.7766	-2.0042	-8.9964	-0.5490	0.3345	-0.3311	0.4446	0.3546	0.3580	0.7407	-0.0474	0.0037	-0.0812	
-14.8315	-1.9710	-9.0315	-0.5490	0.3345	-0.3312	0.4703	0.3444	0.3862	0.7149	-0.0466	0.0041	-0.0816	
-14.8839	-1.9396	-9.0662	-0.5489	0.3344	-0.3313	0.4977	0.3350	0.4120	0.6857	-0.0463	0.0046	-0.0818	
-14.9361	-1.9006	-9.0991	-0.5487	0.3347	-0.3313	0.5250	0.3210	0.4355	0.6571	-0.0460	0.0046	-0.0820	
-14.9953	-1.8685	-9.1326	-0.5490	0.3346	-0.3313	0.5504	0.3105	0.4574	0.6256	-0.0458	0.0049	-0.0821	
-15.0554	-1.8320	-9.1656	-0.5493	0.3348	-0.3313	0.5724	0.3012	0.4802	0.5925	-0.0455	0.0055	-0.0822	
-15.1126	-1.8016	-9.1975	-0.5494	0.3346	-0.3312	0.5963	0.2874	0.4984	0.5599	-0.0454	0.0055	-0.0822	
-15.1722	-1.7667	-9.2287	-0.5496	0.3347	-0.3311	0.6205	0.2782	0.5139	0.5229	-0.0457	0.0060	-0.0820	
-15.2268	-1.7357	-9.2667	-0.5496	0.3345	-0.3314	0.6434	0.2641	0.5285	0.4868	-0.0459	0.0061	-0.0819	
-15.2808	-1.7001	-9.3010	-0.5496	0.3346	-0.3314	0.6642	0.2497	0.5408	0.4519	-0.0460	0.0060	-0.0816	
-15.3371	-1.6636	-9.3337	-0.5496	0.3348	-0.3314	0.6888	0.2368	0.5477	0.4118	-0.0468	0.0062	-0.0812	
-15.3965	-1.6353	-9.3653	-0.5499	0.3345	-0.3314	0.7103	0.2216	0.5539	0.3739	-0.0473	0.0061	-0.0808	
-15.4574	-1.5998	-9.3933	-0.5502	0.3346	-0.3311	0.7315	0.2077	0.5562	0.3359	-0.0480	0.0060	-0.0801	
-15.5139	-1.5646	-9.4289	-0.5502	0.3347	-0.3312	0.7506	0.1892	0.5591	0.2974	-0.0486	0.0057	-0.0797	
-15.5700	-1.5274	-9.4586	-0.5503	0.3349	-0.3311	0.7694	0.1729	0.5592	0.2561	-0.0494	0.0056	-0.0793	
-15.6301	-1.4933	-9.4972	-0.5505	0.3349	-0.3314	0.7854	0.1576	0.5583	0.2170	-0.0500	0.0056	-0.0786	
-15.6895	-1.4636	-9.5332	-0.5508	0.3347	-0.3315	0.8011	0.1394	0.5547	0.1774	-0.0507	0.0052	-0.0780	
-15.7462	-1.4356	-9.5706	-0.5508	0.3344	-0.3317	0.8148	0.1212	0.5500	0.1394	-0.0512	0.0049	-0.0774	
-15.7961	-1.4043	-9.5971	-0.5505	0.3343	-0.3314	0.8274	0.0993	0.5436	0.1031	-0.0516	0.0042	-0.0767	
-15.8450	-1.3754	-9.6303	-0.5502	0.3341	-0.3314	0.8404	0.0807	0.5325	0.0695	-0.0522	0.0034	-0.0757	
-15.9053	-1.3417	-9.6658	-0.5505	0.3341	-0.3315	0.8487	0.0560	0.5252	0.0303	-0.0527	0.0027	-0.0754	
-15.9601	-1.3091	-9.7007	-0.5504	0.3340	-0.3316	0.8563	0.0363	0.5156	-0.0076	-0.0532	0.0023	-0.0748	
-16.0192	-1.2810	-9.7374	-0.5506	0.3338	-0.3318	0.8609	0.0085	0.5069	-0.0456	-0.0534	0.0014	-0.0747	
-16.0738	-1.2475	-9.7692	-0.5506	0.3338	-0.3317	0.8633	-0.0172	0.4982	-0.0815	-0.0535	0.0007	-0.0745	
-16.1285	-1.2126	-9.7954	-0.5506	0.3338	-0.3314	0.8656	-0.0429	0.4848	-0.1193	-0.0539	-0.0002	-0.0742	
-16.1829	-1.1800	-9.8288	-0.5505	0.3338	-0.3314	0.8645	-0.0697	0.4747	-0.1518	-0.0537	-0.0010	-0.0740	
-16.2383	-1.1464	-9.8572	-0.5505	0.3338	-0.3311	0.8599	-0.0977	0.4636	-0.1899	-0.0538	-0.0017	-0.0742	
-16.2913	-1.1137	-9.8869	-0.5504	0.3338	-0.3310	0.8542	-0.1240	0.4518	-0.2258	-0.0538	-0.0023	-0.0742	
-16.3516	-1.0797	-9.9187	-0.5507	0.3338	-0.3309	0.8441	-0.1526	0.4402	-0.2651	-0.0539	-0.0027	-0.0746	
-16.4031	-1.0505	-9.9508	-0.5505	0.3336	-0.3309	0.8343	-0.1813	0.4264	-0.2992	-0.0537	-0.0035	-0.0748	
-16.4561	-1.0144	-9.9852	-0.5504	0.3337	-0.3309	0.8195	-0.2068	0.4146	-0.3371	-0.0537	-0.0037	-0.0751	
-16.5135	-0.9819	-10.0166	-0.5505	0.3337	-0.3308	0.8038	-0.2357	0.4001	-0.3717	-0.0535	-0.0042	-0.0755	
-16.5656	-0.9514	-10.0459	-0.5503	0.3335	-0.3306	0.7849	-0.2653	0.3847	-0.4065	-0.0532	-0.0046	-0.0761	
-16.6254	-0.9176	-10.0760	-0.5505	0.3335	-0.3305	0.7661	-0.2917	0.3691	-0.4381	-0.0530	-0.0051	-0.0764	
-16.6790	-0.8886	-10.1067	-0.5505	0.3333	-0.3304	0.7436	-0.3162	0.3559	-0.4696	-0.0527	-0.0051	-0.0767	
-16.7438	-0.8552	-10.1364	-0.5509	0.3333	-0.3302	0.7180	-0.3423	0.3421	-0.5002	-0.0523	-0.0051	-0.0772	
-16.8030	-0.8174	-10.1689	-0.5511	0.3335	-0.3302	0.6890	-0.3655	0.3297	-0.5318	-0.0521	-0.0048	-0.0777	
-16.8597	-0.7826	-10.2047	-0.5512	0.3336	-0.3303	0.6588	-0.3867	0.3152	-0.5628	-0.0520	-0.0045	-0.0780	
-16.9163	-0.7509	-10.2403	-0.5513	0.3335	-0.3304	0.6267	-0.4058	0.3013	-0.5929	-0.0520	-0.0042	-0.0783	
-16.9779	-0.7182	-10.2755	-0.5516	0.3335	-0.3305	0.5963	-0.4232	0.2867	-0.6190	-0.0519	-0.0040	-0.0783	
-17.0296	-0.6822	-10.3111	-0.5514	0.3336	-0.3306	0.5616	-0.4391	0.2720	-0.6462	-0.0520	-0.0035	-0.0785	
-17.0862	-0.6493	-10.3423	-0.5515	0.3336	-0.3306	0.5270	-0.4540	0.2590	-0.6701	-0.0519	-0.0030	-0.0785	
-17.1394	-0.6146	-10.3742	-0.5514	0.3337	-0.3305	0.4881	-0.4690	0.2407	-0.6953	-0.0521	-0.0027	-0.0788	
-17.1966	-0.5814	-10.4127	-0.5515	0.3337	-0.3308	0.4481	-0.4809	0.2239	-0.7193	-0.0524	-0.0023	-0.0789	
-17.2565	-0.5446	-10.4463	-0.5517	0.3338	-0.3308	0.4075	-0.4893	0.2077	-0.7424	-0.0529	-0.0019	-0.0788	
-17.3151	-0.5099	-10.4801	-0.5519	0.3339	-0.3308	0.3736	-0.4961	0.1925	-0.7602	-0.0529	-0.0017	-0.0784	
-17.3716	-0.4754	-10.5159	-0.5520	0.3339	-0.3310	0.3326	-0.5032	0.1737	-0.7783	-0.0532	-0.0015	-0.0783	
-17.4297	-0.4390	-10.5540	-0.5521	0.3341	-0.3312	0.2919	-0.5080	0.1554	-0.7953	-0.0535	-0.0014	-0.0782	
-17.4830	-0.3980	-10.5841	-0.5520	0.3344	-0.3310	0.2548	-0.5091	0.1387	-0.8106	-0.0539	-0.0013	-0.0776	
-17.5372	-0.3598	-10.6126	-0.5520	0.3347	-0.3308	0.2166	-0.5092	0.1232	-0.8241	-0.0543	-0.0011	-0.0771	
-17.5915	-0.3246	-10.6498	-0.5519	0.3347	-0.3310	0.1739	-0.5058	0.1044	-0.8385	-0.0551	-0.0012	-0.0766	
-17.6476	-0.2922	-10.6816	-0.5520	0.3347	-0.3310	0.1360	-0.5034	0.0832	-0.8494	-0.0553	-0.0015	-0.0763	
-17.6973	-0.2599	-10.7158	-0.5517	0.3346	-0.3310	0.0910	-0.4994	0.0604	-0.8593	-0.0560	-0.0018	-0.0762	
-17.7507	-0.2328	-10.7478	-0.5516	0.3343	-0.3309	0.0479	-0.4932	0.0357	-0.8678	-0.0566	-0.0024	-0.0761	
-17.7987	-0.2017	-10.7861	-0.5513	0.3342	-0.3312	0.0048	-0.4870	0.0135	-0.8733	-0.0561	-0.0012	-0.0762	
-17.8532	-0.1702	-10.8187	-0.5513	0.3341	-0.3312	0.0367	0.4805	0.0092	0.8762	-0.0564	-0.0015	-0.0761	
-17.9065	-0.1333	-10.8486	-0.5512	0.3343	-0.3310	0.0785	0.4733	0.0324	0.8768	-0.0568	-0.0018	-0.0759	
-17.9564	-0.0998	-10.8847	-0.5509	0.3343	-0.3311	0.1148	0.4633	0.0555	0.8773	-0.0569	-0.0025	-0.0756	
-18.0084	-0.0678	-10.9177	-0.5508	0.3342	-0.3311	0.1558	0.4524	0.0818	0.8743	-0.0571	-0.0032	-0.0757	
-18.0674	-0.0341	-10.9532	-0.5510	0.3342	-0.3312	0.1927	0.4417	0.1090	0.8696	-0.0570	-0.0039	-0.0758	
-18.1190	-0.0015	-10.9876	-0.5508	0.3341	-0.3313	0.2320	0.4296	0.1387	0.8616	-0.0569	-0.0047	-0.0761	
-18.1767	0.0306	-11.0231	-0.5509	0.3341	-0.3314	0.2686	0.4177	0.1643	0.8524	-0.0568	-0.0053	-0.0762	
-18.2351	0.0636	-11.0595	-0.5511	0.3341	-0.3315	0.3021	0.4069	0.1908	0.8410	-0.0563	-0.0057	-0.0764	
-18.2869	0.1015	-11.0963	-0.5509	0.3342	-0.3317	0.3346	0.3921	0.2147	0.8299	-0.0562	-0.0064	-0.0763	
-18.3440	0.1344	-11.1307	-0.5510	0.3342	-0.3317	0.3735	0.3789	0.2424	0.8110	-0.0561	-0.0067	-0.0769	
-18.3963	0.1665	-11.1671	-0.5509	0.3342	-0.3319	0.4089	0.3666	0.2711	0.7904	-0.0556	-0.0068	-0.0776	
-18.4565	0.1983	-11.1988	-0.5511	0.3341	-0.3318	0.4458	0.3512	0.2972	0.7676	-0.0556	-0.0070	-0.0781	
-18.5097	0.2361	-11.2303	-0.5510	0.3343	-0.3317	0.4775	0.3355	0.3226	0.7453	-0.0552	-0.0074	-0.0784	
-18.5669	0.2671	-11.2618	-0.5511	0.3342	-0.3316	0.5094	0.3228	0.3473	0.7180	-0.0548	-0.0071	-0.0790	
-18.6223	0.3032	-11.2899	-0.5511	0.3343	-0.3314	0.5396	0.3076	0.3671	0.6925	-0.0547	-0.0071	-0.0790	
-18.6770	0.3398	-11.3229	-0.5511	0.3344	-0.3314	0.5661	0.2925	0.3902	0.6648	-0.0542	-0.0071	-0.0794	
-18.7383	0.3727	-11.3515	-0.5514	0.3344	-0.3312	0.5958	0.2779	0.4144	0.6290	-0.0539	-0.0066	-0.0801	
-18.7928	0.4101	-11.3842	-0.5514	0.3346	-0.3311	0.6227	0.2641	0.4336	0.5953	-0.0537	-0.0062	-0.0804	
-18.8491	0.4497	-11.4182	-0.5514	0.3348	-0.3312	0.6472	0.2505	0.4505	0.5618	-0.0534	-0.0057	-0.0805	
-18.9058	0.4887	-11.4487	-0.5515	0.3351	-0.3311	0.6700	0.2399	0.4656	0.5264	-0.0532	-0.0048	-0.0805	
-18.9617	0.5220	-11.4840	-0.5515	0.3351	-0.3312	0.6936	0.2247	0.4797	0.4880	-0.0533	-0.0043	-0.0806	
-19.0213	0.5615	-11.5183	-0.5517	0.3353	-0.3312	0.7189	0.2080	0.4916	0.4448	-0.0537	-0.0037	-0.0808	
-19.0781	0.5933	-11.5531	-0.5518	0.3353	-0.3313	0.7412	0.1924	0.4993	0.4055	-0.0541	-0.0032	-0.0805	
-19.1305	0.6330	-11.5876	-0.5517	0.3355	-0.3314	0.7605	0.1743	0.5069	0.3668	-0.0543	-0.0031	-0.0802	
-19.1887	0.6703	-11.6215	-0.5518	0.3357	-0.3314	0.7788	0.1576	0.5138	0.3233	-0.0547	-0.0026	-0.0801	
-19.2420	0.7060	-11.6560	-0.5517	0.3358	-0.3315	0.7943	0.1422	0.5171	0.2866	-0.0549	-0.0024	-0.0796	
-19.2991	0.7398	-11.6906	-0.5518	0.3358	-0.3315	0.8089	0.1286	0.5158	0.2538	-0.0552	-0.0023	-0.0785	
-19.3499	0.7768	-11.7231	-0.5516	0.3359	-0.3315	0.8222	0.1146	0.5146	0.2160	-0.0556	-0.0020	-0.0778	
-19.4103	0.8108	-11.7590	-0.5518	0.3360	-0.3316	0.8359	0.0960	0.5113	0.1759	-0.0562	-0.0021	-0.0771	
-19.4685	0.8443	-11.7943	-0.5520	0.3359	-0.3317	0.8465	0.0784	0.5083	0.1403	-0.0564	-0.0023	-0.0764	
-19.5185	0.8761	-11.8250	-0.5517	0.3359	-0.3316	0.8576	0.0596	0.5013	0.1011	-0.0570	-0.0027	-0.0757	
-19.5668	0.9134	-11.8610	-0.5514	0.3360	-0.3317	0.8657	0.0390	0.4958	0.0563	-0.0577	-0.0028	-0.0755	
-19.6192	0.9407	-11.8961	-0.5513	0.3358	-0.3318	0.8713	0.0206	0.4904	0.0170	-0.0579	-0.0029	-0.0750	
-19.6770	0.9759	-11.9280	-0.5514	0.3358	-0.3318	0.8750	-0.0005	0.4834	-0.0269	-0.0584	-0.0031	-0.0748	
-19.7302	1.0074	-11.9607	-0.5514	0.3357	-0.3318	0.8798	-0.0201	0.4718	-0.0616	-0.0587	-0.0039	-0.0740	
-19.7881	1.0402	-11.9941	-0.5515	0.3357	-0.3318	0.8809	-0.0411	0.4630	-0.0946	-0.0585	-0.0045	-0.0735	
-19.8444	1.0694	-12.0280	-0.5515	0.3355	-0.3318	0.8817	-0.0610	0.4520	-0.1259	-0.0583	-0.0052	-0.0729	
-19.9014	1.1058	-12.0592	-0.5516	0.3356	-0.3317	0.8801	-0.0851	0.4371	-0.1650	-0.0587	-0.0061	-0.0726	
-19.9582	1.1376	-12.0937	-0.5517	0.3355	-0.3318	0.8742	-0.1099	0.4266	-0.2043	-0.0587	-0.0066	-0.0727	
-20.0139	1.1672	-12.1280	-0.5517	0.3354	-0.3318	0.8689	-0.1323	0.4148	-0.2368	-0.0583	-0.0072	-0.0725	
-20.0677	1.1990	-12.1616	-0.5516	0.3353	-0.3318	0.8608	-0.1564	0.4009	-0.2724	-0.0582	-0.0079	-0.0725	
-20.1216	1.2341	-12.1948	-0.5516	0.3354	-0.3318	0.8487	-0.1819	0.3877	-0.3102	-0.0581	-0.0083	-0.0728	
-20.1818	1.2686	-12.2271	-0.5518	0.3354	-0.3318	0.8353	-0.2096	0.3722	-0.3462	-0.0578	-0.0090	-0.0732	
-20.2358	1.3036	-12.2612	-0.5517	0.3355	-0.3318	0.8191	-0.2363	0.3565	-0.3823	-0.0576	-0.0096	-0.0736	
-20.2891	1.3385	-12.2962	-0.5517	0.3355	-0.3319	0.8017	-0.2631	0.3408	-0.4148	-0.0571	-0.0101	-0.0740	
-20.3455	1.3778	-12.3295	-0.5517	0.3357	-0.3319	0.7790	-0.2893	0.3253	-0.4510	-0.0570	-0.0103	-0.0746	
-20.4053	1.4106	-12.3657	-0.5519	0.3357	-0.3320	0.7540	-0.3148	0.3115	-0.4849	-0.0566	-0.0102	-0.0752	
-20.4620	1.4468	-12.4030	-0.5520	0.3358	-0.3322	0.7276	-0.3407	0.2945	-0.5172	-0.0563	-0.0104	-0.0759	
-20.5227	1.4824	-12.4325	-0.5522	0.3359	-0.3320	0.6988	-0.3629	0.2798	-0.5491	-0.0561	-0.0102	-0.0763	
-20.5772	1.5134	-12.4672	-0.5522	0.3358	-0.3321	0.6651	-0.3864	0.2646	-0.5812	-0.0560	-0.0098	-0.0770	
-20.6304	1.5466	-12.5001	-0.5521	0.3358	-0.3321	0.6306	-0.4088	0.2485	-0.6108	-0.0558	-0.0094	-0.0777	
-20.6888	1.5815	-12.5324	-0.5522	0.3358	-0.3320	0.5969	-0.4276	0.2327	-0.6377	-0.0556	-0.0091	-0.0780	
-20.7432	1.6176	-12.5681	-0.5522	0.3359	-0.3321	0.5577	-0.4466	0.2144	-0.6656	-0.0557	-0.0088	-0.0786	
-20.8028	1.6538	-12.5991	-0.5523	0.3360	-0.3321	0.5193	-0.4631	0.2004	-0.6896	-0.0556	-0.0081	-0.0789	
-20.8558	1.6839	-12.6328	-0.5523	0.3359	-0.3321	0.4800	-0.4750	0.1860	-0.7136	-0.0558	-0.0074	-0.0789	
-20.9163	1.7174	-12.6666	-0.5525	0.3359	-0.3321	0.4392	-0.4872	0.1709	-0.7351	-0.0559	-0.0067	-0.0790	
-20.9782	1.7576	-12.6986	-0.5527	0.3362	-0.3320	0.4006	-0.4962	0.1583	-0.7540	-0.0560	-0.0060	-0.0788	
-21.0318	1.7943	-12.7321	-0.5527	0.3363	-0.3321	0.3610	-0.5009	0.1459	-0.7732	-0.0564	-0.0053	-0.0784	
-21.0920	1.8312	-12.7656	-0.5529	0.3364	-0.3321	0.3225	-0.5061	0.1325	-0.7892	-0.0565	-0.0047	-0.0780	
-21.1519	1.8692	-12.7966	-0.5530	0.3366	-0.3320	0.2859	-0.5073	0.1209	-0.8045	-0.0568	-0.0042	-0.0772	
-21.2059	1.9054	-12.8312	-0.5530	0.3367	-0.3320	0.2460	-0.5078	0.1074	-0.8189	-0.0572	-0.0037	-0.0766	
-21.2640	1.9432	-12.8620	-0.5531	0.3368	-0.3320	0.2033	-0.5088	0.0921	-0.8315	-0.0576	-0.0033	-0.0763	
-21.3182	1.9767	-12.8923	-0.5530	0.3368	-0.3318	0.1612	-0.5086	0.0770	-0.8424	-0.0580	-0.0029	-0.0758	
-21.3702	2.0123	-12.9246	-0.5529	0.3369	-0.3318	0.1157	-0.5061	0.0598	-0.8525	-0.0587	-0.0027	-0.0755	
-21.4277	2.0470	-12.9567	-0.5530	0.3369	-0.3318	0.0741	-0.5031	0.0433	-0.8601	-0.0590	-0.0025	-0.0751	
-21.4785	2.0759	-12.9900	-0.5528	0.3368	-0.3318	0.0343	-0.4970	0.0270	-0.8670	-0.0586	-0.0015	-0.0757	
-21.5349	2.1128	-13.0181	-0.5529	0.3369	-0.3316	0.0053	0.4921	-0.0101	0.8708	-0.0589	-0.0015	-0.0752	
-21.5917	2.1515	-13.0508	-0.5529	0.3371	-0.3316	0.0449	0.4849	0.0090	0.8736	-0.0592	-0.0018	-0.0747	
-21.6464	2.1822	-13.0828	-0.5529	0.3369	-0.3315	0.0882	0.4760	0.0297	0.8745	-0.0596	-0.0021	-0.0744	
-21.6999	2.2178	-13.1153	-0.5528	0.3370	-0.3315	0.1267	0.4663	0.0513	0.8743	-0.0598	-0.0027	-0.0741	
-21.7564	2.2594	-13.1537	-0.5529	0.3373	-0.3317	0.1642	0.4569	0.0728	0.8715	-0.0598	-0.0032	-0.0738	
-21.8109	2.2934	-13.1852	-0.5528	0.3373	-0.3316	0.2101	0.4442	0.1007	0.8648	-0.0601	-0.0039	-0.0742	
-21.8695	2.3246	-13.2168	-0.5529	0.3372	-0.3316	0.2513	0.4310	0.1248	0.8576	-0.0603	-0.0045	-0.0742	
-21.9243	2.3540	-13.2524	-0.5529	0.3370	-0.3316	0.2895	0.4138	0.1501	0.8501	-0.0605	-0.0055	-0.0742	
-21.9827	2.3911	-13.2842	-0.5530	0.3372	-0.3316	0.3229	0.4026	0.1740	0.8390	-0.0600	-0.0060	-0.0743	
-22.0379	2.4239	-13.3194	-0.5530	0.3371	-0.3316	0.3590	0.3869	0.2001	0.8256	-0.0598	-0.0067	-0.0745	
-22.0934	2.4576	-13.3534	-0.5530	0.3371	-0.3317	0.3957	0.3713	0.2285	0.8082	-0.0595	-0.0073	-0.0751	
-22.1480	2.4912	-13.3853	-0.5530	0.3371	-0.3316	0.4314	0.3549	0.2539	0.7896	-0.0593	-0.0078	-0.0755	
-22.2041	2.5243	-13.4149	-0.5530	0.3371	-0.3315	0.4649	0.3401	0.2800	0.7680	-0.0589	-0.0081	-0.0760	
-22.2617	2.5586	-13.4496	-0.5531	0.3371	-0.3315	0.4998	0.3244	0.3043	0.7430	-0.0587	-0.0082	-0.0765	
-22.3161	2.5937	-13.4831	-0.5531	0.3372	-0.3315	0.5274	0.3098	0.3294	0.7196	-0.0579	-0.0084	-0.0769	
-22.3727	2.6263	-13.5192	-0.5531	0.3371	-0.3317	0.5599	0.2969	0.3487	0.6904	-0.0578	-0.0079	-0.0772	
-22.4282	2.6580	-13.5524	-0.5531	0.3370	-0.3316	0.5897	0.2807	0.3697	0.6608	-0.0575	-0.0078	-0.0776	
-22.4833	2.6922	-13.5838	-0.5531	0.3371	-0.3316	0.6176	0.2664	0.3890	0.6296	-0.0572	-0.0075	-0.0779	
-22.5394	2.7303	-13.6148	-0.5532	0.3372	-0.3315	0.6419	0.2532	0.4078	0.5983	-0.0567	-0.0070	-0.0781	
-22.5980	2.7592	-13.6540	-0.5533	0.3370	-0.3317	0.6661	0.2369	0.4257	0.5649	-0.0564	-0.0067	-0.0784	
-22.6568	2.7969	-13.6880	-0.5534	0.3372	-0.3317	0.6918	0.2203	0.4423	0.5261	-0.0563	-0.0063	-0.0788	
-22.7151	2.8292	-13.7207	-0.5535	0.3371	-0.3317	0.7146	0.2060	0.4550	0.4900	-0.0563	-0.0057	-0.0787	
-22.7723	2.8679	-13.7583	-0.5536	0.3373	-0.3319	0.7359	0.1904	0.4667	0.4521	-0.0563	-0.0052	-0.0787	
-22.8310	2.9043	-13.7928	-0.5537	0.3374	-0.3319	0.7563	0.1737	0.4770	0.4126	-0.0564	-0.0047	-0.0786	
-22.8870	2.9411	-13.8256	-0.5537	0.3375	-0.3319	0.7756	0.1572	0.4888	0.3666	-0.0566	-0.0040	-0.0790	
-22.9441	2.9748	-13.8591	-0.5538	0.3375	-0.3319	0.7929	0.1406	0.4959	0.3249	-0.0569	-0.0035	-0.0788	
-23.0011	3.0086	-13.8927	-0.5539	0.3375	-0.3320	0.8079	0.1232	0.5010	0.2854	-0.0570	-0.0032	-0.0785	
-23.0564	3.0429	-13.9321	-0.5538	0.3376	-0.3322	0.8202	0.1089	0.5051	0.2466	-0.0570	-0.0027	-0.0781	
-23.1093	3.0766	-13.9640	-0.5538	0.3375	-0.3321	0.8318	0.0954	0.5072	0.2056	-0.0573	-0.0021	-0.0776	
-23.1650	3.1086	-13.9981	-0.5538	0.3375	-0.3322	0.8424	0.0813	0.5062	0.1685	-0.0575	-0.0019	-0.0768	
-23.2199	3.1409	-14.0316	-0.5538	0.3374	-0.3322	0.8526	0.0655	0.5026	0.1298	-0.0579	-0.0019	-0.0761	
-23.2706	3.1722	-14.0649	-0.5536	0.3373	-0.3322	0.8623	0.0536	0.4963	0.0902	-0.0586	-0.0016	-0.0751	
-23.3238	3.2081	-14.0966	-0.5535	0.3374	-0.3321	0.8708	0.0362	0.4882	0.0539	-0.0590	-0.0020	-0.0742	
-23.3771	3.2459	-14.1311	-0.5534	0.3376	-0.3322	0.8758	0.0168	0.4825	0.0129	-0.0593	-0.0022	-0.0738	
-23.4339	3.2765	-14.1642	-0.5535	0.3375	-0.3322	0.8803	-0.0002	0.4747	-0.0237	-0.0595	-0.0025	-0.0730	
-23.4896	3.3077	-14.1965	-0.5535	0.3374	-0.3322	0.8830	-0.0179	0.4656	-0.0617	-0.0598	-0.0029	-0.0724	
-23.5452	3.3442	-14.2307	-0.5535	0.3375	-0.3322	0.8839	-0.0353	0.4552	-0.1027	-0.0603	-0.0031	-0.0718	
-23.6017	3.3773	-14.2643	-0.5536	0.3374	-0.3322	0.8823	-0.0588	0.4456	-0.1407	-0.0603	-0.0038	-0.0717	
-23.6616	3.4078	-14.2962	-0.5537	0.3373	-0.3322	0.8792	-0.0824	0.4343	-0.1788	-0.0603	-0.0045	-0.0716	
-23.7198	3.4415	-14.3251	-0.5538	0.3373	-0.3320	0.8753	-0.1054	0.4214	-0.2140	-0.0602	-0.0053	-0.0713	
-23.7742	3.4726	-14.3545	-0.5538	0.3372	-0.3319	0.8691	-0.1267	0.4096	-0.2480	-0.0600	-0.0058	-0.0711	
-23.8304	3.5067	-14.3898	-0.5538	0.3372	-0.3320	0.8601	-0.1503	0.3964	-0.2841	-0.0599	-0.0065	-0.0711	
-23.8817	3.5394	-14.4208	-0.5537	0.3372	-0.3319	0.8501	-0.1734	0.3814	-0.3194	-0.0598	-0.0071	-0.0711	
-23.9367	3.5718	-14.4532	-0.5537	0.3371	-0.3319	0.8380	-0.1960	0.3673	-0.3533	-0.0595	-0.0077	-0.0712	
-23.9917	3.6092	-14.4870	-0.5537	0.3373	-0.3319	0.8231	-0.2209	0.3539	-0.3857	-0.0590	-0.0082	-0.0714	
-24.0496	3.6450	-14.5191	-0.5537	0.3373	-0.3318	0.8083	-0.2431	0.3398	-0.4155	-0.0585	-0.0086	-0.0715	
-24.1068	3.6802	-14.5539	-0.5538	0.3374	-0.3319	0.7858	-0.2698	0.3224	-0.4530	-0.0585	-0.0090	-0.0721	
-24.1636	3.7146	-14.5856	-0.5539	0.3374	-0.3318	0.7644	-0.2921	0.3090	-0.4848	-0.0581	-0.0091	-0.0724	
-24.2190	3.7505	-14.6164	-0.5539	0.3375	-0.3318	0.7383	-0.3169	0.2971	-0.5159	-0.0576	-0.0088	-0.0731	
-24.2744	3.7836	-14.6480	-0.5539	0.3375	-0.3317	0.7141	-0.3386	0.2818	-0.5442	-0.0571	-0.0089	-0.0734	
-24.3347	3.8170	-14.6825	-0.5540	0.3374	-0.3317	0.6851	-0.3589	0.2695	-0.5738	-0.0568	-0.0085	-0.0738	
-24.3870	3.8516	-14.7180	-0.5539	0.3375	-0.3318	0.6507	-0.3814	0.2509	-0.6062	-0.0569	-0.0084	-0.0745	
-24.4431	3.8869	-14.7555	-0.5540	0.3375	-0.3320	0.6118	-0.4037	0.2343	-0.6380	-0.0570	-0.0080	-0.0753	
-24.5053	3.9210	-14.7864	-0.5542	0.3375	-0.3319	0.5770	-0.4217	0.2212	-0.6635	-0.0568	-0.0074	-0.0757	
-24.5638	3.9570	-14.8183	-0.5543	0.3376	-0.3318	0.5409	-0.4386	0.2071	-0.6872	-0.0566	-0.0068	-0.0760	
-24.6234	3.9919	-14.8496	-0.5544	0.3376	-0.3318	0.5033	-0.4551	0.1967	-0.7078	-0.0562	-0.0059	-0.0763	
-24.6796	4.0230	-14.8863	-0.5545	0.3376	-0.3319	0.4623	-0.4671	0.1823	-0.7312	-0.0565	-0.0052	-0.0764	
-24.7383	4.0576	-14.9227	-0.5546	0.3376	-0.3320	0.4217	-0.4770	0.1651	-0.7531	-0.0568	-0.0049	-0.0764	
-24.7981	4.0901	-14.9583	-0.5547	0.3375	-0.3321	0.3815	-0.4864	0.1500	-0.7716	-0.0569	-0.0044	-0.0764	
-24.8503	4.1239	-14.9924	-0.5546	0.3375	-0.3321	0.3420	-0.4921	0.1349	-0.7892	-0.0571	-0.0040	-0.0761	
-24.9054	4.1617	-15.0265	-0.5546	0.3377	-0.3321	0.3020	-0.4970	0.1220	-0.8045	-0.0574	-0.0033	-0.0757	
-24.9611	4.1951	-15.0612	-0.5546	0.3377	-0.3322	0.2584	-0.5011	0.1051	-0.8191	-0.0578	-0.0030	-0.0756	
-25.0144	4.2284	-15.0986	-0.5545	0.3377	-0.3323	0.2099	-0.5040	0.0881	-0.8329	-0.0584	-0.0025	-0.0755	
-25.0678	4.2630	-15.1329	-0.5544	0.3377	-0.3324	0.1677	-0.5030	0.0756	-0.8447	-0.0589	-0.0020	-0.0749	
-25.1210	4.2966	-15.1684	-0.5544	0.3377	-0.3324	0.1249	-0.5013	0.0625	-0.8541	-0.0594	-0.0015	-0.0744	
-25.1781	4.3329	-15.2031	-0.5544	0.3378	-0.3325	0.0847	-0.4968	0.0443	-0.8628	-0.0598	-0.0017	-0.0738	
-25.2268	4.3710	-15.2368	-0.5542	0.3379	-0.3325	0.0430	-0.4902	0.0284	-0.8703	-0.0592	-0.0008	-0.0745	
-25.2840	4.4052	-15.2711	-0.5543	0.3379	-0.3325	0.0013	0.4850	-0.0079	0.8745	-0.0597	-0.0009	-0.0743	
-25.3373	4.4427	-15.3053	-0.5542	0.3380	-0.3326	0.0413	0.4748	0.0083	0.8794	-0.0603	-0.0012	-0.0734	
-25.3939	4.4780	-15.3387	-0.5542	0.3381	-0.3326	0.0801	0.4645	0.0268	0.8819	-0.0607	-0.0017	-0.0728	
-25.4475	4.5146	-15.3739	-0.5542	0.3382	-0.3326	0.1176	0.4530	0.0447	0.8830	-0.0611	-0.0022	-0.0721	
-25.5030	4.5471	-15.4055	-0.5542	0.3381	-0.3326	0.1598	0.4432	0.0671	0.8795	-0.0614	-0.0026	-0.0720	
-25.5613	4.5836	-15.4422	-0.5542	0.3382	-0.3327	0.1985	0.4334	0.0893	0.8747	-0.0614	-0.0031	-0.0719	
-25.6171	4.6153	-15.4773	-0.5543	0.3381	-0.3327	0.2380	0.4209	0.1141	0.8679	-0.0614	-0.0038	-0.0720	
-25.6736	4.6503	-15.5083	-0.5543	0.3382	-0.3327	0.2747	0.4081	0.1346	0.8604	-0.0615	-0.0043	-0.0717	
-25.7328	4.6854	-15.5438	-0.5544	0.3382	-0.3327	0.3130	0.3982	0.1579	0.8477	-0.0613	-0.0045	-0.0719	
-25.7872	4.7201	-15.5805	-0.5544	0.3382	-0.3328	0.3494	0.3824	0.1796	0.8365	-0.0614	-0.0052	-0.0718	
-25.8440	4.7526	-15.6144	-0.5544	0.3382	-0.3329	0.3866	0.3688	0.2077	0.8193	-0.0610	-0.0058	-0.0725	
-25.8980	4.7853	-15.6484	-0.5544	0.3382	-0.3329	0.4217	0.3558	0.2311	0.8014	-0.0607	-0.0060	-0.0728	
-25.9534	4.8174	-15.6821	-0.5544	0.3381	-0.3329	0.4548	0.3417	0.2575	0.7812	-0.0602	-0.0064	-0.0733	
-26.0060	4.8504	-15.7171	-0.5543	0.3381	-0.3329	0.4851	0.3265	0.2831	0.7604	-0.0596	-0.0068	-0.0738	
-26.0609	4.8842	-15.7502	-0.5543	0.3381	-0.3329	0.5180	0.3108	0.3041	0.7366	-0.0595	-0.0070	-0.0740	
-26.1164	4.9195	-15.7814	-0.5543	0.3381	-0.3329	0.5480	0.2947	0.3283	0.7107	-0.0591	-0.0072	-0.0745	
-26.1723	4.9518	-15.8151	-0.5543	0.3381	-0.3329	0.5784	0.2790	0.3495	0.6822	-0.0588	-0.0072	-0.0749	
-26.2289	4.9874	-15.8454	-0.5543	0.3381	-0.3328	0.6051	0.2667	0.3686	0.6536	-0.0584	-0.0068	-0.0752	
-26.2814	5.0222	-15.8794	-0.5542	0.3381	-0.3328	0.6321	0.2540	0.3864	0.6218	-0.0581	-0.0063	-0.0754	
-26.3349	5.0569	-15.9129	-0.5542	0.3382	-0.3328	0.6561	0.2400	0.4012	0.5929	-0.0578	-0.0061	-0.0753	
-26.3952	5.0891	-15.9476	-0.5543	0.3381	-0.3328	0.6820	0.2241	0.4222	0.5531	-0.0576	-0.0056	-0.0761	
-26.4512	5.1206	-15.9812	-0.5543	0.3381	-0.3329	0.7054	0.2095	0.4381	0.5163	-0.0574	-0.0050	-0.0763	
-26.5098	5.1529	-16.0134	-0.5544	0.3380	-0.3328	0.7278	0.1953	0.4551	0.4739	-0.0573	-0.0042	-0.0769	
-26.5667	5.1886	-16.0439	-0.5545	0.3381	-0.3327	0.7487	0.1824	0.4685	0.4318	-0.0573	-0.0033	-0.0771	
-26.6254	5.2255	-16.0761	-0.5546	0.3382	-0.3327	0.7677	0.1685	0.4825	0.3861	-0.0574	-0.0024	-0.0775	
-26.6804	5.2558	-16.1123	-0.5546	0.3381	-0.3328	0.7844	0.1534	0.4912	0.3466	-0.0574	-0.0019	-0.0773	
-26.7351	5.2912	-16.1476	-0.5545	0.3381	-0.3329	0.8006	0.1415	0.4971	0.3032	-0.0577	-0.0010	-0.0771	
-26.7902	5.3271	-16.1812	-0.5545	0.3382	-0.3329	0.8153	0.1265	0.4997	0.2649	-0.0579	-0.0008	-0.0765	
-26.8453	5.3610	-16.2154	-0.5545	0.3382	-0.3329	0.8278	0.1113	0.5029	0.2228	-0.0582	-0.0004	-0.0762	
-26.9039	5.3987	-16.2512	-0.5546	0.3383	-0.3330	0.8400	0.0907	0.5047	0.1764	-0.0587	-0.0003	-0.0761	
-26.9590	5.4330	-16.2856	-0.5546	0.3383	-0.3330	0.8522	0.0743	0.5002	0.1362	-0.0593	-0.0004	-0.0753	
-27.0123	5.4656	-16.3184	-0.5545	0.3383	-0.3330	0.8615	0.0621	0.4956	0.0941	-0.0599	-0.0000	-0.0745	
-27.0666	5.5014	-16.3545	-0.5545	0.3383	-0.3331	0.8669	0.0449	0.4939	0.0498	-0.0602	0.0002	-0.0742	
-27.1192	5.5354	-16.3862	-0.5544	0.3383	-0.3330	0.8719	0.0316	0.4894	0.0135	-0.0603	0.0002	-0.0734	
-27.1762	5.5690	-16.4208	-0.5545	0.3383	-0.3331	0.8762	0.0139	0.4816	-0.0258	-0.0607	-0.0001	-0.0727	
-27.2313	5.6053	-16.4555	-0.5545	0.3384	-0.3331	0.8778	-0.0036	0.4748	-0.0663	-0.0609	-0.0003	-0.0722	
-27.2867	5.6392	-16.4866	-0.5545	0.3384	-0.3331	0.8796	-0.0242	0.4626	-0.1087	-0.0615	-0.0009	-0.0718	
-27.3410	5.6709	-16.5226	-0.5544	0.3383	-0.3331	0.8793	-0.0446	0.4531	-0.1429	-0.0613	-0.0016	-0.0713	
-27.3968	5.7041	-16.5573	-0.5544	0.3383	-0.3332	0.8768	-0.0647	0.4424	-0.1789	-0.0613	-0.0022	-0.0709	
-27.4562	5.7372	-16.5899	-0.5546	0.3383	-0.3332	0.8722	-0.0866	0.4315	-0.2147	-0.0611	-0.0029	-0.0707	
-27.5094	5.7745	-16.6256	-0.5545	0.3384	-0.3332	0.8656	-0.1069	0.4195	-0.2524	-0.0612	-0.0034	-0.0705	
-27.5686	5.8076	-16.6598	-0.5546	0.3384	-0.3333	0.8558	-0.1316	0.4083	-0.2895	-0.0609	-0.0039	-0.0707	
-27.6234	5.8421	-16.6924	-0.5546	0.3384	-0.3332	0.8440	-0.1554	0.3940	-0.3289	-0.0610	-0.0045	-0.0709	
-27.6805	5.8742	-16.7234	-0.5546	0.3383	-0.3332	0.8322	-0.1775	0.3817	-0.3615	-0.0606	-0.0049	-0.0709	
