-0.6843	-11.8268	-0.8029	0.0000	0.0000	0.0000	0.0774	-0.7088	-0.4984	0.4931	0.0000	0.0000	0.0000	
-0.5401	-11.5807	-0.5920	0.0143	0.0244	0.0209	0.0597	-0.6841	-0.4741	0.5560	0.0035	0.0199	-0.0216	
-0.3021	-11.4979	-0.3552	0.0751	0.0410	0.0884	0.0646	-0.7081	-0.4690	0.5277	-0.0328	-0.0346	0.0153	
-0.2135	-11.3741	-0.2845	0.1091	0.0918	0.1148	0.0475	-0.7162	-0.4271	0.5546	-0.0399	-0.0010	-0.0533	
-0.1365	-11.2678	-0.3093	0.1550	0.1416	0.0999	0.0059	-0.7614	-0.3545	0.5441	-0.0634	-0.0375	-0.0929	
-0.0565	-11.3672	-0.1992	0.1989	0.0897	0.1422	0.0024	0.7871	0.3098	-0.5350	-0.0570	-0.0350	-0.0944	
0.0206	-11.3453	-0.1794	0.2628	0.1274	0.1025	0.0179	0.7976	0.2791	-0.5373	-0.0489	-0.0292	-0.0774	
0.0592	-11.3575	-0.1590	0.3756	0.1160	0.0418	0.0370	0.8118	0.2937	-0.5118	-0.0059	-0.0397	-0.0440	
0.0999	-11.3946	-0.2283	0.4183	0.0727	-0.0742	0.0580	0.8415	0.2793	-0.4599	-0.0070	-0.0705	-0.0372	
0.2477	-11.3475	-0.2355	0.5294	0.1083	-0.0618	0.1181	0.8560	0.2241	-0.4520	-0.0159	-0.0697	-0.0687	
0.3886	-11.4248	-0.2886	0.6279	0.0189	-0.1165	0.1539	0.8700	0.1790	-0.4319	-0.0232	-0.0704	-0.0743	
0.4920	-11.3949	-0.3879	0.6709	0.0514	-0.2158	0.1808	0.8811	0.1370	-0.4152	-0.0287	-0.0682	-0.0756	
0.4998	-11.4216	-0.4718	0.6206	0.0205	-0.2821	0.2020	0.8917	0.0812	-0.3967	-0.0368	-0.0673	-0.0765	
0.6410	-11.4751	-0.5458	0.6860	-0.0254	-0.3275	0.2386	0.8897	0.0642	-0.3877	-0.0307	-0.0620	-0.0764	
0.7708	-11.5519	-0.6535	0.7415	-0.0951	-0.3911	0.2571	0.8949	0.0413	-0.3651	-0.0300	-0.0613	-0.0718	
0.8561	-11.6163	-0.7967	0.7436	-0.1388	-0.4805	0.2854	0.8929	0.0225	-0.3500	-0.0271	-0.0588	-0.0709	
0.9198	-11.7396	-0.8396	0.7284	-0.2220	-0.4820	0.3230	0.8831	-0.0014	-0.3420	-0.0241	-0.0554	-0.0726	
0.9576	-11.7623	-0.9970	0.7043	-0.2267	-0.5622	0.3364	0.8851	-0.0305	-0.3223	-0.0256	-0.0548	-0.0699	
1.0986	-11.7326	-1.0815	0.7543	-0.1885	-0.5800	0.3605	0.8832	-0.0599	-0.2940	-0.0259	-0.0561	-0.0692	
1.2289	-11.7750	-1.1776	0.7940	-0.2014	-0.6137	0.3934	0.8719	-0.1051	-0.2698	-0.0279	-0.0566	-0.0720	
1.3055	-11.8404	-1.3284	0.7885	-0.2337	-0.6712	0.4143	0.8671	-0.1294	-0.2465	-0.0274	-0.0565	-0.0707	
1.4385	-11.8543	-1.4449	0.8226	-0.2250	-0.7062	0.4394	0.8533	-0.1607	-0.2308	-0.0278	-0.0550	-0.0714	
1.5738	-11.9281	-1.5450	0.8502	-0.2537	-0.7287	0.4675	0.8373	-0.1797	-0.2228	-0.0263	-0.0523	-0.0717	
1.6822	-11.9533	-1.5943	0.8704	-0.2523	-0.7195	0.4897	0.8162	-0.2264	-0.2049	-0.0289	-0.0518	-0.0733	
1.7333	-12.0332	-1.6873	0.8493	-0.2843	-0.7317	0.5063	0.8034	-0.2455	-0.2010	-0.0280	-0.0489	-0.0720	
1.8310	-12.1145	-1.7979	0.8585	-0.3122	-0.7580	0.5290	0.7768	-0.2865	-0.1846	-0.0297	-0.0481	-0.0737	
1.8768	-12.1547	-1.8790	0.8398	-0.3170	-0.7628	0.5474	0.7531	-0.3235	-0.1682	-0.0307	-0.0474	-0.0743	
1.9236	-12.2195	-1.9453	0.8252	-0.3339	-0.7622	0.5655	0.7220	-0.3673	-0.1525	-0.0327	-0.0466	-0.0757	
1.9972	-12.2808	-2.0307	0.8219	-0.3492	-0.7643	0.5757	0.7045	-0.3937	-0.1356	-0.0329	-0.0460	-0.0745	
2.0833	-12.3205	-2.1469	0.8235	-0.3518	-0.7823	0.5881	0.6810	-0.4211	-0.1164	-0.0332	-0.0456	-0.0742	
2.1745	-12.3692	-2.2666	0.8303	-0.3585	-0.8015	0.5967	0.6541	-0.4539	-0.1022	-0.0345	-0.0448	-0.0740	
2.2296	-12.4637	-2.3334	0.8205	-0.3864	-0.7948	0.6025	0.6290	-0.4843	-0.0848	-0.0354	-0.0444	-0.0734	
2.2891	-12.5797	-2.4682	0.8108	-0.4215	-0.8191	0.6107	0.6007	-0.5119	-0.0659	-0.0360	-0.0440	-0.0732	
2.3684	-12.6075	-2.6020	0.8137	-0.4160	-0.8398	0.6122	0.5711	-0.5446	-0.0528	-0.0377	-0.0433	-0.0729	
2.4759	-12.6927	-2.6955	0.8248	-0.4342	-0.8431	0.6173	0.5461	-0.5659	-0.0436	-0.0380	-0.0421	-0.0721	
2.5155	-12.7791	-2.8142	0.8092	-0.4523	-0.8577	0.6213	0.5121	-0.5924	-0.0352	-0.0390	-0.0407	-0.0722	
2.5792	-12.8477	-2.8488	0.8049	-0.4619	-0.8379	0.6222	0.4783	-0.6195	-0.0237	-0.0400	-0.0399	-0.0720	
2.6637	-12.9350	-2.9115	0.8090	-0.4783	-0.8287	0.6180	0.4459	-0.6476	-0.0074	-0.0413	-0.0399	-0.0713	
2.7590	-12.9705	-2.9260	0.8164	-0.4737	-0.8032	0.6162	0.4093	-0.6730	0.0040	-0.0424	-0.0393	-0.0711	
2.7711	-13.0193	-2.9957	0.7935	-0.4748	-0.7986	0.6122	0.3751	-0.6962	0.0175	-0.0432	-0.0388	-0.0707	
2.8380	-13.1075	-3.0516	0.7910	-0.4901	-0.7897	0.6042	0.3336	-0.7225	0.0342	-0.0448	-0.0388	-0.0706	
2.8865	-13.1483	-3.1075	0.7825	-0.4874	-0.7804	0.5953	0.2989	-0.7442	0.0524	-0.0455	-0.0390	-0.0700	
2.9558	-13.2027	-3.2059	0.7810	-0.4895	-0.7860	0.5858	0.2641	-0.7643	0.0607	-0.0467	-0.0383	-0.0693	
3.0426	-13.2449	-3.2618	0.7850	-0.4872	-0.7776	0.5748	0.2239	-0.7831	0.0790	-0.0476	-0.0386	-0.0691	
3.1256	-13.3207	-3.3283	0.7870	-0.4957	-0.7728	0.5642	0.1928	-0.7979	0.0937	-0.0480	-0.0386	-0.0682	
3.1998	-13.3840	-3.4170	0.7862	-0.4998	-0.7752	0.5525	0.1594	-0.8114	0.1079	-0.0484	-0.0385	-0.0675	
3.2347	-13.4249	-3.5259	0.7741	-0.4972	-0.7838	0.5364	0.1188	-0.8258	0.1270	-0.0493	-0.0389	-0.0672	
3.3100	-13.4985	-3.6113	0.7739	-0.5039	-0.7850	0.5234	0.0861	-0.8354	0.1466	-0.0493	-0.0393	-0.0666	
3.3950	-13.5551	-3.6697	0.7763	-0.5053	-0.7786	0.5094	0.0489	-0.8437	0.1632	-0.0496	-0.0394	-0.0663	
3.4826	-13.6092	-3.7381	0.7797	-0.5057	-0.7750	0.4924	0.0156	-0.8513	0.1820	-0.0497	-0.0400	-0.0656	
3.5841	-13.6291	-3.8449	0.7873	-0.4962	-0.7825	0.4759	-0.0196	-0.8564	0.2003	-0.0498	-0.0403	-0.0653	
3.6295	-13.6809	-3.9485	0.7788	-0.4963	-0.7885	0.4512	-0.0555	-0.8629	0.2213	-0.0502	-0.0413	-0.0647	
3.6985	-13.7275	-4.0398	0.7770	-0.4948	-0.7914	0.4323	-0.0896	-0.8649	0.2398	-0.0501	-0.0418	-0.0643	
3.7296	-13.7599	-4.1383	0.7650	-0.4899	-0.7959	0.4060	-0.1306	-0.8657	0.2614	-0.0506	-0.0427	-0.0642	
3.8024	-13.7955	-4.2433	0.7648	-0.4857	-0.8023	0.3872	-0.1630	-0.8641	0.2783	-0.0504	-0.0429	-0.0638	
3.8741	-13.8179	-4.3152	0.7643	-0.4779	-0.8000	0.3642	-0.1948	-0.8607	0.2986	-0.0500	-0.0437	-0.0635	
3.9360	-13.8308	-4.4229	0.7617	-0.4683	-0.8069	0.3407	-0.2274	-0.8549	0.3189	-0.0496	-0.0442	-0.0634	
4.0280	-13.9042	-4.5134	0.7662	-0.4743	-0.8094	0.3204	-0.2584	-0.8465	0.3386	-0.0491	-0.0446	-0.0633	
4.0934	-13.9729	-4.6069	0.7640	-0.4790	-0.8127	0.2993	-0.2887	-0.8366	0.3575	-0.0487	-0.0449	-0.0633	
4.1562	-14.0289	-4.7033	0.7611	-0.4803	-0.8165	0.2774	-0.3180	-0.8269	0.3728	-0.0484	-0.0451	-0.0630	
4.2129	-14.0689	-4.7975	0.7576	-0.4779	-0.8198	0.2575	-0.3455	-0.8133	0.3919	-0.0476	-0.0452	-0.0631	
4.2817	-14.1239	-4.8631	0.7566	-0.4792	-0.8164	0.2386	-0.3757	-0.7973	0.4083	-0.0472	-0.0451	-0.0633	
4.3359	-14.1943	-4.9477	0.7523	-0.4840	-0.8175	0.2175	-0.4028	-0.7806	0.4262	-0.0465	-0.0452	-0.0635	
4.4113	-14.2510	-5.0191	0.7531	-0.4855	-0.8155	0.1972	-0.4317	-0.7606	0.4434	-0.0460	-0.0452	-0.0639	
4.5014	-14.2982	-5.0992	0.7576	-0.4851	-0.8155	0.1791	-0.4597	-0.7383	0.4603	-0.0455	-0.0448	-0.0644	
4.5940	-14.3675	-5.1911	0.7627	-0.4895	-0.8181	0.1653	-0.4812	-0.7195	0.4740	-0.0448	-0.0440	-0.0644	
4.7038	-14.4254	-5.2680	0.7708	-0.4914	-0.8170	0.1454	-0.5117	-0.6914	0.4887	-0.0447	-0.0436	-0.0651	
4.7939	-14.4827	-5.3295	0.7750	-0.4932	-0.8130	0.1327	-0.5344	-0.6674	0.5023	-0.0442	-0.0427	-0.0654	
4.8742	-14.5424	-5.3953	0.7763	-0.4952	-0.8102	0.1165	-0.5540	-0.6467	0.5123	-0.0437	-0.0422	-0.0652	
4.9695	-14.6062	-5.4799	0.7808	-0.4982	-0.8110	0.0966	-0.5790	-0.6167	0.5245	-0.0435	-0.0418	-0.0658	
5.0384	-14.6670	-5.5510	0.7792	-0.5005	-0.8090	0.0792	-0.6043	-0.5871	0.5329	-0.0436	-0.0413	-0.0660	
5.1420	-14.7397	-5.6544	0.7852	-0.5052	-0.8134	0.0622	-0.6282	-0.5556	0.5412	-0.0438	-0.0406	-0.0663	
5.2321	-14.7967	-5.7443	0.7878	-0.5067	-0.8148	0.0441	-0.6541	-0.5207	0.5467	-0.0443	-0.0400	-0.0666	
5.3019	-14.8754	-5.8008	0.7862	-0.5123	-0.8098	0.0282	-0.6770	-0.4872	0.5511	-0.0445	-0.0394	-0.0667	
5.3821	-14.9259	-5.8629	0.7861	-0.5120	-0.8062	0.0124	-0.6967	-0.4559	0.5541	-0.0449	-0.0394	-0.0670	
5.4448	-14.9733	-5.9166	0.7833	-0.5114	-0.8010	0.0012	0.7160	0.4248	-0.5545	-0.0452	-0.0388	-0.0667	
5.5074	-15.0326	-6.0086	0.7803	-0.5131	-0.8031	0.0165	0.7362	0.3906	-0.5527	-0.0457	-0.0382	-0.0665	
5.5646	-15.0841	-6.0886	0.7764	-0.5133	-0.8029	0.0304	0.7545	0.3587	-0.5493	-0.0461	-0.0377	-0.0661	
5.6386	-15.1790	-6.1758	0.7755	-0.5212	-0.8042	0.0475	0.7715	0.3264	-0.5444	-0.0465	-0.0377	-0.0655	
5.6908	-15.2338	-6.2341	0.7709	-0.5218	-0.8000	0.0605	0.7875	0.2920	-0.5398	-0.0469	-0.0371	-0.0652	
5.7547	-15.2966	-6.2957	0.7681	-0.5236	-0.7964	0.0772	0.8046	0.2544	-0.5310	-0.0476	-0.0371	-0.0648	
5.8074	-15.3482	-6.3659	0.7638	-0.5236	-0.7947	0.0888	0.8176	0.2246	-0.5237	-0.0478	-0.0367	-0.0641	
5.8740	-15.4048	-6.4331	0.7619	-0.5243	-0.7925	0.1046	0.8298	0.1910	-0.5143	-0.0481	-0.0366	-0.0636	
5.9398	-15.4629	-6.5048	0.7598	-0.5251	-0.7915	0.1244	0.8393	0.1555	-0.5061	-0.0481	-0.0368	-0.0635	
5.9943	-15.5128	-6.5886	0.7560	-0.5246	-0.7925	0.1392	0.8477	0.1248	-0.4972	-0.0481	-0.0366	-0.0629	
6.0560	-15.5628	-6.6598	0.7531	-0.5239	-0.7915	0.1586	0.8566	0.0926	-0.4826	-0.0481	-0.0372	-0.0624	
6.0953	-15.6104	-6.7414	0.7466	-0.5229	-0.7922	0.1774	0.8646	0.0578	-0.4668	-0.0482	-0.0377	-0.0619	
6.1678	-15.6635	-6.8063	0.7457	-0.5227	-0.7904	0.2005	0.8688	0.0256	-0.4525	-0.0478	-0.0384	-0.0617	
6.2201	-15.7039	-6.8843	0.7419	-0.5207	-0.7905	0.2175	0.8714	-0.0065	-0.4403	-0.0476	-0.0384	-0.0614	
6.2818	-15.7628	-6.9634	0.7396	-0.5216	-0.7909	0.2346	0.8749	-0.0327	-0.4238	-0.0473	-0.0390	-0.0606	
6.3419	-15.8232	-7.0389	0.7371	-0.5227	-0.7906	0.2533	0.8751	-0.0677	-0.4068	-0.0473	-0.0394	-0.0604	
6.4099	-15.8761	-7.1357	0.7359	-0.5226	-0.7939	0.2743	0.8746	-0.0978	-0.3884	-0.0468	-0.0400	-0.0601	
6.4822	-15.9411	-7.2179	0.7354	-0.5244	-0.7949	0.2961	0.8702	-0.1314	-0.3715	-0.0465	-0.0405	-0.0602	
6.5486	-15.9924	-7.3155	0.7341	-0.5242	-0.7982	0.3150	0.8655	-0.1614	-0.3552	-0.0460	-0.0407	-0.0601	
6.6193	-16.0322	-7.4013	0.7336	-0.5221	-0.7996	0.3345	0.8586	-0.1923	-0.3380	-0.0456	-0.0409	-0.0602	
6.6722	-16.0784	-7.4932	0.7303	-0.5211	-0.8018	0.3529	0.8505	-0.2244	-0.3194	-0.0453	-0.0412	-0.0603	
6.7462	-16.1353	-7.5667	0.7303	-0.5216	-0.8014	0.3753	0.8393	-0.2552	-0.2996	-0.0447	-0.0417	-0.0605	
6.8188	-16.1917	-7.6496	0.7302	-0.5223	-0.8022	0.3929	0.8267	-0.2869	-0.2829	-0.0444	-0.0416	-0.0607	
6.8995	-16.2569	-7.7332	0.7313	-0.5242	-0.8031	0.4115	0.8100	-0.3223	-0.2654	-0.0443	-0.0415	-0.0613	
6.9888	-16.3273	-7.8060	0.7335	-0.5267	-0.8022	0.4280	0.7934	-0.3554	-0.2469	-0.0442	-0.0416	-0.0615	
7.0457	-16.3642	-7.8935	0.7313	-0.5246	-0.8036	0.4438	0.7763	-0.3831	-0.2330	-0.0437	-0.0411	-0.0619	
7.1268	-16.4277	-7.9768	0.7324	-0.5262	-0.8045	0.4610	0.7558	-0.4127	-0.2143	-0.0434	-0.0410	-0.0623	
7.2064	-16.4957	-8.0508	0.7333	-0.5284	-0.8038	0.4759	0.7339	-0.4433	-0.1960	-0.0433	-0.0409	-0.0626	
7.2958	-16.5571	-8.1524	0.7355	-0.5296	-0.8071	0.4899	0.7114	-0.4723	-0.1754	-0.0432	-0.0408	-0.0629	
7.3622	-16.6046	-8.2407	0.7346	-0.5289	-0.8084	0.5032	0.6862	-0.5011	-0.1574	-0.0431	-0.0405	-0.0634	
7.4336	-16.6517	-8.3269	0.7343	-0.5282	-0.8092	0.5140	0.6616	-0.5274	-0.1423	-0.0430	-0.0399	-0.0636	
7.4943	-16.6906	-8.3987	0.7326	-0.5264	-0.8080	0.5226	0.6329	-0.5572	-0.1255	-0.0433	-0.0394	-0.0640	
7.5575	-16.7457	-8.4708	0.7313	-0.5267	-0.8069	0.5292	0.6031	-0.5868	-0.1078	-0.0437	-0.0390	-0.0642	
7.6415	-16.7870	-8.5514	0.7328	-0.5254	-0.8069	0.5365	0.5717	-0.6137	-0.0929	-0.0440	-0.0383	-0.0646	
7.7160	-16.8359	-8.6240	0.7330	-0.5250	-0.8058	0.5427	0.5389	-0.6396	-0.0768	-0.0443	-0.0377	-0.0649	
7.7820	-16.8887	-8.6948	0.7319	-0.5250	-0.8045	0.5442	0.5059	-0.6665	-0.0587	-0.0449	-0.0374	-0.0650	
7.8568	-16.9467	-8.7746	0.7322	-0.5258	-0.8044	0.5477	0.4730	-0.6888	-0.0446	-0.0452	-0.0367	-0.0651	
7.9337	-17.0012	-8.8697	0.7326	-0.5261	-0.8062	0.5486	0.4396	-0.7107	-0.0275	-0.0457	-0.0363	-0.0651	
8.0104	-17.0565	-8.9537	0.7331	-0.5265	-0.8066	0.5492	0.4051	-0.7309	-0.0096	-0.0460	-0.0360	-0.0651	
8.0767	-17.1203	-9.0100	0.7321	-0.5279	-0.8036	0.5494	0.3632	-0.7521	0.0076	-0.0466	-0.0356	-0.0655	
8.1398	-17.1744	-9.0949	0.7308	-0.5281	-0.8041	0.5467	0.3266	-0.7706	0.0251	-0.0470	-0.0353	-0.0655	
8.2070	-17.2344	-9.1689	0.7300	-0.5290	-0.8033	0.5430	0.2883	-0.7873	0.0440	-0.0474	-0.0352	-0.0655	
8.2692	-17.2916	-9.2459	0.7286	-0.5294	-0.8029	0.5368	0.2526	-0.8029	0.0606	-0.0478	-0.0350	-0.0653	
8.3290	-17.3513	-9.3295	0.7269	-0.5302	-0.8032	0.5282	0.2189	-0.8169	0.0781	-0.0481	-0.0350	-0.0648	
8.4097	-17.4066	-9.4012	0.7278	-0.5304	-0.8021	0.5194	0.1832	-0.8292	0.0960	-0.0484	-0.0351	-0.0645	
8.4809	-17.4671	-9.4707	0.7275	-0.5311	-0.8007	0.5091	0.1480	-0.8403	0.1141	-0.0487	-0.0353	-0.0641	
8.5591	-17.5212	-9.5410	0.7281	-0.5310	-0.7995	0.4973	0.1146	-0.8496	0.1345	-0.0487	-0.0358	-0.0637	
8.6283	-17.5884	-9.6142	0.7276	-0.5325	-0.7987	0.4830	0.0784	-0.8583	0.1548	-0.0490	-0.0363	-0.0633	
8.6950	-17.6354	-9.6940	0.7268	-0.5317	-0.7986	0.4703	0.0474	-0.8652	0.1695	-0.0490	-0.0363	-0.0627	
8.7670	-17.6752	-9.7596	0.7266	-0.5299	-0.7970	0.4550	0.0073	-0.8697	0.1905	-0.0493	-0.0368	-0.0627	
8.8340	-17.7216	-9.8441	0.7259	-0.5290	-0.7976	0.4373	-0.0319	-0.8732	0.2123	-0.0495	-0.0374	-0.0626	
8.9044	-17.7609	-9.9256	0.7257	-0.5272	-0.7979	0.4198	-0.0713	-0.8730	0.2372	-0.0494	-0.0381	-0.0628	
8.9695	-17.8116	-10.0076	0.7248	-0.5268	-0.7982	0.4039	-0.1073	-0.8717	0.2561	-0.0494	-0.0383	-0.0627	
9.0486	-17.8592	-10.0907	0.7256	-0.5261	-0.7986	0.3874	-0.1426	-0.8681	0.2760	-0.0493	-0.0386	-0.0627	
9.1138	-17.9025	-10.1748	0.7248	-0.5249	-0.7991	0.3672	-0.1762	-0.8638	0.2971	-0.0490	-0.0393	-0.0626	
9.1937	-17.9575	-10.2473	0.7257	-0.5250	-0.7984	0.3498	-0.2088	-0.8559	0.3191	-0.0485	-0.0397	-0.0628	
9.2732	-18.0014	-10.3407	0.7266	-0.5239	-0.8000	0.3341	-0.2417	-0.8461	0.3382	-0.0481	-0.0397	-0.0629	
9.3533	-18.0413	-10.4257	0.7275	-0.5224	-0.8006	0.3126	-0.2766	-0.8340	0.3607	-0.0477	-0.0402	-0.0633	
9.4342	-18.0910	-10.5105	0.7286	-0.5220	-0.8013	0.2941	-0.3069	-0.8205	0.3827	-0.0471	-0.0405	-0.0636	
9.5118	-18.1404	-10.5999	0.7292	-0.5216	-0.8024	0.2760	-0.3359	-0.8063	0.4016	-0.0465	-0.0406	-0.0638	
9.5859	-18.1942	-10.6880	0.7294	-0.5217	-0.8033	0.2551	-0.3670	-0.7901	0.4198	-0.0462	-0.0408	-0.0640	
9.6517	-18.2429	-10.7722	0.7288	-0.5213	-0.8038	0.2385	-0.3972	-0.7713	0.4367	-0.0458	-0.0405	-0.0644	
9.7283	-18.3058	-10.8586	0.7292	-0.5223	-0.8045	0.2200	-0.4226	-0.7557	0.4503	-0.0455	-0.0405	-0.0642	
9.8003	-18.3591	-10.9399	0.7292	-0.5225	-0.8047	0.2026	-0.4543	-0.7322	0.4652	-0.0454	-0.0402	-0.0646	
9.8717	-18.4134	-11.0217	0.7292	-0.5227	-0.8048	0.1869	-0.4838	-0.7073	0.4805	-0.0451	-0.0396	-0.0652	
9.9435	-18.4637	-11.0930	0.7291	-0.5225	-0.8039	0.1687	-0.5165	-0.6792	0.4931	-0.0453	-0.0392	-0.0657	
10.0198	-18.5281	-11.1676	0.7295	-0.5237	-0.8033	0.1508	-0.5453	-0.6516	0.5053	-0.0453	-0.0389	-0.0661	
10.0923	-18.5756	-11.2447	0.7295	-0.5232	-0.8030	0.1318	-0.5716	-0.6253	0.5148	-0.0452	-0.0387	-0.0662	
10.1787	-18.6328	-11.3318	0.7310	-0.5238	-0.8037	0.1147	-0.5989	-0.5946	0.5241	-0.0454	-0.0381	-0.0666	
10.2495	-18.6874	-11.4192	0.7308	-0.5240	-0.8044	0.0986	-0.6260	-0.5629	0.5307	-0.0457	-0.0374	-0.0668	
10.3219	-18.7415	-11.4937	0.7308	-0.5242	-0.8038	0.0814	-0.6515	-0.5285	0.5380	-0.0459	-0.0369	-0.0672	
10.4011	-18.7980	-11.5698	0.7314	-0.5247	-0.8033	0.0678	-0.6722	-0.5012	0.5414	-0.0460	-0.0362	-0.0669	
10.4792	-18.8508	-11.6387	0.7319	-0.5247	-0.8022	0.0528	-0.6924	-0.4729	0.5429	-0.0462	-0.0357	-0.0665	
10.5511	-18.9076	-11.7034	0.7318	-0.5251	-0.8006	0.0363	-0.7140	-0.4393	0.5441	-0.0465	-0.0353	-0.0665	
10.6137	-18.9793	-11.7735	0.7308	-0.5270	-0.7997	0.0227	-0.7339	-0.4103	0.5416	-0.0466	-0.0353	-0.0672	
10.6759	-19.0471	-11.8532	0.7296	-0.5284	-0.7997	0.0029	-0.7530	-0.3745	0.5410	-0.0469	-0.0351	-0.0672	
10.7394	-19.0960	-11.9306	0.7288	-0.5281	-0.7995	0.0176	0.7713	0.3377	-0.5392	-0.0470	-0.0346	-0.0674	
10.7892	-19.1741	-11.9975	0.7266	-0.5305	-0.7984	0.0363	0.7882	0.3039	-0.5342	-0.0469	-0.0344	-0.0679	
10.8444	-19.2401	-12.0739	0.7250	-0.5317	-0.7981	0.0572	0.8042	0.2678	-0.5276	-0.0467	-0.0341	-0.0683	
10.9032	-19.3111	-12.1369	0.7237	-0.5333	-0.7967	0.0760	0.8189	0.2313	-0.5198	-0.0465	-0.0342	-0.0686	
10.9569	-19.3702	-12.2059	0.7220	-0.5338	-0.7958	0.0978	0.8318	0.1944	-0.5107	-0.0461	-0.0342	-0.0690	
11.0183	-19.4270	-12.2747	0.7210	-0.5341	-0.7949	0.1190	0.8411	0.1607	-0.5029	-0.0459	-0.0340	-0.0695	
11.0733	-19.4929	-12.3321	0.7195	-0.5352	-0.7930	0.1409	0.8502	0.1267	-0.4915	-0.0454	-0.0342	-0.0699	
11.1383	-19.5494	-12.4063	0.7189	-0.5354	-0.7926	0.1640	0.8567	0.0911	-0.4807	-0.0450	-0.0342	-0.0702	
11.1930	-19.6099	-12.4770	0.7173	-0.5360	-0.7919	0.1866	0.8610	0.0550	-0.4702	-0.0448	-0.0341	-0.0704	
11.2499	-19.6623	-12.5435	0.7160	-0.5358	-0.7909	0.2104	0.8651	0.0194	-0.4550	-0.0442	-0.0345	-0.0706	
11.3010	-19.7151	-12.6153	0.7142	-0.5357	-0.7904	0.2335	0.8663	-0.0168	-0.4413	-0.0438	-0.0346	-0.0707	
11.3675	-19.7742	-12.6961	0.7138	-0.5361	-0.7907	0.2599	0.8651	-0.0524	-0.4258	-0.0432	-0.0347	-0.0710	
11.4340	-19.8368	-12.7779	0.7134	-0.5369	-0.7910	0.2827	0.8630	-0.0879	-0.4095	-0.0429	-0.0350	-0.0711	
11.4828	-19.8933	-12.8527	0.7114	-0.5370	-0.7908	0.3084	0.8598	-0.1210	-0.3888	-0.0421	-0.0355	-0.0712	
11.5353	-19.9548	-12.9236	0.7098	-0.5377	-0.7903	0.3346	0.8536	-0.1532	-0.3688	-0.0413	-0.0358	-0.0713	
11.5918	-20.0112	-13.0020	0.7085	-0.5379	-0.7903	0.3576	0.8454	-0.1859	-0.3508	-0.0409	-0.0360	-0.0713	
11.6553	-20.0648	-13.0708	0.7079	-0.5378	-0.7895	0.3802	0.8353	-0.2171	-0.3328	-0.0404	-0.0360	-0.0713	
11.7227	-20.1203	-13.1544	0.7076	-0.5379	-0.7900	0.4014	0.8254	-0.2476	-0.3109	-0.0399	-0.0365	-0.0711	
11.7914	-20.1788	-13.2397	0.7074	-0.5383	-0.7907	0.4261	0.8103	-0.2764	-0.2926	-0.0393	-0.0363	-0.0714	
11.8619	-20.2240	-13.3152	0.7074	-0.5375	-0.7905	0.4512	0.7933	-0.3044	-0.2731	-0.0386	-0.0363	-0.0717	
11.9302	-20.2711	-13.3910	0.7073	-0.5369	-0.7903	0.4716	0.7762	-0.3320	-0.2553	-0.0381	-0.0361	-0.0716	
11.9983	-20.3352	-13.4776	0.7071	-0.5379	-0.7910	0.4954	0.7537	-0.3589	-0.2407	-0.0377	-0.0356	-0.0721	
12.0770	-20.3936	-13.5547	0.7078	-0.5382	-0.7909	0.5135	0.7330	-0.3875	-0.2215	-0.0376	-0.0355	-0.0721	
12.1511	-20.4475	-13.6366	0.7081	-0.5383	-0.7912	0.5320	0.7094	-0.4145	-0.2051	-0.0374	-0.0351	-0.0723	
12.2270	-20.5069	-13.7143	0.7085	-0.5387	-0.7910	0.5485	0.6843	-0.4411	-0.1916	-0.0374	-0.0345	-0.0724	
12.3099	-20.5688	-13.7930	0.7095	-0.5394	-0.7910	0.5638	0.6544	-0.4719	-0.1756	-0.0378	-0.0341	-0.0729	
12.3884	-20.6159	-13.8742	0.7102	-0.5389	-0.7912	0.5772	0.6288	-0.4970	-0.1574	-0.0378	-0.0339	-0.0728	
12.4629	-20.6717	-13.9436	0.7105	-0.5390	-0.7904	0.5869	0.5990	-0.5258	-0.1422	-0.0383	-0.0335	-0.0729	
12.5449	-20.7245	-14.0211	0.7114	-0.5389	-0.7902	0.5965	0.5707	-0.5506	-0.1248	-0.0385	-0.0333	-0.0727	
12.6160	-20.7825	-14.1057	0.7114	-0.5393	-0.7907	0.6053	0.5392	-0.5757	-0.1070	-0.0388	-0.0330	-0.0728	
12.6876	-20.8424	-14.1781	0.7114	-0.5397	-0.7901	0.6105	0.5103	-0.5990	-0.0926	-0.0391	-0.0326	-0.0724	
12.7541	-20.8972	-14.2518	0.7110	-0.5398	-0.7896	0.6128	0.4782	-0.6248	-0.0737	-0.0397	-0.0326	-0.0722	
12.8254	-20.9466	-14.3198	0.7111	-0.5394	-0.7887	0.6150	0.4503	-0.6451	-0.0587	-0.0398	-0.0323	-0.0716	
12.8994	-20.9946	-14.3959	0.7113	-0.5390	-0.7884	0.6148	0.4180	-0.6677	-0.0399	-0.0404	-0.0323	-0.0713	
12.9770	-21.0426	-14.4711	0.7118	-0.5385	-0.7881	0.6133	0.3837	-0.6901	-0.0214	-0.0410	-0.0323	-0.0710	
13.0448	-21.0893	-14.5478	0.7116	-0.5379	-0.7879	0.6091	0.3549	-0.7097	-0.0067	-0.0414	-0.0322	-0.0703	
13.1233	-21.1473	-14.6293	0.7122	-0.5382	-0.7880	0.6043	0.3213	-0.7292	0.0082	-0.0421	-0.0320	-0.0698	
13.1994	-21.2022	-14.7172	0.7126	-0.5383	-0.7887	0.5989	0.2934	-0.7453	0.0246	-0.0423	-0.0320	-0.0690	
13.2646	-21.2664	-14.7906	0.7121	-0.5391	-0.7883	0.5914	0.2573	-0.7632	0.0411	-0.0430	-0.0320	-0.0687	
13.3344	-21.3209	-14.8678	0.7120	-0.5392	-0.7881	0.5821	0.2303	-0.7782	0.0590	-0.0431	-0.0323	-0.0678	
13.4032	-21.3646	-14.9435	0.7119	-0.5384	-0.7878	0.5715	0.1929	-0.7935	0.0800	-0.0437	-0.0328	-0.0675	
13.4772	-21.4124	-15.0193	0.7121	-0.5379	-0.7875	0.5609	0.1543	-0.8071	0.1003	-0.0443	-0.0331	-0.0674	
13.5390	-21.4608	-15.1042	0.7114	-0.5375	-0.7880	0.5462	0.1181	-0.8204	0.1212	-0.0449	-0.0337	-0.0670	
13.6019	-21.5120	-15.1821	0.7108	-0.5373	-0.7879	0.5312	0.0826	-0.8315	0.1406	-0.0453	-0.0342	-0.0666	
13.6739	-21.5589	-15.2607	0.7109	-0.5368	-0.7879	0.5164	0.0435	-0.8391	0.1646	-0.0456	-0.0349	-0.0665	
13.7414	-21.6141	-15.3424	0.7106	-0.5369	-0.7881	0.5012	0.0104	-0.8449	0.1874	-0.0456	-0.0355	-0.0662	
13.8011	-21.6624	-15.4215	0.7098	-0.5365	-0.7881	0.4844	-0.0299	-0.8487	0.2096	-0.0459	-0.0361	-0.0662	
13.8700	-21.7194	-15.5012	0.7096	-0.5367	-0.7881	0.4699	-0.0625	-0.8501	0.2303	-0.0457	-0.0364	-0.0660	
13.9370	-21.7714	-15.5819	0.7094	-0.5366	-0.7883	0.4531	-0.0924	-0.8518	0.2477	-0.0456	-0.0368	-0.0654	
14.0053	-21.8227	-15.6623	0.7092	-0.5364	-0.7884	0.4347	-0.1247	-0.8517	0.2655	-0.0456	-0.0372	-0.0650	
14.0753	-21.8787	-15.7433	0.7092	-0.5366	-0.7885	0.4167	-0.1553	-0.8498	0.2840	-0.0453	-0.0376	-0.0647	
14.1365	-21.9279	-15.8174	0.7085	-0.5363	-0.7882	0.3957	-0.1877	-0.8459	0.3049	-0.0451	-0.0383	-0.0646	
14.2092	-21.9834	-15.8961	0.7086	-0.5364	-0.7882	0.3757	-0.2204	-0.8394	0.3254	-0.0448	-0.0388	-0.0646	
14.2702	-22.0344	-15.9783	0.7079	-0.5362	-0.7884	0.3543	-0.2524	-0.8303	0.3485	-0.0444	-0.0394	-0.0647	
14.3446	-22.0786	-16.0630	0.7082	-0.5356	-0.7888	0.3341	-0.2806	-0.8212	0.3685	-0.0438	-0.0398	-0.0647	
14.4257	-22.1326	-16.1468	0.7090	-0.5356	-0.7892	0.3158	-0.3134	-0.8065	0.3894	-0.0434	-0.0398	-0.0651	
14.4923	-22.1786	-16.2345	0.7087	-0.5351	-0.7898	0.2951	-0.3438	-0.7918	0.4098	-0.0429	-0.0401	-0.0654	
14.5650	-22.2319	-16.3187	0.7089	-0.5351	-0.7902	0.2763	-0.3687	-0.7778	0.4284	-0.0422	-0.0401	-0.0655	
14.6402	-22.2855	-16.4010	0.7092	-0.5351	-0.7904	0.2586	-0.3937	-0.7622	0.4449	-0.0417	-0.0400	-0.0655	
14.7116	-22.3404	-16.4819	0.7092	-0.5352	-0.7906	0.2414	-0.4195	-0.7454	0.4591	-0.0413	-0.0397	-0.0655	
14.7861	-22.3935	-16.5615	0.7095	-0.5352	-0.7906	0.2230	-0.4483	-0.7240	0.4746	-0.0411	-0.0394	-0.0658	
14.8584	-22.4537	-16.6430	0.7096	-0.5357	-0.7908	0.2073	-0.4757	-0.7026	0.4873	-0.0410	-0.0389	-0.0660	
14.9281	-22.5063	-16.7216	0.7096	-0.5356	-0.7908	0.1903	-0.4988	-0.6814	0.5013	-0.0405	-0.0385	-0.0661	
14.9983	-22.5582	-16.8031	0.7095	-0.5355	-0.7909	0.1735	-0.5249	-0.6565	0.5134	-0.0404	-0.0380	-0.0664	
15.0717	-22.6154	-16.8761	0.7097	-0.5358	-0.7905	0.1620	-0.5464	-0.6348	0.5227	-0.0402	-0.0371	-0.0663	
15.1545	-22.6768	-16.9577	0.7105	-0.5363	-0.7907	0.1431	-0.5723	-0.6065	0.5330	-0.0402	-0.0367	-0.0666	
15.2274	-22.7260	-17.0381	0.7107	-0.5360	-0.7908	0.1247	-0.5961	-0.5792	0.5421	-0.0402	-0.0364	-0.0668	
15.2989	-22.7851	-17.1107	0.7107	-0.5364	-0.7903	0.1110	-0.6156	-0.5555	0.5487	-0.0401	-0.0357	-0.0665	
15.3700	-22.8351	-17.1819	0.7107	-0.5362	-0.7898	0.0905	-0.6409	-0.5248	0.5528	-0.0404	-0.0356	-0.0666	
15.4480	-22.8861	-17.2605	0.7112	-0.5360	-0.7898	0.0693	-0.6631	-0.4955	0.5568	-0.0406	-0.0356	-0.0666	
15.5227	-22.9392	-17.3337	0.7114	-0.5360	-0.7894	0.0550	-0.6841	-0.4684	0.5570	-0.0410	-0.0351	-0.0662	
15.5894	-22.9951	-17.4054	0.7111	-0.5361	-0.7889	0.0366	-0.7071	-0.4354	0.5559	-0.0416	-0.0349	-0.0660	
15.6515	-23.0594	-17.4699	0.7105	-0.5368	-0.7879	0.0188	-0.7294	-0.4027	0.5527	-0.0413	-0.0346	-0.0665	
15.7168	-23.1109	-17.5512	0.7101	-0.5367	-0.7881	-0.0010	0.7462	0.3748	-0.5507	-0.0415	-0.0345	-0.0660	
15.7844	-23.1673	-17.6331	0.7099	-0.5369	-0.7883	0.0157	0.7647	0.3395	-0.5474	-0.0422	-0.0341	-0.0659	
15.8533	-23.2175	-17.7044	0.7097	-0.5366	-0.7878	0.0325	0.7816	0.3082	-0.5416	-0.0426	-0.0340	-0.0654	
15.9278	-23.2694	-17.7820	0.7100	-0.5365	-0.7877	0.0508	0.7971	0.2797	-0.5333	-0.0430	-0.0342	-0.0647	
15.9994	-23.3358	-17.8581	0.7100	-0.5373	-0.7876	0.0732	0.8115	0.2450	-0.5254	-0.0433	-0.0346	-0.0644	
16.0739	-23.3927	-17.9393	0.7102	-0.5375	-0.7877	0.0941	0.8242	0.2101	-0.5174	-0.0436	-0.0347	-0.0642	
16.1450	-23.4441	-18.0206	0.7102	-0.5373	-0.7879	0.1163	0.8368	0.1793	-0.5044	-0.0439	-0.0354	-0.0636	
16.2103	-23.4907	-18.0979	0.7098	-0.5368	-0.7879	0.1386	0.8468	0.1519	-0.4912	-0.0438	-0.0361	-0.0629	
16.2802	-23.5538	-18.1744	0.7097	-0.5374	-0.7877	0.1604	0.8558	0.1163	-0.4778	-0.0441	-0.0366	-0.0627	
16.3538	-23.6077	-18.2460	0.7098	-0.5374	-0.7873	0.1812	0.8621	0.0846	-0.4660	-0.0441	-0.0370	-0.0624	
16.4238	-23.6645	-18.3351	0.7098	-0.5376	-0.7880	0.2054	0.8668	0.0508	-0.4516	-0.0440	-0.0376	-0.0622	
16.4936	-23.7267	-18.4122	0.7097	-0.5381	-0.7879	0.2297	0.8691	0.0143	-0.4377	-0.0440	-0.0381	-0.0623	
16.5680	-23.7916	-18.4953	0.7099	-0.5388	-0.7882	0.2526	0.8704	-0.0174	-0.4225	-0.0438	-0.0387	-0.0621	
16.6352	-23.8433	-18.5763	0.7096	-0.5386	-0.7884	0.2749	0.8700	-0.0503	-0.4064	-0.0436	-0.0392	-0.0620	
16.7080	-23.8962	-18.6585	0.7097	-0.5385	-0.7886	0.2942	0.8687	-0.0875	-0.3886	-0.0440	-0.0395	-0.0619	
16.7817	-23.9548	-18.7426	0.7099	-0.5388	-0.7889	0.3155	0.8634	-0.1206	-0.3751	-0.0437	-0.0396	-0.0620	
16.8560	-24.0072	-18.8269	0.7101	-0.5387	-0.7893	0.3372	0.8570	-0.1557	-0.3571	-0.0436	-0.0400	-0.0621	
16.9304	-24.0626	-18.9039	0.7103	-0.5388	-0.7892	0.3603	0.8478	-0.1901	-0.3393	-0.0433	-0.0404	-0.0624	
17.0014	-24.1180	-18.9804	0.7103	-0.5389	-0.7891	0.3820	0.8375	-0.2210	-0.3225	-0.0428	-0.0407	-0.0626	
17.0744	-24.1709	-19.0635	0.7104	-0.5388	-0.7894	0.4027	0.8238	-0.2571	-0.3047	-0.0427	-0.0408	-0.0631	
17.1477	-24.2269	-19.1475	0.7105	-0.5389	-0.7897	0.4199	0.8094	-0.2915	-0.2891	-0.0427	-0.0406	-0.0634	
17.2205	-24.2881	-19.2265	0.7106	-0.5394	-0.7897	0.4396	0.7921	-0.3230	-0.2740	-0.0423	-0.0404	-0.0638	
17.2997	-24.3389	-19.2985	0.7111	-0.5392	-0.7893	0.4578	0.7733	-0.3563	-0.2557	-0.0422	-0.0404	-0.0642	
17.3730	-24.3861	-19.3812	0.7112	-0.5388	-0.7896	0.4724	0.7563	-0.3853	-0.2383	-0.0420	-0.0402	-0.0642	
17.4423	-24.4423	-19.4557	0.7111	-0.5389	-0.7893	0.4890	0.7336	-0.4173	-0.2201	-0.0419	-0.0401	-0.0647	
17.5154	-24.4938	-19.5380	0.7112	-0.5388	-0.7896	0.5036	0.7103	-0.4471	-0.2051	-0.0418	-0.0396	-0.0652	
17.5793	-24.5505	-19.6144	0.7108	-0.5390	-0.7894	0.5172	0.6854	-0.4762	-0.1900	-0.0416	-0.0391	-0.0656	
17.6501	-24.6087	-19.6882	0.7108	-0.5392	-0.7891	0.5295	0.6589	-0.5061	-0.1710	-0.0417	-0.0390	-0.0659	
17.7298	-24.6625	-19.7750	0.7113	-0.5392	-0.7896	0.5382	0.6338	-0.5339	-0.1543	-0.0419	-0.0386	-0.0660	
17.8021	-24.7167	-19.8570	0.7114	-0.5392	-0.7898	0.5452	0.6073	-0.5611	-0.1391	-0.0422	-0.0380	-0.0660	
17.8780	-24.7672	-19.9404	0.7117	-0.5390	-0.7900	0.5502	0.5787	-0.5892	-0.1233	-0.0426	-0.0375	-0.0660	
17.9494	-24.8218	-20.0244	0.7117	-0.5391	-0.7903	0.5542	0.5468	-0.6182	-0.1075	-0.0433	-0.0370	-0.0662	
18.0244	-24.8757	-20.1071	0.7119	-0.5391	-0.7905	0.5579	0.5146	-0.6447	-0.0903	-0.0438	-0.0366	-0.0663	
18.1000	-24.9326	-20.1890	0.7122	-0.5393	-0.7907	0.5588	0.4849	-0.6691	-0.0714	-0.0442	-0.0365	-0.0661	
18.1765	-24.9866	-20.2690	0.7125	-0.5392	-0.7907	0.5597	0.4528	-0.6921	-0.0509	-0.0445	-0.0365	-0.0660	
18.2480	-25.0396	-20.3453	0.7125	-0.5392	-0.7906	0.5574	0.4190	-0.7159	-0.0335	-0.0452	-0.0363	-0.0658	
18.3241	-25.0955	-20.4251	0.7127	-0.5393	-0.7906	0.5536	0.3806	-0.7403	-0.0105	-0.0460	-0.0366	-0.0659	
18.4014	-25.1524	-20.5046	0.7131	-0.5395	-0.7906	0.5472	0.3490	-0.7609	0.0087	-0.0465	-0.0367	-0.0653	
18.4711	-25.2105	-20.5880	0.7130	-0.5397	-0.7908	0.5432	0.3186	-0.7766	0.0277	-0.0465	-0.0367	-0.0650	
18.5369	-25.2651	-20.6562	0.7127	-0.5397	-0.7902	0.5375	0.2798	-0.7938	0.0482	-0.0469	-0.0368	-0.0650	
18.6083	-25.3160	-20.7290	0.7127	-0.5395	-0.7899	0.5292	0.2446	-0.8096	0.0687	-0.0473	-0.0370	-0.0647	
18.6778	-25.3748	-20.8074	0.7126	-0.5398	-0.7898	0.5197	0.2081	-0.8234	0.0922	-0.0475	-0.0375	-0.0645	
18.7476	-25.4254	-20.8834	0.7125	-0.5396	-0.7897	0.5086	0.1741	-0.8354	0.1154	-0.0476	-0.0380	-0.0642	
18.8212	-25.4731	-20.9640	0.7126	-0.5392	-0.7897	0.4973	0.1395	-0.8462	0.1326	-0.0479	-0.0381	-0.0638	
18.8947	-25.5251	-21.0356	0.7128	-0.5391	-0.7893	0.4827	0.1010	-0.8554	0.1574	-0.0481	-0.0388	-0.0637	
18.9646	-25.5816	-21.1198	0.7127	-0.5392	-0.7896	0.4675	0.0689	-0.8638	0.1762	-0.0483	-0.0392	-0.0631	
19.0409	-25.6289	-21.2059	0.7130	-0.5388	-0.7900	0.4523	0.0334	-0.8687	0.1997	-0.0483	-0.0398	-0.0630	
19.1095	-25.6826	-21.2800	0.7128	-0.5388	-0.7898	0.4357	-0.0044	-0.8718	0.2236	-0.0483	-0.0405	-0.0629	
19.1796	-25.7315	-21.3563	0.7128	-0.5385	-0.7896	0.4208	-0.0410	-0.8727	0.2445	-0.0482	-0.0408	-0.0629	
19.2525	-25.7834	-21.4362	0.7128	-0.5384	-0.7897	0.4064	-0.0737	-0.8714	0.2656	-0.0478	-0.0410	-0.0628	
19.3251	-25.8437	-21.5111	0.7129	-0.5387	-0.7895	0.3916	-0.1077	-0.8686	0.2847	-0.0476	-0.0411	-0.0628	
19.3992	-25.8962	-21.5846	0.7131	-0.5386	-0.7892	0.3742	-0.1431	-0.8636	0.3062	-0.0474	-0.0415	-0.0628	
19.4755	-25.9532	-21.6623	0.7134	-0.5388	-0.7891	0.3556	-0.1771	-0.8576	0.3271	-0.0471	-0.0420	-0.0629	
19.5472	-26.0099	-21.7428	0.7134	-0.5389	-0.7892	0.3388	-0.2094	-0.8490	0.3478	-0.0467	-0.0422	-0.0630	
19.6167	-26.0612	-21.8251	0.7133	-0.5388	-0.7894	0.3190	-0.2423	-0.8392	0.3680	-0.0463	-0.0425	-0.0631	
19.6906	-26.1139	-21.9048	0.7134	-0.5387	-0.7894	0.3011	-0.2691	-0.8307	0.3844	-0.0458	-0.0427	-0.0628	
19.7627	-26.1672	-21.9814	0.7135	-0.5387	-0.7893	0.2844	-0.3000	-0.8163	0.4037	-0.0453	-0.0426	-0.0631	
19.8368	-26.2177	-22.0615	0.7137	-0.5385	-0.7894	0.2655	-0.3279	-0.8025	0.4225	-0.0447	-0.0427	-0.0633	
19.9057	-26.2703	-22.1444	0.7135	-0.5384	-0.7896	0.2484	-0.3568	-0.7853	0.4412	-0.0442	-0.0426	-0.0636	
19.9764	-26.3235	-22.2275	0.7135	-0.5384	-0.7898	0.2305	-0.3859	-0.7676	0.4572	-0.0438	-0.0424	-0.0639	
20.0492	-26.3779	-22.3123	0.7136	-0.5384	-0.7902	0.2110	-0.4197	-0.7442	0.4746	-0.0438	-0.0423	-0.0645	
20.1176	-26.4332	-22.3955	0.7135	-0.5385	-0.7904	0.1953	-0.4465	-0.7248	0.4876	-0.0435	-0.0418	-0.0646	
20.1937	-26.4872	-22.4762	0.7137	-0.5385	-0.7905	0.1803	-0.4752	-0.6994	0.5027	-0.0432	-0.0412	-0.0651	
20.2638	-26.5452	-22.5552	0.7137	-0.5387	-0.7905	0.1646	-0.5036	-0.6738	0.5152	-0.0432	-0.0406	-0.0655	
20.3431	-26.6005	-22.6353	0.7141	-0.5388	-0.7905	0.1496	-0.5310	-0.6476	0.5258	-0.0432	-0.0400	-0.0658	
20.4178	-26.6582	-22.7118	0.7143	-0.5390	-0.7904	0.1351	-0.5553	-0.6231	0.5345	-0.0431	-0.0394	-0.0658	
20.4883	-26.7132	-22.7887	0.7142	-0.5391	-0.7903	0.1209	-0.5812	-0.5947	0.5425	-0.0432	-0.0386	-0.0659	
20.5563	-26.7738	-22.8627	0.7141	-0.5394	-0.7900	0.1078	-0.6059	-0.5640	0.5509	-0.0433	-0.0378	-0.0663	
20.6252	-26.8277	-22.9425	0.7139	-0.5394	-0.7901	0.0903	-0.6308	-0.5350	0.5550	-0.0436	-0.0375	-0.0662	
20.7034	-26.8810	-23.0196	0.7143	-0.5394	-0.7900	0.0726	-0.6609	-0.4965	0.5575	-0.0445	-0.0370	-0.0666	
20.7693	-26.9393	-23.0932	0.7140	-0.5396	-0.7897	0.0567	-0.6850	-0.4629	0.5597	-0.0449	-0.0365	-0.0666	
20.8398	-26.9972	-23.1727	0.7140	-0.5398	-0.7897	0.0407	-0.7060	-0.4348	0.5581	-0.0452	-0.0362	-0.0661	
20.9098	-27.0561	-23.2485	0.7139	-0.5400	-0.7895	0.0217	-0.7278	-0.4033	0.5544	-0.0457	-0.0363	-0.0657	
20.9692	-27.1036	-23.3284	0.7133	-0.5397	-0.7896	0.0006	-0.7482	-0.3693	0.5512	-0.0458	-0.0355	-0.0661	
21.0407	-27.1613	-23.4069	0.7133	-0.5399	-0.7896	0.0160	0.7651	0.3372	-0.5486	-0.0460	-0.0353	-0.0658	
21.1086	-27.2139	-23.4875	0.7131	-0.5398	-0.7896	0.0337	0.7812	0.3070	-0.5430	-0.0462	-0.0353	-0.0652	
21.1826	-27.2644	-23.5639	0.7132	-0.5396	-0.7895	0.0551	0.7969	0.2736	-0.5359	-0.0465	-0.0356	-0.0649	
21.2547	-27.3200	-23.6399	0.7132	-0.5397	-0.7894	0.0699	0.8104	0.2459	-0.5281	-0.0466	-0.0355	-0.0640	
21.3171	-27.3784	-23.7193	0.7128	-0.5399	-0.7894	0.0890	0.8236	0.2129	-0.5185	-0.0469	-0.0358	-0.0636	
21.3827	-27.4342	-23.7931	0.7125	-0.5400	-0.7892	0.1094	0.8353	0.1818	-0.5077	-0.0469	-0.0363	-0.0630	
21.4565	-27.4950	-23.8773	0.7126	-0.5403	-0.7894	0.1305	0.8464	0.1445	-0.4956	-0.0473	-0.0367	-0.0628	
21.5302	-27.5527	-23.9522	0.7127	-0.5405	-0.7892	0.1527	0.8539	0.1115	-0.4852	-0.0471	-0.0371	-0.0626	
21.5966	-27.6077	-24.0266	0.7125	-0.5405	-0.7890	0.1726	0.8618	0.0796	-0.4707	-0.0471	-0.0377	-0.0620	
21.6643	-27.6626	-24.1048	0.7123	-0.5405	-0.7890	0.1957	0.8677	0.0428	-0.4549	-0.0472	-0.0383	-0.0619	
21.7273	-27.7201	-24.1899	0.7119	-0.5407	-0.7893	0.2203	0.8706	0.0084	-0.4400	-0.0469	-0.0390	-0.0619	
21.7942	-27.7725	-24.2682	0.7117	-0.5406	-0.7893	0.2413	0.8726	-0.0252	-0.4242	-0.0468	-0.0395	-0.0616	
21.8704	-27.8249	-24.3449	0.7119	-0.5405	-0.7892	0.2644	0.8722	-0.0597	-0.4073	-0.0465	-0.0401	-0.0616	
21.9420	-27.8748	-24.4255	0.7119	-0.5403	-0.7893	0.2867	0.8705	-0.0876	-0.3913	-0.0459	-0.0407	-0.0614	
22.0114	-27.9273	-24.5056	0.7118	-0.5402	-0.7894	0.3080	0.8660	-0.1171	-0.3770	-0.0453	-0.0409	-0.0613	
22.0805	-27.9805	-24.5792	0.7117	-0.5402	-0.7892	0.3310	0.8601	-0.1467	-0.3599	-0.0446	-0.0414	-0.0614	
22.1526	-28.0384	-24.6573	0.7118	-0.5404	-0.7891	0.3510	0.8530	-0.1767	-0.3441	-0.0441	-0.0416	-0.0614	
22.2215	-28.0966	-24.7382	0.7116	-0.5405	-0.7892	0.3708	0.8450	-0.2056	-0.3265	-0.0435	-0.0420	-0.0613	
22.2872	-28.1476	-24.8151	0.7114	-0.5404	-0.7892	0.3913	0.8328	-0.2378	-0.3113	-0.0431	-0.0419	-0.0617	
22.3638	-28.1962	-24.8981	0.7116	-0.5402	-0.7894	0.4110	0.8187	-0.2708	-0.2960	-0.0428	-0.0418	-0.0621	
22.4347	-28.2521	-24.9746	0.7116	-0.5402	-0.7893	0.4299	0.8026	-0.3066	-0.2769	-0.0427	-0.0419	-0.0626	
22.5022	-28.3086	-25.0507	0.7115	-0.5404	-0.7892	0.4490	0.7847	-0.3377	-0.2622	-0.0423	-0.0416	-0.0631	
22.5754	-28.3663	-25.1292	0.7116	-0.5405	-0.7891	0.4646	0.7657	-0.3711	-0.2452	-0.0423	-0.0414	-0.0635	
22.6518	-28.4223	-25.2111	0.7118	-0.5406	-0.7893	0.4810	0.7443	-0.4041	-0.2262	-0.0422	-0.0413	-0.0639	
22.7257	-28.4814	-25.2891	0.7119	-0.5408	-0.7893	0.4967	0.7229	-0.4344	-0.2045	-0.0420	-0.0415	-0.0642	
22.8006	-28.5403	-25.3656	0.7121	-0.5411	-0.7891	0.5105	0.6986	-0.4646	-0.1885	-0.0420	-0.0411	-0.0646	
22.8740	-28.5934	-25.4445	0.7122	-0.5410	-0.7892	0.5213	0.6751	-0.4926	-0.1734	-0.0419	-0.0405	-0.0648	
22.9492	-28.6511	-25.5178	0.7124	-0.5412	-0.7889	0.5309	0.6494	-0.5207	-0.1597	-0.0420	-0.0399	-0.0650	
23.0221	-28.7043	-25.5905	0.7125	-0.5412	-0.7886	0.5399	0.6174	-0.5537	-0.1419	-0.0426	-0.0394	-0.0656	
23.0890	-28.7567	-25.6666	0.7123	-0.5411	-0.7885	0.5467	0.5931	-0.5779	-0.1262	-0.0425	-0.0390	-0.0655	
23.1622	-28.8140	-25.7433	0.7124	-0.5412	-0.7884	0.5545	0.5624	-0.6039	-0.1071	-0.0426	-0.0387	-0.0658	
23.2324	-28.8644	-25.8175	0.7123	-0.5411	-0.7882	0.5575	0.5294	-0.6329	-0.0903	-0.0433	-0.0383	-0.0659	
23.3023	-28.9162	-25.8964	0.7123	-0.5410	-0.7882	0.5599	0.4958	-0.6596	-0.0737	-0.0439	-0.0378	-0.0661	
23.3793	-28.9756	-25.9719	0.7125	-0.5412	-0.7880	0.5609	0.4647	-0.6830	-0.0560	-0.0442	-0.0375	-0.0660	
23.4542	-29.0296	-26.0566	0.7127	-0.5412	-0.7883	0.5590	0.4311	-0.7072	-0.0381	-0.0449	-0.0373	-0.0658	
23.5241	-29.0875	-26.1333	0.7126	-0.5413	-0.7882	0.5561	0.3969	-0.7299	-0.0159	-0.0453	-0.0375	-0.0657	
23.5943	-29.1374	-26.2061	0.7126	-0.5412	-0.7879	0.5537	0.3620	-0.7499	0.0017	-0.0457	-0.0372	-0.0656	
23.6617	-29.1945	-26.2881	0.7124	-0.5413	-0.7881	0.5490	0.3297	-0.7680	0.0181	-0.0461	-0.0370	-0.0653	
23.7290	-29.2431	-26.3715	0.7122	-0.5410	-0.7883	0.5441	0.2993	-0.7832	0.0387	-0.0460	-0.0371	-0.0649	
23.7914	-29.2941	-26.4462	0.7118	-0.5409	-0.7881	0.5347	0.2653	-0.8001	0.0605	-0.0464	-0.0375	-0.0646	
23.8649	-29.3496	-26.5211	0.7119	-0.5409	-0.7879	0.5241	0.2292	-0.8158	0.0848	-0.0467	-0.0381	-0.0643	
23.9361	-29.4077	-26.5994	0.7119	-0.5411	-0.7879	0.5132	0.1965	-0.8288	0.1064	-0.0469	-0.0386	-0.0638	
24.0056	-29.4581	-26.6783	0.7118	-0.5409	-0.7879	0.4987	0.1580	-0.8424	0.1287	-0.0475	-0.0392	-0.0636	
24.0842	-29.5101	-26.7566	0.7122	-0.5408	-0.7879	0.4880	0.1241	-0.8512	0.1489	-0.0475	-0.0393	-0.0633	
24.1529	-29.5636	-26.8361	0.7120	-0.5408	-0.7879	0.4756	0.0882	-0.8586	0.1703	-0.0476	-0.0396	-0.0631	
24.2243	-29.6141	-26.9129	0.7121	-0.5406	-0.7878	0.4580	0.0541	-0.8663	0.1926	-0.0477	-0.0404	-0.0627	
24.2936	-29.6663	-26.9935	0.7120	-0.5405	-0.7879	0.4401	0.0228	-0.8723	0.2131	-0.0477	-0.0411	-0.0621	
24.3604	-29.7221	-27.0750	0.7118	-0.5406	-0.7880	0.4225	-0.0099	-0.8756	0.2346	-0.0476	-0.0417	-0.0618	
24.4317	-29.7773	-27.1532	0.7118	-0.5406	-0.7880	0.4049	-0.0439	-0.8770	0.2555	-0.0476	-0.0422	-0.0616	
24.5026	-29.8353	-27.2303	0.7118	-0.5408	-0.7879	0.3905	-0.0780	-0.8747	0.2767	-0.0472	-0.0423	-0.0616	
24.5762	-29.8896	-27.3096	0.7119	-0.5408	-0.7880	0.3740	-0.1091	-0.8708	0.3007	-0.0466	-0.0429	-0.0617	
24.6406	-29.9424	-27.3879	0.7116	-0.5407	-0.7879	0.3555	-0.1468	-0.8637	0.3252	-0.0463	-0.0433	-0.0620	
24.7152	-29.9982	-27.4648	0.7117	-0.5408	-0.7879	0.3374	-0.1791	-0.8561	0.3485	-0.0458	-0.0438	-0.0622	
24.7857	-30.0530	-27.5440	0.7117	-0.5408	-0.7879	0.3177	-0.2128	-0.8456	0.3726	-0.0453	-0.0443	-0.0626	
24.8574	-30.1121	-27.6207	0.7118	-0.5410	-0.7878	0.3044	-0.2423	-0.8340	0.3921	-0.0446	-0.0440	-0.0628	
24.9262	-30.1663	-27.7021	0.7117	-0.5410	-0.7879	0.2859	-0.2728	-0.8210	0.4124	-0.0441	-0.0442	-0.0630	
24.9967	-30.2203	-27.7831	0.7116	-0.5410	-0.7880	0.2684	-0.3010	-0.8078	0.4305	-0.0436	-0.0442	-0.0631	
25.0666	-30.2696	-27.8663	0.7116	-0.5408	-0.7882	0.2519	-0.3388	-0.7867	0.4501	-0.0435	-0.0439	-0.0639	
25.1429	-30.3228	-27.9512	0.7118	-0.5408	-0.7885	0.2365	-0.3678	-0.7678	0.4686	-0.0430	-0.0435	-0.0644	
25.2171	-30.3811	-28.0289	0.7120	-0.5410	-0.7884	0.2217	-0.3977	-0.7472	0.4844	-0.0427	-0.0430	-0.0647	
25.2859	-30.4391	-28.1124	0.7119	-0.5411	-0.7886	0.2029	-0.4284	-0.7266	0.4976	-0.0427	-0.0428	-0.0649	
25.3555	-30.4949	-28.1947	0.7118	-0.5412	-0.7888	0.1859	-0.4571	-0.7047	0.5100	-0.0426	-0.0425	-0.0651	
25.4253	-30.5468	-28.2765	0.7117	-0.5411	-0.7889	0.1694	-0.4895	-0.6781	0.5213	-0.0429	-0.0419	-0.0655	
25.4990	-30.6002	-28.3526	0.7118	-0.5411	-0.7888	0.1506	-0.5195	-0.6531	0.5300	-0.0431	-0.0417	-0.0656	
25.5737	-30.6585	-28.4300	0.7120	-0.5412	-0.7887	0.1369	-0.5484	-0.6262	0.5372	-0.0434	-0.0409	-0.0657	
25.6488	-30.7157	-28.5079	0.7122	-0.5414	-0.7887	0.1160	-0.5792	-0.5961	0.5435	-0.0438	-0.0408	-0.0659	
25.7209	-30.7722	-28.5891	0.7122	-0.5415	-0.7888	0.1032	-0.6063	-0.5677	0.5476	-0.0443	-0.0400	-0.0658	
25.7926	-30.8291	-28.6618	0.7122	-0.5416	-0.7885	0.0842	-0.6325	-0.5385	0.5505	-0.0446	-0.0398	-0.0657	
25.8680	-30.8828	-28.7412	0.7124	-0.5416	-0.7885	0.0685	-0.6577	-0.5066	0.5533	-0.0450	-0.0392	-0.0658	
25.9420	-30.9368	-28.8219	0.7125	-0.5416	-0.7886	0.0519	-0.6834	-0.4744	0.5525	-0.0456	-0.0388	-0.0656	
26.0146	-30.9947	-28.8968	0.7125	-0.5417	-0.7884	0.0370	-0.7053	-0.4433	0.5523	-0.0460	-0.0383	-0.0654	
26.0865	-31.0525	-28.9772	0.7126	-0.5418	-0.7885	0.0185	-0.7262	-0.4129	0.5496	-0.0463	-0.0382	-0.0650	
26.1538	-31.1068	-29.0562	0.7124	-0.5419	-0.7885	-0.0034	-0.7461	-0.3800	0.5468	-0.0466	-0.0374	-0.0654	
26.2255	-31.1605	-29.1311	0.7124	-0.5418	-0.7884	0.0224	0.7646	0.3487	-0.5419	-0.0469	-0.0375	-0.0649	
26.2994	-31.2164	-29.2082	0.7125	-0.5419	-0.7883	0.0414	0.7827	0.3134	-0.5363	-0.0473	-0.0374	-0.0647	
26.3682	-31.2720	-29.2841	0.7124	-0.5420	-0.7882	0.0633	0.7994	0.2822	-0.5270	-0.0476	-0.0380	-0.0641	
26.4363	-31.3307	-29.3599	0.7123	-0.5421	-0.7881	0.0805	0.8126	0.2524	-0.5198	-0.0476	-0.0380	-0.0635	
26.5059	-31.3812	-29.4352	0.7122	-0.5420	-0.7879	0.0985	0.8272	0.2190	-0.5082	-0.0480	-0.0382	-0.0629	
26.5758	-31.4343	-29.5129	0.7122	-0.5419	-0.7879	0.1202	0.8402	0.1851	-0.4956	-0.0482	-0.0387	-0.0624	
26.6470	-31.4877	-29.5902	0.7122	-0.5419	-0.7878	0.1401	0.8496	0.1558	-0.4848	-0.0481	-0.0391	-0.0619	
26.7155	-31.5460	-29.6715	0.7120	-0.5420	-0.7879	0.1593	0.8584	0.1226	-0.4723	-0.0482	-0.0394	-0.0614	
26.7828	-31.5961	-29.7476	0.7119	-0.5419	-0.7878	0.1764	0.8665	0.0911	-0.4586	-0.0483	-0.0396	-0.0608	
26.8502	-31.6483	-29.8263	0.7117	-0.5418	-0.7878	0.1974	0.8719	0.0628	-0.4445	-0.0479	-0.0401	-0.0603	
26.9182	-31.7034	-29.9080	0.7116	-0.5418	-0.7879	0.2196	0.8765	0.0282	-0.4276	-0.0478	-0.0408	-0.0601	
26.9883	-31.7621	-29.9875	0.7116	-0.5420	-0.7880	0.2397	0.8790	-0.0037	-0.4127	-0.0476	-0.0412	-0.0598	
27.0617	-31.8161	-30.0653	0.7116	-0.5420	-0.7879	0.2633	0.8788	-0.0378	-0.3964	-0.0473	-0.0418	-0.0598	
27.1305	-31.8700	-30.1440	0.7115	-0.5420	-0.7880	0.2824	0.8780	-0.0686	-0.3811	-0.0469	-0.0421	-0.0595	
27.2002	-31.9247	-30.2219	0.7115	-0.5420	-0.7879	0.3062	0.8743	-0.1044	-0.3618	-0.0467	-0.0428	-0.0597	
27.2679	-31.9744	-30.3046	0.7114	-0.5418	-0.7881	0.3287	0.8684	-0.1391	-0.3443	-0.0463	-0.0431	-0.0600	
27.3384	-32.0246	-30.3838	0.7113	-0.5416	-0.7881	0.3489	0.8608	-0.1679	-0.3313	-0.0456	-0.0431	-0.0601	
27.4069	-32.0790	-30.4624	0.7112	-0.5417	-0.7881	0.3719	0.8502	-0.2018	-0.3134	-0.0451	-0.0434	-0.0605	
27.4749	-32.1308	-30.5406	0.7111	-0.5416	-0.7881	0.3921	0.8396	-0.2330	-0.2955	-0.0446	-0.0437	-0.0607	
27.5432	-32.1887	-30.6176	0.7110	-0.5417	-0.7880	0.4137	0.8256	-0.2651	-0.2776	-0.0441	-0.0439	-0.0611	
27.6098	-32.2400	-30.6954	0.7108	-0.5416	-0.7880	0.4338	0.8098	-0.2961	-0.2620	-0.0435	-0.0437	-0.0616	
27.6812	-32.2959	-30.7746	0.7108	-0.5417	-0.7880	0.4533	0.7915	-0.3270	-0.2476	-0.0430	-0.0434	-0.0622	
27.7475	-32.3523	-30.8514	0.7107	-0.5417	-0.7880	0.4709	0.7728	-0.3569	-0.2323	-0.0426	-0.0432	-0.0627	
27.8178	-32.4117	-30.9315	0.7106	-0.5419	-0.7880	0.4869	0.7510	-0.3912	-0.2135	-0.0426	-0.0431	-0.0631	
27.8908	-32.4661	-31.0088	0.7107	-0.5420	-0.7880	0.5007	0.7302	-0.4206	-0.1990	-0.0425	-0.0426	-0.0634	
27.9624	-32.5197	-31.0847	0.7107	-0.5419	-0.7879	0.5154	0.7058	-0.4501	-0.1838	-0.0423	-0.0421	-0.0639	
28.0336	-32.5714	-31.1629	0.7107	-0.5418	-0.7879	0.5264	0.6812	-0.4814	-0.1645	-0.0424	-0.0419	-0.0642	
28.1071	-32.6281	-31.2406	0.7108	-0.5419	-0.7878	0.5377	0.6550	-0.5096	-0.1492	-0.0424	-0.0414	-0.0645	
28.1785	-32.6815	-31.3204	0.7109	-0.5419	-0.7878	0.5438	0.6304	-0.5377	-0.1343	-0.0427	-0.0409	-0.0644	
28.2516	-32.7344	-31.3988	0.7109	-0.5419	-0.7878	0.5498	0.6012	-0.5673	-0.1202	-0.0432	-0.0402	-0.0647	
28.3218	-32.7861	-31.4759	0.7109	-0.5418	-0.7878	0.5547	0.5737	-0.5938	-0.1041	-0.0434	-0.0398	-0.0646	
28.3945	-32.8387	-31.5531	0.7110	-0.5417	-0.7877	0.5576	0.5418	-0.6226	-0.0875	-0.0441	-0.0393	-0.0648	
28.4684	-32.8944	-31.6338	0.7111	-0.5418	-0.7878	0.5601	0.5130	-0.6466	-0.0727	-0.0444	-0.0388	-0.0646	
28.5427	-32.9511	-31.7135	0.7112	-0.5419	-0.7878	0.5607	0.4807	-0.6720	-0.0548	-0.0449	-0.0386	-0.0646	
28.6147	-33.0052	-31.7932	0.7112	-0.5419	-0.7878	0.5576	0.4481	-0.6979	-0.0343	-0.0455	-0.0387	-0.0644	
28.6917	-33.0597	-31.8730	0.7114	-0.5419	-0.7879	0.5556	0.4120	-0.7218	-0.0181	-0.0463	-0.0383	-0.0644	
28.7565	-33.1135	-31.9486	0.7112	-0.5419	-0.7878	0.5514	0.3746	-0.7452	-0.0003	-0.0470	-0.0381	-0.0644	
28.8295	-33.1688	-32.0273	0.7112	-0.5419	-0.7878	0.5458	0.3416	-0.7650	0.0191	-0.0474	-0.0382	-0.0640	
28.9001	-33.2233	-32.0995	0.7112	-0.5419	-0.7875	0.5385	0.3069	-0.7837	0.0401	-0.0477	-0.0385	-0.0638	
28.9716	-33.2733	-32.1784	0.7112	-0.5417	-0.7875	0.5314	0.2768	-0.7990	0.0570	-0.0478	-0.0384	-0.0632	
29.0401	-33.3311	-32.2554	0.7111	-0.5419	-0.7874	0.5222	0.2403	-0.8148	0.0757	-0.0483	-0.0385	-0.0630	
29.1124	-33.3835	-32.3363	0.7112	-0.5418	-0.7875	0.5122	0.2039	-0.8283	0.0993	-0.0484	-0.0390	-0.0628	
29.1855	-33.4380	-32.4142	0.7113	-0.5418	-0.7875	0.4988	0.1650	-0.8417	0.1231	-0.0489	-0.0396	-0.0627	
29.2606	-33.4918	-32.4927	0.7114	-0.5418	-0.7875	0.4848	0.1314	-0.8527	0.1449	-0.0490	-0.0402	-0.0622	
29.3315	-33.5464	-32.5719	0.7114	-0.5418	-0.7875	0.4704	0.0987	-0.8614	0.1656	-0.0490	-0.0407	-0.0618	
29.4031	-33.5980	-32.6483	0.7114	-0.5417	-0.7874	0.4556	0.0589	-0.8675	0.1902	-0.0491	-0.0413	-0.0618	
29.4724	-33.6486	-32.7272	0.7113	-0.5416	-0.7874	0.4373	0.0202	-0.8725	0.2163	-0.0491	-0.0422	-0.0618	
29.5431	-33.7011	-32.8089	0.7113	-0.5415	-0.7875	0.4219	-0.0163	-0.8736	0.2419	-0.0488	-0.0429	-0.0619	
29.6091	-33.7554	-32.8907	0.7111	-0.5415	-0.7877	0.4051	-0.0500	-0.8742	0.2637	-0.0485	-0.0433	-0.0618	
29.6813	-33.8095	-32.9687	0.7112	-0.5415	-0.7876	0.3882	-0.0858	-0.8724	0.2845	-0.0484	-0.0437	-0.0617	
29.7519	-33.8625	-33.0481	0.7112	-0.5414	-0.7877	0.3676	-0.1228	-0.8688	0.3079	-0.0482	-0.0444	-0.0618	
29.8233	-33.9168	-33.1303	0.7112	-0.5414	-0.7878	0.3519	-0.1552	-0.8633	0.3274	-0.0478	-0.0444	-0.0618	
29.8946	-33.9676	-33.2085	0.7112	-0.5413	-0.7878	0.3304	-0.1896	-0.8559	0.3500	-0.0475	-0.0451	-0.0619	
29.9650	-34.0190	-33.2928	0.7112	-0.5412	-0.7880	0.3138	-0.2225	-0.8464	0.3687	-0.0471	-0.0451	-0.0620	
30.0368	-34.0723	-33.3702	0.7112	-0.5412	-0.7879	0.2978	-0.2556	-0.8336	0.3892	-0.0466	-0.0450	-0.0624	
30.1099	-34.1279	-33.4501	0.7113	-0.5412	-0.7880	0.2785	-0.2837	-0.8225	0.4076	-0.0460	-0.0452	-0.0624	
30.1798	-34.1822	-33.5277	0.7112	-0.5412	-0.7879	0.2601	-0.3145	-0.8062	0.4286	-0.0453	-0.0453	-0.0628	
30.2515	-34.2389	-33.6094	0.7112	-0.5413	-0.7880	0.2441	-0.3473	-0.7877	0.4467	-0.0450	-0.0450	-0.0633	
30.3233	-34.2947	-33.6861	0.7113	-0.5414	-0.7880	0.2286	-0.3793	-0.7668	0.4649	-0.0446	-0.0446	-0.0640	
30.3980	-34.3513	-33.7663	0.7114	-0.5415	-0.7880	0.2149	-0.4079	-0.7455	0.4818	-0.0441	-0.0440	-0.0645	
30.4735	-34.4073	-33.8496	0.7116	-0.5415	-0.7882	0.2012	-0.4352	-0.7265	0.4931	-0.0439	-0.0433	-0.0645	
30.5444	-34.4625	-33.9289	0.7116	-0.5416	-0.7882	0.1880	-0.4609	-0.7063	0.5042	-0.0437	-0.0426	-0.0645	
30.6170	-34.5174	-34.0117	0.7116	-0.5416	-0.7883	0.1708	-0.4909	-0.6821	0.5145	-0.0438	-0.0422	-0.0647	
30.6872	-34.5717	-34.0861	0.7116	-0.5416	-0.7882	0.1559	-0.5204	-0.6550	0.5254	-0.0438	-0.0415	-0.0651	
30.7559	-34.6267	-34.1612	0.7115	-0.5416	-0.7880	0.1447	-0.5453	-0.6309	0.5333	-0.0438	-0.0405	-0.0652	
30.8271	-34.6828	-34.2344	0.7115	-0.5417	-0.7878	0.1277	-0.5762	-0.5992	0.5408	-0.0442	-0.0400	-0.0656	
30.8989	-34.7392	-34.3139	0.7115	-0.5418	-0.7879	0.1156	-0.5996	-0.5732	0.5471	-0.0442	-0.0391	-0.0655	
30.9706	-34.7958	-34.3943	0.7115	-0.5419	-0.7879	0.0976	-0.6270	-0.5426	0.5504	-0.0446	-0.0388	-0.0655	
31.0437	-34.8524	-34.4738	0.7116	-0.5419	-0.7879	0.0817	-0.6532	-0.5134	0.5507	-0.0452	-0.0384	-0.0653	
31.1161	-34.9063	-34.5513	0.7117	-0.5419	-0.7879	0.0670	-0.6767	-0.4809	0.5537	-0.0455	-0.0378	-0.0654	
31.1867	-34.9623	-34.6324	0.7116	-0.5420	-0.7880	0.0493	-0.7015	-0.4472	0.5526	-0.0460	-0.0375	-0.0653	
31.2562	-35.0173	-34.7098	0.7116	-0.5420	-0.7879	0.0325	-0.7225	-0.4167	0.5510	-0.0463	-0.0372	-0.0650	
31.3231	-35.0784	-34.7823	0.7114	-0.5423	-0.7877	0.0166	-0.7437	-0.3865	0.5456	-0.0463	-0.0369	-0.0657	
31.3885	-35.1318	-34.8561	0.7112	-0.5422	-0.7876	0.0050	0.7625	0.3562	-0.5404	-0.0464	-0.0372	-0.0653	
31.4576	-35.1863	-34.9324	0.7112	-0.5422	-0.7875	0.0244	0.7821	0.3217	-0.5332	-0.0470	-0.0373	-0.0649	
31.5274	-35.2398	-35.0087	0.7111	-0.5422	-0.7874	0.0420	0.7978	0.2939	-0.5256	-0.0471	-0.0373	-0.0642	
31.5954	-35.2940	-35.0849	0.7110	-0.5422	-0.7873	0.0617	0.8127	0.2669	-0.5150	-0.0472	-0.0378	-0.0633	
31.6676	-35.3490	-35.1602	0.7110	-0.5422	-0.7872	0.0824	0.8273	0.2360	-0.5036	-0.0474	-0.0382	-0.0627	
31.7415	-35.4035	-35.2404	0.7111	-0.5422	-0.7872	0.1025	0.8387	0.2028	-0.4952	-0.0475	-0.0383	-0.0624	
31.8120	-35.4607	-35.3159	0.7111	-0.5423	-0.7871	0.1250	0.8492	0.1695	-0.4845	-0.0474	-0.0388	-0.0621	
31.8784	-35.5139	-35.3923	0.7109	-0.5423	-0.7871	0.1452	0.8577	0.1435	-0.4729	-0.0471	-0.0392	-0.0614	
31.9496	-35.5655	-35.4723	0.7110	-0.5422	-0.7871	0.1689	0.8654	0.1109	-0.4588	-0.0470	-0.0399	-0.0611	
32.0175	-35.6233	-35.5489	0.7108	-0.5423	-0.7871	0.1900	0.8721	0.0765	-0.4445	-0.0470	-0.0403	-0.0609	
32.0855	-35.6786	-35.6291	0.7107	-0.5423	-0.7871	0.2124	0.8779	0.0403	-0.4273	-0.0472	-0.0409	-0.0607	
32.1540	-35.7335	-35.7088	0.7107	-0.5424	-0.7871	0.2331	0.8816	0.0057	-0.4106	-0.0473	-0.0414	-0.0604	
32.2265	-35.7894	-35.7880	0.7107	-0.5424	-0.7872	0.2574	0.8822	-0.0261	-0.3938	-0.0468	-0.0421	-0.0603	
32.2989	-35.8471	-35.8675	0.7107	-0.5425	-0.7872	0.2806	0.8799	-0.0609	-0.3787	-0.0465	-0.0424	-0.0604	
32.3702	-35.9015	-35.9438	0.7107	-0.5425	-0.7871	0.3015	0.8781	-0.0911	-0.3608	-0.0462	-0.0429	-0.0601	
32.4408	-35.9545	-36.0208	0.7107	-0.5425	-0.7871	0.3255	0.8720	-0.1243	-0.3441	-0.0457	-0.0434	-0.0604	
32.5117	-36.0074	-36.0971	0.7107	-0.5424	-0.7870	0.3482	0.8653	-0.1518	-0.3281	-0.0448	-0.0437	-0.0604	
32.5843	-36.0608	-36.1741	0.7108	-0.5424	-0.7869	0.3687	0.8562	-0.1845	-0.3118	-0.0445	-0.0438	-0.0606	
32.6573	-36.1169	-36.2530	0.7108	-0.5425	-0.7870	0.3887	0.8438	-0.2211	-0.2964	-0.0444	-0.0437	-0.0611	
32.7291	-36.1709	-36.3315	0.7109	-0.5424	-0.7870	0.4065	0.8323	-0.2506	-0.2826	-0.0440	-0.0435	-0.0612	
32.7983	-36.2270	-36.4088	0.7108	-0.5425	-0.7869	0.4268	0.8170	-0.2827	-0.2656	-0.0435	-0.0435	-0.0617	
32.8677	-36.2802	-36.4911	0.7107	-0.5425	-0.7870	0.4452	0.8009	-0.3152	-0.2468	-0.0433	-0.0436	-0.0620	
32.9369	-36.3328	-36.5670	0.7107	-0.5424	-0.7869	0.4605	0.7836	-0.3470	-0.2319	-0.0432	-0.0432	-0.0623	
33.0062	-36.3858	-36.6466	0.7106	-0.5424	-0.7870	0.4774	0.7638	-0.3781	-0.2138	-0.0429	-0.0431	-0.0627	
33.0802	-36.4402	-36.7235	0.7107	-0.5424	-0.7869	0.4929	0.7405	-0.4114	-0.1984	-0.0430	-0.0426	-0.0633	
33.1505	-36.4955	-36.7993	0.7107	-0.5424	-0.7868	0.5074	0.7159	-0.4432	-0.1834	-0.0429	-0.0421	-0.0638	
33.2222	-36.5530	-36.8776	0.7107	-0.5425	-0.7868	0.5212	0.6891	-0.4746	-0.1679	-0.0430	-0.0416	-0.0644	
33.2965	-36.6104	-36.9557	0.7108	-0.5426	-0.7868	0.5322	0.6607	-0.5065	-0.1532	-0.0433	-0.0410	-0.0649	
33.3708	-36.6675	-37.0331	0.7109	-0.5427	-0.7868	0.5420	0.6298	-0.5389	-0.1371	-0.0437	-0.0404	-0.0654	
33.4375	-36.7226	-37.1106	0.7108	-0.5428	-0.7867	0.5496	0.6022	-0.5658	-0.1247	-0.0439	-0.0396	-0.0656	
33.5132	-36.7786	-37.1859	0.7109	-0.5428	-0.7866	0.5548	0.5721	-0.5946	-0.1059	-0.0443	-0.0394	-0.0657	
33.5828	-36.8308	-37.2658	0.7109	-0.5427	-0.7867	0.5576	0.5385	-0.6251	-0.0904	-0.0451	-0.0388	-0.0659	
33.6516	-36.8840	-37.3446	0.7108	-0.5427	-0.7867	0.5615	0.5056	-0.6510	-0.0726	-0.0454	-0.0385	-0.0660	
33.7240	-36.9386	-37.4216	0.7109	-0.5427	-0.7866	0.5642	0.4739	-0.6739	-0.0569	-0.0456	-0.0380	-0.0660	
33.7965	-36.9904	-37.4976	0.7109	-0.5426	-0.7865	0.5620	0.4417	-0.6982	-0.0422	-0.0462	-0.0376	-0.0658	
33.8619	-37.0416	-37.5767	0.7107	-0.5425	-0.7865	0.5612	0.4073	-0.7202	-0.0266	-0.0467	-0.0371	-0.0658	
33.9349	-37.1000	-37.6574	0.7108	-0.5427	-0.7866	0.5576	0.3732	-0.7415	-0.0088	-0.0471	-0.0370	-0.0655	
34.0057	-37.1557	-37.7373	0.7108	-0.5427	-0.7866	0.5498	0.3440	-0.7615	0.0099	-0.0475	-0.0372	-0.0648	
34.0756	-37.2108	-37.8189	0.7107	-0.5427	-0.7867	0.5440	0.3130	-0.7784	0.0273	-0.0477	-0.0372	-0.0644	
34.1506	-37.2601	-37.8983	0.7109	-0.5426	-0.7868	0.5349	0.2775	-0.7966	0.0491	-0.0482	-0.0376	-0.0640	
34.2251	-37.3149	-37.9760	0.7110	-0.5426	-0.7867	0.5244	0.2419	-0.8135	0.0693	-0.0487	-0.0379	-0.0636	
34.2910	-37.3676	-38.0519	0.7108	-0.5425	-0.7866	0.5122	0.2028	-0.8294	0.0911	-0.0492	-0.0384	-0.0634	
34.3601	-37.4230	-38.1303	0.7107	-0.5426	-0.7866	0.4990	0.1637	-0.8428	0.1170	-0.0495	-0.0392	-0.0633	
34.4324	-37.4783	-38.2047	0.7108	-0.5426	-0.7865	0.4842	0.1282	-0.8541	0.1407	-0.0497	-0.0400	-0.0629	
34.5000	-37.5316	-38.2809	0.7107	-0.5426	-0.7864	0.4710	0.0906	-0.8617	0.1652	-0.0496	-0.0405	-0.0629	
34.5708	-37.5848	-38.3615	0.7107	-0.5425	-0.7865	0.4544	0.0593	-0.8697	0.1850	-0.0497	-0.0411	-0.0622	
34.6405	-37.6396	-38.4438	0.7106	-0.5425	-0.7866	0.4384	0.0283	-0.8743	0.2078	-0.0493	-0.0417	-0.0618	
34.7119	-37.6945	-38.5259	0.7106	-0.5426	-0.7867	0.4219	-0.0037	-0.8773	0.2298	-0.0491	-0.0423	-0.0615	
34.7814	-37.7496	-38.6040	0.7106	-0.5426	-0.7867	0.4036	-0.0391	-0.8780	0.2546	-0.0488	-0.0431	-0.0615	
34.8515	-37.8041	-38.6807	0.7105	-0.5426	-0.7866	0.3868	-0.0729	-0.8763	0.2783	-0.0483	-0.0436	-0.0615	
34.9206	-37.8566	-38.7616	0.7105	-0.5425	-0.7867	0.3719	-0.1044	-0.8730	0.2987	-0.0479	-0.0438	-0.0615	
34.9879	-37.9126	-38.8386	0.7104	-0.5426	-0.7867	0.3536	-0.1438	-0.8656	0.3237	-0.0476	-0.0443	-0.0619	
35.0572	-37.9668	-38.9168	0.7103	-0.5426	-0.7866	0.3366	-0.1781	-0.8572	0.3468	-0.0471	-0.0446	-0.0622	
35.1305	-38.0209	-38.9962	0.7104	-0.5426	-0.7867	0.3187	-0.2060	-0.8499	0.3667	-0.0464	-0.0448	-0.0621	
35.2012	-38.0764	-39.0773	0.7104	-0.5426	-0.7867	0.3031	-0.2340	-0.8387	0.3881	-0.0456	-0.0449	-0.0623	
35.2740	-38.1316	-39.1562	0.7104	-0.5426	-0.7868	0.2833	-0.2690	-0.8239	0.4104	-0.0452	-0.0452	-0.0628	
35.3440	-38.1895	-39.2337	0.7104	-0.5427	-0.7867	0.2639	-0.3003	-0.8108	0.4279	-0.0449	-0.0453	-0.0629	
