-0.6844	-9.3321	0.3887	0.0000	0.0000	0.0000	0.8096	-0.3581	-0.4513	-0.1125	0.0000	0.0000	0.0000	
-0.3665	-10.0569	0.2810	0.0315	-0.0718	-0.0107	0.8516	-0.3561	-0.3892	-0.0658	0.0085	0.0343	0.0010	
-0.4048	-10.3400	0.2728	0.0170	-0.1419	-0.0114	0.8545	-0.2990	-0.4305	-0.0508	0.0417	-0.0272	0.0343	
-0.4361	-10.5264	0.1409	0.0076	-0.2170	-0.0690	0.8423	-0.3403	-0.4274	-0.0310	0.0156	-0.0100	-0.0155	
-0.4458	-10.6459	0.1077	0.0017	-0.2786	-0.0860	0.8683	-0.3382	-0.3707	-0.0213	0.0040	0.0462	-0.0043	
-0.4239	-10.7072	-0.0426	0.0189	-0.3069	-0.1924	0.8729	-0.3342	-0.3557	-0.0530	-0.0160	0.0335	0.0090	
-0.4252	-10.8037	-0.1716	0.0214	-0.3679	-0.2901	0.8852	-0.3319	-0.3260	-0.0262	-0.0052	0.0449	0.0096	
-0.4154	-10.8947	-0.2703	0.0290	-0.4228	-0.3566	0.8957	-0.3368	-0.2894	-0.0136	-0.0066	0.0528	0.0071	
-0.4741	-10.9403	-0.3290	-0.0380	-0.4273	-0.3773	0.9132	-0.3111	-0.2629	-0.0698	-0.0261	0.0466	0.0262	
-0.5260	-10.9049	-0.4377	-0.0895	-0.3482	-0.4440	0.9203	-0.3298	-0.2109	-0.0445	-0.0243	0.0586	0.0148	
-0.5795	-10.9809	-0.5624	-0.1424	-0.3945	-0.5162	0.9152	-0.3529	-0.1958	-0.0461	-0.0249	0.0540	0.0025	
-0.6286	-10.9473	-0.6770	-0.1870	-0.3247	-0.5718	0.9194	-0.3609	-0.1404	-0.0634	-0.0350	0.0596	0.0037	
-0.6644	-10.9403	-0.8481	-0.2038	-0.2876	-0.6782	0.9245	-0.3577	-0.1008	-0.0830	-0.0400	0.0596	0.0081	
-0.7519	-10.9814	-0.9177	-0.2664	-0.2996	-0.6784	0.9259	-0.3589	-0.0721	-0.0957	-0.0407	0.0579	0.0078	
-0.8564	-11.0291	-1.0726	-0.3305	-0.3164	-0.7536	0.9248	-0.3735	-0.0439	-0.0742	-0.0342	0.0589	0.0018	
-0.9305	-10.9432	-1.2179	-0.3698	-0.2189	-0.8074	0.9175	-0.3909	-0.0057	-0.0733	-0.0348	0.0602	-0.0027	
-1.0480	-10.8981	-1.3735	-0.4218	-0.1621	-0.8736	0.9278	-0.3673	0.0256	-0.0707	-0.0336	0.0594	0.0053	
-1.0802	-10.8685	-1.4618	-0.4028	-0.1244	-0.8801	0.9336	-0.3534	0.0447	-0.0585	-0.0284	0.0576	0.0078	
-1.1863	-10.8510	-1.6378	-0.4498	-0.1032	-0.9444	0.9290	-0.3620	0.0719	-0.0424	-0.0250	0.0580	0.0044	
-1.3163	-10.8476	-1.6679	-0.5110	-0.0944	-0.8974	0.9238	-0.3700	0.0967	-0.0327	-0.0226	0.0579	0.0015	
-1.4517	-10.8435	-1.7651	-0.5678	-0.0853	-0.9027	0.9222	-0.3696	0.1132	-0.0374	-0.0224	0.0556	0.0016	
-1.5648	-10.8549	-1.9032	-0.6063	-0.0883	-0.9323	0.9135	-0.3782	0.1476	-0.0278	-0.0216	0.0569	-0.0007	
-1.6699	-10.8385	-2.0219	-0.6368	-0.0735	-0.9460	0.9021	-0.3886	0.1862	-0.0184	-0.0212	0.0586	-0.0031	
-1.7871	-10.7798	-2.0706	-0.6653	-0.0331	-0.9204	0.9023	-0.3844	0.1987	-0.0116	-0.0191	0.0565	-0.0024	
-1.8932	-10.7708	-2.1473	-0.6873	-0.0264	-0.9119	0.8945	-0.3875	0.2237	0.0024	-0.0171	0.0567	-0.0034	
-1.9618	-10.7508	-2.2502	-0.6863	-0.0136	-0.9190	0.8875	-0.3859	0.2518	0.0098	-0.0165	0.0568	-0.0033	
-2.0259	-10.7343	-2.3773	-0.6821	-0.0040	-0.9392	0.8792	-0.3854	0.2792	0.0250	-0.0149	0.0573	-0.0036	
-2.1152	-10.7403	-2.5219	-0.6950	-0.0072	-0.9646	0.8649	-0.3921	0.3116	0.0298	-0.0151	0.0579	-0.0049	
-2.2632	-10.7367	-2.6661	-0.7358	-0.0057	-0.9883	0.8496	-0.4022	0.3386	0.0435	-0.0138	0.0584	-0.0067	
-2.3867	-10.7232	-2.7613	-0.7595	0.0006	-0.9868	0.8350	-0.4039	0.3681	0.0638	-0.0121	0.0593	-0.0074	
-2.5289	-10.6758	-2.8385	-0.7911	0.0226	-0.9761	0.8190	-0.4083	0.3955	0.0775	-0.0112	0.0598	-0.0084	
-2.6457	-10.6615	-2.9328	-0.8101	0.0280	-0.9730	0.7990	-0.4142	0.4278	0.0827	-0.0115	0.0605	-0.0095	
-2.7207	-10.6505	-3.0308	-0.8081	0.0318	-0.9728	0.7814	-0.4169	0.4559	0.0876	-0.0116	0.0607	-0.0100	
-2.7868	-10.6474	-3.1090	-0.8014	0.0318	-0.9655	0.7687	-0.4205	0.4724	0.0992	-0.0102	0.0600	-0.0103	
-2.8896	-10.6736	-3.1922	-0.8117	0.0193	-0.9599	0.7501	-0.4264	0.4936	0.1099	-0.0092	0.0600	-0.0112	
-2.9907	-10.6264	-3.2809	-0.8209	0.0381	-0.9557	0.7277	-0.4318	0.5205	0.1136	-0.0095	0.0602	-0.0121	
-3.0509	-10.6106	-3.3811	-0.8119	0.0430	-0.9578	0.7055	-0.4337	0.5457	0.1270	-0.0086	0.0607	-0.0126	
-3.1961	-10.5678	-3.4556	-0.8380	0.0581	-0.9489	0.6829	-0.4447	0.5638	0.1354	-0.0079	0.0605	-0.0139	
-3.2926	-10.5111	-3.5837	-0.8435	0.0778	-0.9612	0.6531	-0.4543	0.5874	0.1481	-0.0070	0.0611	-0.0152	
-3.3981	-10.5105	-3.6980	-0.8508	0.0748	-0.9690	0.6304	-0.4519	0.6087	0.1668	-0.0058	0.0615	-0.0152	
-3.4481	-10.4773	-3.7760	-0.8377	0.0842	-0.9627	0.6079	-0.4513	0.6282	0.1793	-0.0050	0.0616	-0.0153	
-3.5427	-10.4767	-3.8368	-0.8417	0.0813	-0.9509	0.5889	-0.4529	0.6412	0.1935	-0.0038	0.0611	-0.0154	
-3.6663	-10.4737	-3.9398	-0.8559	0.0797	-0.9539	0.5622	-0.4583	0.6567	0.2065	-0.0028	0.0611	-0.0161	
-3.8053	-10.4343	-4.0624	-0.8744	0.0906	-0.9637	0.5312	-0.4667	0.6704	0.2249	-0.0013	0.0614	-0.0171	
-3.8797	-10.4535	-4.1851	-0.8706	0.0816	-0.9731	0.5043	-0.4711	0.6832	0.2392	-0.0001	0.0613	-0.0175	
-3.9738	-10.4356	-4.2590	-0.8732	0.0850	-0.9656	0.4735	-0.4761	0.6965	0.2528	0.0009	0.0615	-0.0183	
-4.0607	-10.4209	-4.3407	-0.8731	0.0869	-0.9612	0.4491	-0.4734	0.7106	0.2634	0.0013	0.0614	-0.0182	
-4.1661	-10.4189	-4.4678	-0.8789	0.0850	-0.9712	0.4168	-0.4737	0.7246	0.2767	0.0020	0.0617	-0.0186	
-4.2854	-10.3921	-4.5599	-0.8878	0.0900	-0.9711	0.3880	-0.4632	0.7384	0.2992	0.0032	0.0622	-0.0180	
-4.3849	-10.3275	-4.6214	-0.8910	0.1065	-0.9617	0.3642	-0.4620	0.7435	0.3189	0.0047	0.0619	-0.0179	
-4.4798	-10.2904	-4.7092	-0.8928	0.1144	-0.9597	0.3351	-0.4614	0.7515	0.3319	0.0055	0.0618	-0.0181	
-4.5933	-10.2664	-4.7866	-0.8996	0.1179	-0.9551	0.3027	-0.4556	0.7612	0.3482	0.0064	0.0622	-0.0181	
-4.6957	-10.2669	-4.8867	-0.9032	0.1146	-0.9576	0.2704	-0.4509	0.7668	0.3681	0.0078	0.0625	-0.0180	
-4.7680	-10.2698	-5.0082	-0.8989	0.1109	-0.9658	0.2460	-0.4484	0.7683	0.3857	0.0090	0.0622	-0.0175	
-4.8565	-10.2672	-5.1128	-0.8989	0.1090	-0.9687	0.2149	-0.4460	0.7713	0.4000	0.0099	0.0622	-0.0176	
-4.9263	-10.2553	-5.2326	-0.8938	0.1097	-0.9757	0.1817	-0.4422	0.7738	0.4154	0.0110	0.0624	-0.0175	
-5.0504	-10.2062	-5.3275	-0.9032	0.1199	-0.9764	0.1501	-0.4356	0.7733	0.4356	0.0123	0.0626	-0.0172	
-5.1422	-10.1800	-5.4242	-0.9038	0.1237	-0.9772	0.1183	-0.4274	0.7734	0.4529	0.0133	0.0628	-0.0168	
-5.2304	-10.1365	-5.5125	-0.9036	0.1316	-0.9762	0.0891	-0.4149	0.7720	0.4734	0.0144	0.0631	-0.0160	
-5.3216	-10.1133	-5.5693	-0.9044	0.1341	-0.9669	0.0649	-0.4068	0.7672	0.4922	0.0155	0.0628	-0.0152	
-5.3977	-10.1112	-5.6675	-0.9014	0.1318	-0.9681	0.0339	-0.3995	0.7627	0.5076	0.0164	0.0629	-0.0148	
-5.4668	-10.1060	-5.8007	-0.8958	0.1298	-0.9758	0.0042	-0.3864	0.7566	0.5276	0.0156	0.0626	-0.0158	
-5.5768	-10.0894	-5.9033	-0.9015	0.1311	-0.9780	0.0250	0.3754	-0.7491	-0.5455	0.0167	0.0627	-0.0150	
-5.6513	-10.0766	-5.9884	-0.8985	0.1311	-0.9757	0.0479	0.3606	-0.7433	-0.5619	0.0172	0.0626	-0.0139	
-5.7148	-10.0729	-6.0698	-0.8934	0.1291	-0.9727	0.0699	0.3457	-0.7343	-0.5806	0.0178	0.0626	-0.0126	
-5.8150	-10.0745	-6.1519	-0.8968	0.1263	-0.9702	0.0968	0.3307	-0.7221	-0.6001	0.0188	0.0628	-0.0114	
-5.9301	-10.0479	-6.2415	-0.9034	0.1296	-0.9689	0.1176	0.3149	-0.7132	-0.6156	0.0191	0.0627	-0.0102	
-6.0346	-10.0157	-6.3409	-0.9073	0.1342	-0.9702	0.1429	0.2980	-0.7021	-0.6309	0.0196	0.0628	-0.0092	
-6.1198	-9.9884	-6.4409	-0.9069	0.1373	-0.9712	0.1634	0.2781	-0.6931	-0.6450	0.0195	0.0629	-0.0079	
-6.1930	-9.9828	-6.5564	-0.9039	0.1360	-0.9756	0.1885	0.2606	-0.6803	-0.6587	0.0199	0.0631	-0.0069	
-6.2839	-9.9818	-6.6584	-0.9049	0.1337	-0.9769	0.2111	0.2372	-0.6680	-0.6732	0.0198	0.0635	-0.0056	
-6.3634	-9.9697	-6.7501	-0.9035	0.1336	-0.9760	0.2312	0.2118	-0.6544	-0.6883	0.0196	0.0639	-0.0040	
-6.4714	-9.9368	-6.8538	-0.9082	0.1381	-0.9776	0.2510	0.1881	-0.6376	-0.7039	0.0196	0.0642	-0.0024	
-6.5523	-9.9179	-6.9595	-0.9071	0.1395	-0.9795	0.2704	0.1634	-0.6217	-0.7169	0.0193	0.0645	-0.0010	
-6.6287	-9.8956	-7.0591	-0.9054	0.1416	-0.9798	0.2825	0.1399	-0.6040	-0.7326	0.0190	0.0645	0.0008	
-6.7186	-9.8533	-7.1511	-0.9062	0.1474	-0.9786	0.2960	0.1129	-0.5866	-0.7457	0.0184	0.0646	0.0024	
-6.7919	-9.8617	-7.2535	-0.9036	0.1432	-0.9792	0.3088	0.0888	-0.5704	-0.7563	0.0178	0.0646	0.0037	
-6.9025	-9.8424	-7.3545	-0.9085	0.1447	-0.9797	0.3220	0.0625	-0.5495	-0.7687	0.0173	0.0648	0.0053	
-6.9953	-9.8116	-7.4308	-0.9096	0.1479	-0.9753	0.3327	0.0297	-0.5327	-0.7779	0.0161	0.0651	0.0068	
-7.0726	-9.8147	-7.5265	-0.9077	0.1449	-0.9747	0.3440	0.0033	-0.5123	-0.7872	0.0154	0.0652	0.0081	
-7.1468	-9.8056	-7.6038	-0.9052	0.1441	-0.9706	0.3537	-0.0282	-0.4940	-0.7940	0.0142	0.0655	0.0094	
-7.2298	-9.8084	-7.7043	-0.9044	0.1413	-0.9708	0.3621	-0.0562	-0.4740	-0.8009	0.0132	0.0655	0.0106	
-7.3107	-9.7826	-7.7913	-0.9032	0.1435	-0.9687	0.3715	-0.0862	-0.4544	-0.8052	0.0122	0.0657	0.0117	
-7.3982	-9.7563	-7.8844	-0.9032	0.1459	-0.9675	0.3755	-0.1159	-0.4351	-0.8105	0.0109	0.0657	0.0129	
-7.4783	-9.7262	-7.9622	-0.9019	0.1488	-0.9638	0.3806	-0.1487	-0.4135	-0.8138	0.0096	0.0659	0.0141	
-7.5655	-9.7150	-8.0521	-0.9019	0.1485	-0.9623	0.3869	-0.1791	-0.3886	-0.8170	0.0085	0.0661	0.0154	
-7.6639	-9.7096	-8.1448	-0.9037	0.1471	-0.9611	0.3901	-0.2078	-0.3690	-0.8179	0.0073	0.0660	0.0161	
-7.7587	-9.7089	-8.2310	-0.9048	0.1450	-0.9588	0.3887	-0.2396	-0.3481	-0.8191	0.0056	0.0660	0.0171	
-7.8427	-9.6929	-8.3474	-0.9041	0.1455	-0.9618	0.3893	-0.2690	-0.3258	-0.8188	0.0042	0.0660	0.0180	
-7.9225	-9.6764	-8.4569	-0.9027	0.1461	-0.9634	0.3865	-0.3024	-0.3034	-0.8171	0.0025	0.0662	0.0189	
-8.0015	-9.6593	-8.5399	-0.9010	0.1466	-0.9608	0.3876	-0.3316	-0.2835	-0.8122	0.0012	0.0661	0.0194	
-8.0930	-9.6500	-8.6465	-0.9014	0.1460	-0.9619	0.3843	-0.3589	-0.2626	-0.8094	-0.0002	0.0659	0.0200	
-8.1722	-9.6222	-8.7393	-0.8997	0.1480	-0.9611	0.3849	-0.3936	-0.2434	-0.7986	-0.0017	0.0662	0.0201	
-8.2705	-9.6014	-8.8548	-0.9012	0.1491	-0.9637	0.3831	-0.4195	-0.2248	-0.7920	-0.0029	0.0660	0.0203	
-8.3671	-9.5967	-8.9637	-0.9022	0.1477	-0.9653	0.3809	-0.4479	-0.2065	-0.7823	-0.0042	0.0659	0.0203	
-8.4658	-9.5873	-9.0491	-0.9035	0.1469	-0.9632	0.3817	-0.4713	-0.1888	-0.7726	-0.0050	0.0656	0.0202	
-8.5530	-9.5781	-9.1442	-0.9029	0.1461	-0.9627	0.3811	-0.4972	-0.1715	-0.7605	-0.0059	0.0655	0.0200	
-8.6284	-9.5788	-9.2330	-0.9006	0.1438	-0.9613	0.3792	-0.5238	-0.1512	-0.7477	-0.0070	0.0655	0.0200	
-8.7238	-9.5586	-9.3301	-0.9014	0.1448	-0.9610	0.3736	-0.5497	-0.1363	-0.7350	-0.0082	0.0653	0.0196	
-8.8133	-9.5390	-9.4222	-0.9012	0.1456	-0.9601	0.3696	-0.5754	-0.1207	-0.7198	-0.0092	0.0652	0.0192	
-8.8956	-9.5441	-9.5168	-0.8999	0.1427	-0.9596	0.3665	-0.6024	-0.1060	-0.7012	-0.0102	0.0653	0.0185	
-8.9824	-9.5335	-9.6170	-0.8993	0.1423	-0.9599	0.3625	-0.6271	-0.0924	-0.6835	-0.0110	0.0652	0.0178	
-9.0724	-9.5268	-9.7161	-0.8993	0.1413	-0.9601	0.3576	-0.6538	-0.0759	-0.6626	-0.0120	0.0654	0.0172	
-9.1560	-9.5205	-9.8034	-0.8983	0.1402	-0.9586	0.3536	-0.6785	-0.0625	-0.6410	-0.0127	0.0655	0.0164	
-9.2532	-9.5075	-9.8966	-0.8992	0.1401	-0.9580	0.3491	-0.7005	-0.0549	-0.6207	-0.0131	0.0653	0.0153	
-9.3511	-9.5070	-9.9839	-0.9002	0.1383	-0.9566	0.3461	-0.7214	-0.0442	-0.5986	-0.0134	0.0653	0.0144	
-9.4379	-9.4944	-10.0855	-0.8996	0.1382	-0.9572	0.3405	-0.7416	-0.0338	-0.5775	-0.0139	0.0651	0.0135	
-9.5362	-9.4911	-10.1801	-0.9006	0.1369	-0.9569	0.3354	-0.7624	-0.0254	-0.5532	-0.0142	0.0651	0.0124	
-9.6364	-9.4816	-10.2798	-0.9019	0.1364	-0.9573	0.3317	-0.7804	-0.0169	-0.5302	-0.0144	0.0649	0.0115	
-9.7383	-9.4703	-10.3847	-0.9034	0.1360	-0.9586	0.3332	-0.7973	-0.0132	-0.5037	-0.0138	0.0649	0.0102	
-9.8180	-9.4657	-10.4967	-0.9019	0.1348	-0.9607	0.3336	-0.8155	-0.0037	-0.4729	-0.0135	0.0652	0.0092	
-9.9153	-9.4464	-10.6001	-0.9027	0.1356	-0.9618	0.3336	-0.8296	0.0003	-0.4486	-0.0131	0.0649	0.0082	
-10.0187	-9.4263	-10.6965	-0.9044	0.1365	-0.9618	0.3333	-0.8427	0.0048	-0.4235	-0.0126	0.0647	0.0073	
-10.1082	-9.4234	-10.7786	-0.9041	0.1352	-0.9599	0.3300	-0.8567	0.0132	-0.3967	-0.0125	0.0647	0.0066	
-10.2154	-9.4295	-10.8809	-0.9063	0.1327	-0.9607	0.3291	-0.8702	0.0193	-0.3666	-0.0120	0.0648	0.0056	
-10.3197	-9.4093	-10.9527	-0.9080	0.1336	-0.9576	0.3291	-0.8806	0.0230	-0.3413	-0.0114	0.0646	0.0049	
-10.4089	-9.3983	-11.0517	-0.9077	0.1333	-0.9580	0.3309	-0.8905	0.0281	-0.3115	-0.0107	0.0646	0.0042	
-10.5193	-9.3870	-11.1359	-0.9102	0.1331	-0.9566	0.3327	-0.8993	0.0274	-0.2840	-0.0097	0.0643	0.0033	
-10.6155	-9.3728	-11.2158	-0.9108	0.1332	-0.9546	0.3311	-0.9083	0.0316	-0.2545	-0.0092	0.0643	0.0025	
-10.7132	-9.3806	-11.2990	-0.9116	0.1306	-0.9532	0.3359	-0.9142	0.0328	-0.2256	-0.0079	0.0641	0.0020	
-10.8070	-9.3818	-11.3930	-0.9119	0.1288	-0.9531	0.3385	-0.9201	0.0328	-0.1956	-0.0068	0.0640	0.0013	
-10.8931	-9.3852	-11.4964	-0.9112	0.1268	-0.9541	0.3434	-0.9245	0.0358	-0.1622	-0.0057	0.0641	0.0009	
-10.9859	-9.3737	-11.5918	-0.9115	0.1267	-0.9541	0.3462	-0.9289	0.0406	-0.1250	-0.0047	0.0646	0.0005	
-11.0742	-9.3697	-11.6876	-0.9112	0.1255	-0.9542	0.3536	-0.9300	0.0463	-0.0893	-0.0035	0.0649	0.0005	
-11.1661	-9.3629	-11.7759	-0.9113	0.1248	-0.9534	0.3581	-0.9309	0.0473	-0.0565	-0.0023	0.0649	0.0002	
-11.2509	-9.3573	-11.8653	-0.9105	0.1240	-0.9528	0.3604	-0.9315	0.0475	-0.0281	-0.0014	0.0645	-0.0001	
-11.3424	-9.3415	-11.9613	-0.9106	0.1243	-0.9529	0.3654	-0.9298	0.0477	0.0046	-0.0002	0.0645	-0.0003	
-11.4334	-9.3364	-12.0484	-0.9106	0.1234	-0.9520	0.3724	-0.9263	0.0502	0.0345	0.0008	0.0643	-0.0001	
-11.5251	-9.3325	-12.1504	-0.9107	0.1222	-0.9529	0.3826	-0.9203	0.0577	0.0623	0.0017	0.0640	0.0007	
-11.6120	-9.3273	-12.2485	-0.9103	0.1213	-0.9533	0.3904	-0.9141	0.0602	0.0931	0.0028	0.0639	0.0011	
-11.6997	-9.3148	-12.3467	-0.9100	0.1212	-0.9537	0.3971	-0.9077	0.0673	0.1193	0.0033	0.0635	0.0016	
-11.7909	-9.2991	-12.4299	-0.9100	0.1215	-0.9523	0.4077	-0.8971	0.0778	0.1515	0.0040	0.0637	0.0026	
-11.8866	-9.2948	-12.5253	-0.9106	0.1205	-0.9523	0.4168	-0.8869	0.0811	0.1825	0.0050	0.0636	0.0033	
-11.9916	-9.2924	-12.6154	-0.9123	0.1193	-0.9517	0.4255	-0.8761	0.0921	0.2081	0.0053	0.0634	0.0043	
-12.0914	-9.2890	-12.7074	-0.9133	0.1182	-0.9514	0.4357	-0.8645	0.0997	0.2312	0.0057	0.0628	0.0053	
-12.1881	-9.2784	-12.8054	-0.9140	0.1179	-0.9517	0.4474	-0.8501	0.1137	0.2544	0.0057	0.0625	0.0068	
-12.2735	-9.2697	-12.9102	-0.9133	0.1174	-0.9528	0.4567	-0.8356	0.1256	0.2788	0.0058	0.0623	0.0079	
-12.3654	-9.2638	-12.9979	-0.9135	0.1167	-0.9520	0.4668	-0.8203	0.1338	0.3028	0.0060	0.0620	0.0089	
-12.4672	-9.2698	-13.0977	-0.9146	0.1147	-0.9524	0.4793	-0.8020	0.1461	0.3257	0.0061	0.0617	0.0105	
-12.5696	-9.2610	-13.1972	-0.9159	0.1142	-0.9529	0.4925	-0.7835	0.1602	0.3443	0.0058	0.0612	0.0121	
-12.6722	-9.2501	-13.2911	-0.9171	0.1140	-0.9527	0.5038	-0.7630	0.1739	0.3661	0.0055	0.0610	0.0135	
-12.7726	-9.2357	-13.3853	-0.9181	0.1142	-0.9526	0.5159	-0.7428	0.1899	0.3828	0.0049	0.0606	0.0150	
-12.8677	-9.2308	-13.4833	-0.9185	0.1134	-0.9529	0.5275	-0.7203	0.2034	0.4023	0.0046	0.0603	0.0164	
-12.9721	-9.2210	-13.5749	-0.9199	0.1131	-0.9524	0.5409	-0.6946	0.2233	0.4188	0.0036	0.0601	0.0183	
-13.0790	-9.2083	-13.6724	-0.9215	0.1131	-0.9526	0.5522	-0.6721	0.2424	0.4304	0.0025	0.0594	0.0198	
-13.1711	-9.1973	-13.7640	-0.9215	0.1129	-0.9522	0.5645	-0.6469	0.2532	0.4461	0.0022	0.0590	0.0212	
-13.2649	-9.1794	-13.8621	-0.9217	0.1135	-0.9525	0.5759	-0.6197	0.2702	0.4600	0.0013	0.0587	0.0227	
-13.3583	-9.1727	-13.9509	-0.9219	0.1128	-0.9518	0.5891	-0.5950	0.2884	0.4655	-0.0001	0.0579	0.0242	
-13.4645	-9.1556	-14.0453	-0.9234	0.1133	-0.9517	0.5992	-0.5683	0.3085	0.4726	-0.0015	0.0573	0.0255	
-13.5729	-9.1420	-14.1363	-0.9251	0.1134	-0.9512	0.6088	-0.5374	0.3246	0.4850	-0.0025	0.0570	0.0269	
-13.6608	-9.1258	-14.2301	-0.9246	0.1138	-0.9511	0.6166	-0.5080	0.3474	0.4913	-0.0041	0.0567	0.0281	
-13.7598	-9.1035	-14.3286	-0.9253	0.1147	-0.9514	0.6235	-0.4798	0.3702	0.4944	-0.0059	0.0561	0.0291	
-13.8664	-9.0862	-14.4224	-0.9268	0.1152	-0.9512	0.6277	-0.4514	0.3914	0.4993	-0.0074	0.0557	0.0298	
-13.9703	-9.0603	-14.5077	-0.9279	0.1165	-0.9502	0.6322	-0.4187	0.4145	0.5032	-0.0091	0.0554	0.0308	
-14.0703	-9.0419	-14.5985	-0.9286	0.1170	-0.9498	0.6376	-0.3893	0.4331	0.5047	-0.0106	0.0548	0.0315	
-14.1535	-9.0218	-14.6878	-0.9278	0.1177	-0.9492	0.6416	-0.3619	0.4495	0.5058	-0.0119	0.0542	0.0320	
-14.2399	-8.9944	-14.7659	-0.9272	0.1191	-0.9475	0.6473	-0.3354	0.4657	0.5023	-0.0134	0.0532	0.0325	
-14.3260	-8.9657	-14.8502	-0.9267	0.1205	-0.9465	0.6491	-0.3064	0.4854	0.4996	-0.0150	0.0527	0.0328	
-14.4176	-8.9399	-14.9297	-0.9266	0.1217	-0.9450	0.6477	-0.2777	0.5080	0.4957	-0.0168	0.0523	0.0328	
-14.4995	-8.9227	-15.0051	-0.9256	0.1221	-0.9432	0.6462	-0.2494	0.5284	0.4913	-0.0184	0.0518	0.0328	
-14.5835	-8.9020	-15.0989	-0.9249	0.1228	-0.9431	0.6449	-0.2277	0.5435	0.4875	-0.0195	0.0510	0.0325	
-14.6664	-8.8803	-15.1820	-0.9240	0.1235	-0.9420	0.6395	-0.2001	0.5639	0.4829	-0.0209	0.0507	0.0322	
-14.7490	-8.8630	-15.2691	-0.9231	0.1239	-0.9413	0.6348	-0.1756	0.5825	0.4770	-0.0223	0.0502	0.0318	
-14.8336	-8.8479	-15.3525	-0.9225	0.1240	-0.9403	0.6297	-0.1542	0.5994	0.4703	-0.0234	0.0496	0.0311	
-14.9175	-8.8182	-15.4271	-0.9218	0.1255	-0.9385	0.6219	-0.1282	0.6194	0.4620	-0.0249	0.0493	0.0305	
-15.0097	-8.7952	-15.5107	-0.9218	0.1263	-0.9375	0.6143	-0.1031	0.6351	0.4572	-0.0258	0.0489	0.0299	
-15.0932	-8.7698	-15.5944	-0.9210	0.1274	-0.9366	0.6031	-0.0785	0.6511	0.4543	-0.0265	0.0489	0.0293	
-15.1623	-8.7428	-15.6806	-0.9190	0.1286	-0.9359	0.5895	-0.0538	0.6709	0.4469	-0.0275	0.0489	0.0283	
-15.2359	-8.7144	-15.7659	-0.9174	0.1298	-0.9351	0.5804	-0.0308	0.6870	0.4367	-0.0286	0.0486	0.0275	
-15.3189	-8.6979	-15.8697	-0.9167	0.1300	-0.9360	0.5670	-0.0073	0.7031	0.4294	-0.0294	0.0486	0.0267	
-15.3936	-8.6712	-15.9645	-0.9152	0.1311	-0.9361	0.5535	0.0160	0.7201	0.4186	-0.0303	0.0485	0.0257	
-15.4692	-8.6484	-16.0589	-0.9139	0.1319	-0.9361	0.5354	0.0373	0.7366	0.4119	-0.0308	0.0487	0.0246	
-15.5448	-8.6238	-16.1520	-0.9125	0.1327	-0.9360	0.5218	0.0566	0.7521	0.3995	-0.0315	0.0486	0.0234	
-15.6095	-8.6093	-16.2390	-0.9102	0.1327	-0.9355	0.5001	0.0756	0.7686	0.3923	-0.0318	0.0490	0.0221	
-15.6816	-8.5832	-16.3295	-0.9086	0.1337	-0.9352	0.4773	0.0941	0.7858	0.3825	-0.0321	0.0494	0.0206	
-15.7579	-8.5653	-16.4153	-0.9074	0.1340	-0.9345	0.4526	0.1106	0.8024	0.3737	-0.0322	0.0499	0.0191	
-15.8291	-8.5492	-16.5097	-0.9058	0.1341	-0.9345	0.4284	0.1250	0.8178	0.3643	-0.0322	0.0504	0.0176	
-15.9081	-8.5376	-16.6027	-0.9048	0.1338	-0.9345	0.3962	0.1321	0.8374	0.3542	-0.0318	0.0512	0.0152	
-15.9891	-8.5166	-16.6978	-0.9040	0.1343	-0.9346	0.3672	0.1424	0.8528	0.3442	-0.0315	0.0519	0.0134	
-16.0606	-8.4951	-16.7961	-0.9025	0.1349	-0.9350	0.3404	0.1531	0.8672	0.3307	-0.0314	0.0523	0.0117	
-16.1292	-8.4703	-16.8917	-0.9007	0.1357	-0.9351	0.3068	0.1621	0.8815	0.3213	-0.0308	0.0533	0.0100	
-16.2034	-8.4475	-16.9942	-0.8994	0.1363	-0.9358	0.2826	0.1687	0.8930	0.3086	-0.0304	0.0534	0.0085	
-16.2741	-8.4290	-17.0899	-0.8979	0.1366	-0.9360	0.2538	0.1785	0.9024	0.2998	-0.0298	0.0539	0.0073	
-16.3475	-8.4094	-17.2001	-0.8966	0.1370	-0.9373	0.2245	0.1835	0.9136	0.2866	-0.0292	0.0544	0.0057	
-16.4223	-8.3906	-17.3053	-0.8954	0.1373	-0.9382	0.1918	0.1904	0.9223	0.2772	-0.0284	0.0551	0.0044	
-16.5039	-8.3713	-17.4110	-0.8948	0.1377	-0.9392	0.1622	0.1943	0.9289	0.2718	-0.0273	0.0555	0.0034	
-16.5821	-8.3493	-17.5222	-0.8939	0.1382	-0.9405	0.1322	0.1978	0.9351	0.2638	-0.0263	0.0559	0.0023	
-16.6774	-8.3366	-17.6233	-0.8944	0.1381	-0.9411	0.0990	0.2052	0.9385	0.2601	-0.0252	0.0565	0.0017	
-16.7594	-8.3137	-17.7258	-0.8938	0.1387	-0.9417	0.0670	0.2063	0.9431	0.2535	-0.0239	0.0570	0.0006	
-16.8415	-8.2858	-17.8333	-0.8933	0.1397	-0.9428	0.0299	0.2079	0.9469	0.2442	-0.0227	0.0579	-0.0005	
-16.8902	-8.2823	-17.9244	-0.8900	0.1389	-0.9425	-0.0087	0.2116	0.9478	0.2388	-0.0239	0.0570	0.0005	
-16.9677	-8.2670	-18.0280	-0.8891	0.1389	-0.9433	0.0482	-0.2168	-0.9458	-0.2371	-0.0225	0.0581	0.0001	
-17.0555	-8.2532	-18.1326	-0.8891	0.1388	-0.9441	0.0802	-0.2239	-0.9419	-0.2376	-0.0214	0.0585	0.0001	
-17.1403	-8.2306	-18.2313	-0.8888	0.1394	-0.9444	0.1151	-0.2294	-0.9377	-0.2344	-0.0202	0.0592	-0.0002	
-17.2340	-8.2042	-18.3369	-0.8892	0.1403	-0.9453	0.1476	-0.2371	-0.9311	-0.2349	-0.0192	0.0596	-0.0001	
-17.3200	-8.1846	-18.4387	-0.8890	0.1407	-0.9459	0.1794	-0.2390	-0.9261	-0.2310	-0.0181	0.0600	-0.0004	
-17.4066	-8.1667	-18.5365	-0.8888	0.1409	-0.9461	0.2136	-0.2422	-0.9186	-0.2281	-0.0169	0.0606	-0.0006	
-17.4947	-8.1511	-18.6415	-0.8888	0.1410	-0.9469	0.2459	-0.2484	-0.9096	-0.2247	-0.0161	0.0610	-0.0007	
-17.5809	-8.1260	-18.7455	-0.8886	0.1418	-0.9476	0.2781	-0.2578	-0.8971	-0.2268	-0.0154	0.0614	-0.0001	
-17.6696	-8.1137	-18.8526	-0.8886	0.1416	-0.9486	0.3101	-0.2608	-0.8862	-0.2251	-0.0144	0.0618	0.0000	
-17.7648	-8.1033	-18.9455	-0.8891	0.1413	-0.9484	0.3350	-0.2684	-0.8734	-0.2311	-0.0138	0.0616	0.0010	
-17.8531	-8.0813	-19.0441	-0.8891	0.1418	-0.9487	0.3660	-0.2771	-0.8578	-0.2310	-0.0133	0.0620	0.0014	
-17.9509	-8.0663	-19.1427	-0.8898	0.1418	-0.9490	0.3919	-0.2858	-0.8428	-0.2337	-0.0129	0.0620	0.0021	
-18.0485	-8.0436	-19.2372	-0.8904	0.1424	-0.9489	0.4220	-0.2930	-0.8250	-0.2355	-0.0124	0.0623	0.0027	
-18.1339	-8.0338	-19.3457	-0.8902	0.1421	-0.9499	0.4464	-0.2991	-0.8091	-0.2386	-0.0120	0.0622	0.0035	
-18.2299	-8.0176	-19.4415	-0.8907	0.1422	-0.9500	0.4740	-0.3111	-0.7868	-0.2439	-0.0120	0.0625	0.0046	
-18.3216	-8.0118	-19.5407	-0.8910	0.1416	-0.9503	0.4985	-0.3205	-0.7661	-0.2492	-0.0119	0.0625	0.0056	
-18.4184	-7.9993	-19.6447	-0.8916	0.1414	-0.9509	0.5211	-0.3309	-0.7438	-0.2568	-0.0121	0.0623	0.0069	
-18.5059	-7.9888	-19.7477	-0.8915	0.1411	-0.9515	0.5449	-0.3407	-0.7190	-0.2649	-0.0122	0.0624	0.0082	
-18.5980	-7.9646	-19.8429	-0.8917	0.1418	-0.9515	0.5677	-0.3538	-0.6921	-0.2710	-0.0126	0.0625	0.0093	
-18.6930	-7.9522	-19.9373	-0.8922	0.1417	-0.9514	0.5854	-0.3674	-0.6669	-0.2790	-0.0133	0.0622	0.0105	
-18.7810	-7.9324	-20.0347	-0.8921	0.1421	-0.9515	0.6003	-0.3801	-0.6431	-0.2861	-0.0140	0.0617	0.0115	
-18.8646	-7.9105	-20.1238	-0.8918	0.1426	-0.9511	0.6150	-0.3950	-0.6162	-0.2937	-0.0148	0.0613	0.0126	
-18.9408	-7.8944	-20.2232	-0.8909	0.1427	-0.9514	0.6281	-0.4091	-0.5878	-0.3048	-0.0158	0.0609	0.0139	
-19.0291	-7.8763	-20.3147	-0.8909	0.1429	-0.9511	0.6392	-0.4212	-0.5621	-0.3138	-0.0166	0.0603	0.0149	
-19.1107	-7.8604	-20.4142	-0.8904	0.1430	-0.9514	0.6520	-0.4372	-0.5299	-0.3208	-0.0177	0.0601	0.0160	
-19.1954	-7.8424	-20.5178	-0.8902	0.1433	-0.9519	0.6592	-0.4521	-0.5039	-0.3280	-0.0189	0.0594	0.0167	
-19.2934	-7.8316	-20.6170	-0.8908	0.1430	-0.9521	0.6675	-0.4667	-0.4742	-0.3346	-0.0200	0.0589	0.0174	
-19.3729	-7.8154	-20.7207	-0.8902	0.1431	-0.9527	0.6705	-0.4811	-0.4488	-0.3441	-0.0213	0.0580	0.0181	
-19.4628	-7.8087	-20.8211	-0.8903	0.1426	-0.9530	0.6762	-0.4945	-0.4194	-0.3501	-0.0224	0.0574	0.0187	
-19.5476	-7.7901	-20.9187	-0.8900	0.1429	-0.9531	0.6804	-0.5097	-0.3850	-0.3594	-0.0238	0.0570	0.0196	
-19.6374	-7.7842	-21.0107	-0.8901	0.1423	-0.9528	0.6815	-0.5236	-0.3569	-0.3668	-0.0251	0.0562	0.0200	
-19.7239	-7.7697	-21.1138	-0.8899	0.1424	-0.9533	0.6822	-0.5399	-0.3243	-0.3716	-0.0265	0.0557	0.0203	
-19.8127	-7.7583	-21.2105	-0.8899	0.1422	-0.9534	0.6814	-0.5585	-0.2885	-0.3749	-0.0283	0.0553	0.0205	
-19.9031	-7.7409	-21.3025	-0.8900	0.1424	-0.9531	0.6785	-0.5731	-0.2612	-0.3788	-0.0294	0.0545	0.0205	
-19.9870	-7.7284	-21.4055	-0.8897	0.1423	-0.9536	0.6770	-0.5893	-0.2259	-0.3785	-0.0308	0.0542	0.0204	
-20.0749	-7.7174	-21.5077	-0.8896	0.1421	-0.9540	0.6732	-0.6031	-0.1982	-0.3799	-0.0318	0.0535	0.0202	
-20.1628	-7.6937	-21.6010	-0.8896	0.1427	-0.9538	0.6674	-0.6191	-0.1647	-0.3799	-0.0332	0.0531	0.0199	
-20.2579	-7.6850	-21.6923	-0.8900	0.1423	-0.9535	0.6597	-0.6332	-0.1381	-0.3814	-0.0343	0.0523	0.0195	
-20.3432	-7.6621	-21.7944	-0.8897	0.1429	-0.9539	0.6533	-0.6454	-0.1076	-0.3814	-0.0353	0.0518	0.0193	
-20.4363	-7.6392	-21.8847	-0.8900	0.1435	-0.9535	0.6444	-0.6589	-0.0748	-0.3810	-0.0366	0.0513	0.0189	
-20.5187	-7.6293	-21.9855	-0.8896	0.1432	-0.9538	0.6326	-0.6722	-0.0404	-0.3827	-0.0380	0.0508	0.0187	
-20.6031	-7.6152	-22.0906	-0.8892	0.1432	-0.9544	0.6227	-0.6863	-0.0155	-0.3763	-0.0387	0.0503	0.0177	
-20.6962	-7.5974	-22.1932	-0.8895	0.1434	-0.9548	0.6111	-0.6982	0.0140	-0.3732	-0.0397	0.0499	0.0171	
-20.7919	-7.5771	-22.2881	-0.8899	0.1438	-0.9548	0.6012	-0.7088	0.0436	-0.3666	-0.0403	0.0496	0.0164	
-20.8773	-7.5638	-22.3816	-0.8897	0.1437	-0.9546	0.5881	-0.7225	0.0752	-0.3558	-0.0411	0.0497	0.0153	
-20.9675	-7.5510	-22.4828	-0.8897	0.1436	-0.9550	0.5738	-0.7343	0.1045	-0.3476	-0.0419	0.0495	0.0143	
-21.0641	-7.5350	-22.5782	-0.8902	0.1437	-0.9549	0.5589	-0.7451	0.1289	-0.3413	-0.0425	0.0490	0.0133	
-21.1504	-7.5219	-22.6758	-0.8900	0.1436	-0.9550	0.5416	-0.7614	0.1522	-0.3235	-0.0428	0.0492	0.0114	
-21.2359	-7.5023	-22.7681	-0.8897	0.1439	-0.9548	0.5232	-0.7735	0.1781	-0.3110	-0.0433	0.0492	0.0100	
-21.3255	-7.4821	-22.8560	-0.8897	0.1443	-0.9543	0.5033	-0.7879	0.2036	-0.2914	-0.0437	0.0496	0.0082	
-21.4186	-7.4646	-22.9399	-0.8899	0.1445	-0.9536	0.4870	-0.8003	0.2200	-0.2740	-0.0433	0.0496	0.0065	
-21.5110	-7.4423	-23.0342	-0.8901	0.1449	-0.9535	0.4711	-0.8107	0.2398	-0.2531	-0.0430	0.0499	0.0049	
-21.6004	-7.4215	-23.1276	-0.8901	0.1453	-0.9534	0.4497	-0.8227	0.2621	-0.2297	-0.0430	0.0505	0.0030	
-21.6900	-7.4041	-23.2238	-0.8901	0.1455	-0.9534	0.4296	-0.8344	0.2809	-0.2026	-0.0425	0.0513	0.0011	
-21.7767	-7.3856	-23.3181	-0.8899	0.1457	-0.9534	0.4100	-0.8443	0.2949	-0.1820	-0.0420	0.0514	-0.0005	
-21.8704	-7.3673	-23.4052	-0.8901	0.1459	-0.9529	0.3928	-0.8528	0.3069	-0.1589	-0.0411	0.0517	-0.0021	
-21.9614	-7.3489	-23.4960	-0.8902	0.1461	-0.9526	0.3751	-0.8583	0.3249	-0.1321	-0.0404	0.0524	-0.0034	
-22.0527	-7.3325	-23.5842	-0.8903	0.1462	-0.9522	0.3564	-0.8640	0.3396	-0.1087	-0.0397	0.0528	-0.0047	
-22.1426	-7.3220	-23.6846	-0.8903	0.1459	-0.9525	0.3365	-0.8698	0.3527	-0.0800	-0.0387	0.0535	-0.0061	
-22.2399	-7.3084	-23.7755	-0.8908	0.1459	-0.9522	0.3181	-0.8758	0.3608	-0.0521	-0.0375	0.0540	-0.0076	
-22.3342	-7.2889	-23.8672	-0.8911	0.1461	-0.9520	0.2975	-0.8796	0.3713	-0.0242	-0.0365	0.0545	-0.0090	
-22.4303	-7.2786	-23.9597	-0.8915	0.1459	-0.9519	0.2785	-0.8819	0.3812	0.0030	-0.0354	0.0550	-0.0101	
-22.5213	-7.2578	-24.0539	-0.8915	0.1462	-0.9519	0.2623	-0.8819	0.3916	0.0285	-0.0344	0.0554	-0.0108	
-22.6140	-7.2504	-24.1396	-0.8917	0.1458	-0.9513	0.2446	-0.8814	0.4010	0.0553	-0.0333	0.0558	-0.0116	
-22.7086	-7.2385	-24.2388	-0.8920	0.1456	-0.9516	0.2250	-0.8793	0.4109	0.0872	-0.0321	0.0567	-0.0126	
-22.7937	-7.2240	-24.3269	-0.8918	0.1455	-0.9512	0.2076	-0.8772	0.4169	0.1191	-0.0307	0.0574	-0.0133	
-22.8842	-7.2104	-24.4128	-0.8918	0.1455	-0.9507	0.1927	-0.8739	0.4209	0.1507	-0.0291	0.0581	-0.0139	
-22.9814	-7.1961	-24.5059	-0.8923	0.1454	-0.9506	0.1737	-0.8701	0.4244	0.1821	-0.0277	0.0587	-0.0147	
-23.0842	-7.1852	-24.6019	-0.8930	0.1452	-0.9507	0.1569	-0.8652	0.4258	0.2148	-0.0261	0.0594	-0.0153	
-23.1747	-7.1758	-24.6916	-0.8931	0.1449	-0.9504	0.1386	-0.8598	0.4271	0.2444	-0.0247	0.0598	-0.0160	
-23.2676	-7.1666	-24.7796	-0.8933	0.1446	-0.9500	0.1254	-0.8512	0.4302	0.2741	-0.0233	0.0603	-0.0160	
-23.3608	-7.1520	-24.8695	-0.8935	0.1446	-0.9497	0.1112	-0.8417	0.4338	0.3023	-0.0221	0.0606	-0.0161	
-23.4476	-7.1371	-24.9564	-0.8934	0.1446	-0.9493	0.0988	-0.8317	0.4354	0.3310	-0.0208	0.0610	-0.0160	
-23.5445	-7.1238	-25.0452	-0.8938	0.1445	-0.9489	0.0870	-0.8192	0.4373	0.3612	-0.0196	0.0615	-0.0158	
-23.6323	-7.1184	-25.1318	-0.8937	0.1439	-0.9485	0.0781	-0.8081	0.4365	0.3887	-0.0183	0.0616	-0.0154	
-23.7222	-7.1121	-25.2230	-0.8938	0.1435	-0.9483	0.0677	-0.7953	0.4368	0.4155	-0.0172	0.0618	-0.0150	
-23.8123	-7.0983	-25.3165	-0.8938	0.1434	-0.9482	0.0573	-0.7776	0.4417	0.4440	-0.0164	0.0623	-0.0145	
-23.8998	-7.0859	-25.4074	-0.8937	0.1433	-0.9480	0.0482	-0.7623	0.4394	0.4733	-0.0152	0.0627	-0.0140	
-23.9881	-7.0768	-25.4934	-0.8937	0.1430	-0.9476	0.0426	-0.7456	0.4382	0.5009	-0.0141	0.0629	-0.0132	
-24.0741	-7.0642	-25.5827	-0.8935	0.1429	-0.9473	0.0397	-0.7258	0.4420	0.5260	-0.0137	0.0630	-0.0121	
-24.1707	-7.0539	-25.6704	-0.8939	0.1426	-0.9469	0.0322	-0.7035	0.4442	0.5539	-0.0131	0.0635	-0.0113	
-24.2602	-7.0486	-25.7558	-0.8939	0.1421	-0.9464	0.0295	-0.6846	0.4412	0.5800	-0.0122	0.0636	-0.0102	
-24.3447	-7.0384	-25.8425	-0.8937	0.1419	-0.9460	0.0264	-0.6629	0.4458	0.6012	-0.0121	0.0635	-0.0092	
-24.4441	-7.0382	-25.9205	-0.8942	0.1411	-0.9451	0.0261	-0.6434	0.4488	0.6202	-0.0122	0.0639	-0.0102	
-24.5266	-7.0271	-26.0081	-0.8938	0.1410	-0.9447	0.0248	-0.6223	0.4501	0.6404	-0.0118	0.0637	-0.0092	
-24.6217	-7.0308	-26.0981	-0.8941	0.1400	-0.9444	0.0227	-0.5955	0.4552	0.6617	-0.0117	0.0636	-0.0101	
-24.7082	-7.0248	-26.1901	-0.8940	0.1396	-0.9443	0.0207	-0.5719	0.4614	0.6782	-0.0118	0.0633	-0.0091	
-24.7950	-7.0327	-26.2758	-0.8938	0.1384	-0.9438	0.0191	-0.5450	0.4678	0.6957	-0.0116	0.0634	-0.0100	
-24.8835	-7.0217	-26.3602	-0.8938	0.1382	-0.9433	0.0145	-0.5210	0.4724	0.7110	-0.0114	0.0632	-0.0093	
-24.9738	-7.0272	-26.4503	-0.8938	0.1372	-0.9431	0.0099	-0.4941	0.4786	0.7258	-0.0113	0.0633	-0.0100	
-25.0628	-7.0199	-26.5381	-0.8938	0.1369	-0.9427	-0.0043	0.4697	-0.4818	-0.7400	-0.0111	0.0631	-0.0094	
-25.1551	-7.0087	-26.6301	-0.8940	0.1367	-0.9426	0.0008	0.4436	-0.4865	-0.7529	-0.0112	0.0629	-0.0086	
-25.2369	-7.0019	-26.7202	-0.8936	0.1364	-0.9424	0.0039	0.4149	-0.4914	-0.7659	-0.0116	0.0629	-0.0077	
-25.3259	-6.9948	-26.8069	-0.8936	0.1360	-0.9420	0.0097	0.3852	-0.4973	-0.7773	-0.0120	0.0629	-0.0070	
-25.4094	-6.9919	-26.8942	-0.8933	0.1354	-0.9416	0.0103	0.3591	-0.5019	-0.7871	-0.0125	0.0625	-0.0061	
-25.4959	-6.9864	-26.9816	-0.8931	0.1350	-0.9412	0.0100	0.3318	-0.5078	-0.7952	-0.0133	0.0620	-0.0052	
-25.5808	-6.9785	-27.0725	-0.8929	0.1347	-0.9410	0.0139	0.3025	-0.5146	-0.8023	-0.0141	0.0617	-0.0047	
-25.6652	-6.9746	-27.1595	-0.8927	0.1342	-0.9407	0.0125	0.2717	-0.5210	-0.8093	-0.0152	0.0614	-0.0039	
-25.7551	-6.9692	-27.2527	-0.8927	0.1338	-0.9406	0.0066	0.2393	-0.5263	-0.8162	-0.0165	0.0610	-0.0027	
-25.8423	-6.9628	-27.3440	-0.8926	0.1334	-0.9405	0.0004	0.2085	-0.5333	-0.8202	-0.0180	0.0604	-0.0018	
-25.9282	-6.9549	-27.4406	-0.8924	0.1332	-0.9406	-0.0034	0.1779	-0.5400	-0.8228	-0.0192	0.0599	-0.0012	
-26.0196	-6.9470	-27.5324	-0.8925	0.1329	-0.9404	-0.0097	0.1453	-0.5458	-0.8254	-0.0207	0.0594	-0.0004	
-26.1096	-6.9402	-27.6299	-0.8926	0.1326	-0.9406	0.0112	-0.1126	0.5539	0.8249	-0.0220	0.0590	-0.0001	
-26.2042	-6.9422	-27.7143	-0.8928	0.1318	-0.9401	0.0118	-0.0790	0.5621	0.8232	-0.0208	0.0593	-0.0001	
-26.2929	-6.9361	-27.8044	-0.8928	0.1314	-0.9399	0.0141	-0.0503	0.5698	0.8204	-0.0220	0.0585	0.0003	
-26.3849	-6.9372	-27.8810	-0.8930	0.1307	-0.9390	0.0117	-0.0196	0.5773	0.8163	-0.0210	0.0590	0.0004	
-26.4721	-6.9305	-27.9664	-0.8928	0.1304	-0.9386	0.0103	0.0075	0.5835	0.8123	-0.0219	0.0582	0.0006	
-26.5639	-6.9301	-28.0435	-0.8930	0.1298	-0.9378	0.0091	0.0369	0.5903	0.8065	-0.0209	0.0588	0.0007	
-26.6559	-6.9217	-28.1302	-0.8931	0.1295	-0.9374	0.0053	0.0654	0.5973	0.7995	-0.0220	0.0582	0.0008	
-26.7425	-6.9228	-28.2111	-0.8930	0.1288	-0.9368	-0.0010	-0.0959	-0.6042	-0.7911	-0.0209	0.0586	0.0006	
-26.8277	-6.9154	-28.2933	-0.8928	0.1286	-0.9362	0.0029	-0.1228	-0.6101	-0.7830	-0.0199	0.0592	0.0001	
-26.9116	-6.9079	-28.3710	-0.8925	0.1283	-0.9354	0.0087	-0.1500	-0.6166	-0.7730	-0.0189	0.0598	-0.0005	
-26.9990	-6.9027	-28.4476	-0.8924	0.1279	-0.9346	0.0151	-0.1773	-0.6228	-0.7621	-0.0179	0.0603	-0.0014	
-27.0837	-6.9020	-28.5191	-0.8922	0.1273	-0.9336	0.0263	-0.2036	-0.6315	-0.7479	-0.0166	0.0609	-0.0024	
-27.1630	-6.8940	-28.5898	-0.8917	0.1271	-0.9325	0.0379	-0.2282	-0.6412	-0.7319	-0.0151	0.0615	-0.0037	
-27.2474	-6.8885	-28.6628	-0.8914	0.1267	-0.9315	0.0495	-0.2525	-0.6504	-0.7149	-0.0138	0.0620	-0.0052	
-27.3313	-6.8784	-28.7433	-0.8912	0.1266	-0.9309	0.0634	-0.2770	-0.6613	-0.6944	-0.0122	0.0626	-0.0070	
-27.4127	-6.8696	-28.8191	-0.8908	0.1264	-0.9301	0.0783	-0.2987	-0.6741	-0.6713	-0.0105	0.0632	-0.0091	
-27.4965	-6.8562	-28.8985	-0.8905	0.1264	-0.9294	0.0986	-0.3199	-0.6860	-0.6462	-0.0087	0.0638	-0.0109	
-27.5802	-6.8430	-28.9794	-0.8903	0.1264	-0.9289	0.1176	-0.3379	-0.7011	-0.6171	-0.0066	0.0644	-0.0134	
-27.6626	-6.8292	-29.0639	-0.8899	0.1265	-0.9285	0.1391	-0.3539	-0.7147	-0.5872	-0.0046	0.0650	-0.0155	
-27.7478	-6.8086	-29.1474	-0.8897	0.1268	-0.9281	0.1589	-0.3681	-0.7289	-0.5552	-0.0028	0.0653	-0.0179	
-27.8317	-6.7921	-29.2375	-0.8895	0.1270	-0.9280	0.1814	-0.3786	-0.7412	-0.5241	-0.0008	0.0654	-0.0198	
-27.9121	-6.7804	-29.3283	-0.8891	0.1269	-0.9279	0.2024	-0.3901	-0.7540	-0.4884	0.0009	0.0657	-0.0220	
-27.9948	-6.7575	-29.4205	-0.8888	0.1274	-0.9279	0.2278	-0.3968	-0.7660	-0.4517	0.0030	0.0660	-0.0240	
-28.0785	-6.7421	-29.5163	-0.8885	0.1275	-0.9280	0.2567	-0.4046	-0.7729	-0.4156	0.0049	0.0665	-0.0254	
-28.1655	-6.7219	-29.6119	-0.8884	0.1278	-0.9281	0.2827	-0.4081	-0.7814	-0.3780	0.0069	0.0666	-0.0270	
-28.2487	-6.7076	-29.7082	-0.8882	0.1279	-0.9283	0.3090	-0.4141	-0.7836	-0.3446	0.0082	0.0667	-0.0278	
-28.3373	-6.6893	-29.8092	-0.8881	0.1281	-0.9287	0.3384	-0.4150	-0.7874	-0.3050	0.0102	0.0670	-0.0291	
-28.4285	-6.6729	-29.9110	-0.8882	0.1283	-0.9291	0.3675	-0.4120	-0.7895	-0.2680	0.0123	0.0670	-0.0300	
-28.5173	-6.6562	-30.0063	-0.8882	0.1284	-0.9292	0.3915	-0.4129	-0.7876	-0.2366	0.0134	0.0667	-0.0304	
-28.6031	-6.6419	-30.1014	-0.8881	0.1285	-0.9293	0.4137	-0.4138	-0.7841	-0.2073	0.0144	0.0663	-0.0306	
-28.6948	-6.6304	-30.1999	-0.8882	0.1284	-0.9296	0.4387	-0.4140	-0.7769	-0.1809	0.0153	0.0660	-0.0303	
-28.7911	-6.6144	-30.2962	-0.8886	0.1286	-0.9298	0.4591	-0.4118	-0.7726	-0.1519	0.0163	0.0654	-0.0305	
-28.8778	-6.6051	-30.3948	-0.8885	0.1284	-0.9300	0.4831	-0.4124	-0.7626	-0.1218	0.0170	0.0654	-0.0305	
-28.9684	-6.5919	-30.4938	-0.8885	0.1284	-0.9303	0.5046	-0.4093	-0.7547	-0.0922	0.0180	0.0651	-0.0305	
-29.0577	-6.5834	-30.5900	-0.8886	0.1282	-0.9304	0.5287	-0.4063	-0.7425	-0.0640	0.0189	0.0650	-0.0302	
-29.1464	-6.5669	-30.6834	-0.8885	0.1284	-0.9305	0.5532	-0.4035	-0.7278	-0.0398	0.0197	0.0649	-0.0295	
-29.2414	-6.5520	-30.7786	-0.8888	0.1285	-0.9306	0.5762	-0.3982	-0.7138	-0.0181	0.0205	0.0646	-0.0287	
-29.3338	-6.5404	-30.8729	-0.8890	0.1284	-0.9306	0.5956	-0.3965	-0.6991	0.0009	0.0207	0.0641	-0.0279	
-29.4255	-6.5335	-30.9677	-0.8891	0.1281	-0.9307	0.6148	-0.3966	-0.6816	0.0218	0.0209	0.0640	-0.0272	
-29.5168	-6.5243	-31.0645	-0.8892	0.1280	-0.9309	0.6363	-0.3925	-0.6630	0.0433	0.0214	0.0640	-0.0263	
-29.6121	-6.5128	-31.1561	-0.8895	0.1279	-0.9308	0.6561	-0.3892	-0.6440	0.0617	0.0216	0.0638	-0.0254	
-29.7064	-6.5006	-31.2512	-0.8897	0.1279	-0.9309	0.6749	-0.3833	-0.6260	0.0796	0.0220	0.0635	-0.0245	
-29.7986	-6.4876	-31.3476	-0.8899	0.1279	-0.9311	0.6929	-0.3753	-0.6095	0.0924	0.0224	0.0629	-0.0234	
-29.8937	-6.4744	-31.4397	-0.8901	0.1279	-0.9310	0.7092	-0.3748	-0.5876	0.1083	0.0221	0.0628	-0.0224	
-29.9844	-6.4638	-31.5308	-0.8902	0.1278	-0.9310	0.7279	-0.3755	-0.5613	0.1211	0.0217	0.0631	-0.0211	
-30.0778	-6.4500	-31.6255	-0.8904	0.1279	-0.9310	0.7447	-0.3713	-0.5394	0.1320	0.0215	0.0628	-0.0199	
-30.1750	-6.4376	-31.7211	-0.8908	0.1279	-0.9312	0.7598	-0.3652	-0.5177	0.1474	0.0216	0.0627	-0.0191	
-30.2655	-6.4267	-31.8176	-0.8908	0.1278	-0.9313	0.7754	-0.3612	-0.4941	0.1577	0.0213	0.0626	-0.0179	
-30.3632	-6.4110	-31.9091	-0.8912	0.1279	-0.9313	0.7900	-0.3539	-0.4728	0.1675	0.0212	0.0623	-0.0168	
-30.4567	-6.3977	-32.0051	-0.8914	0.1279	-0.9314	0.8032	-0.3517	-0.4452	0.1822	0.0208	0.0625	-0.0160	
-30.5527	-6.3835	-32.0960	-0.8917	0.1280	-0.9313	0.8174	-0.3465	-0.4185	0.1927	0.0204	0.0627	-0.0149	
-30.6497	-6.3671	-32.1945	-0.8920	0.1281	-0.9315	0.8275	-0.3416	-0.4003	0.1988	0.0200	0.0620	-0.0141	
-30.7389	-6.3589	-32.2951	-0.8920	0.1280	-0.9319	0.8379	-0.3405	-0.3726	0.2090	0.0192	0.0621	-0.0133	
-30.8312	-6.3439	-32.3946	-0.8922	0.1280	-0.9321	0.8461	-0.3415	-0.3466	0.2188	0.0183	0.0620	-0.0127	
-30.9258	-6.3279	-32.4929	-0.8924	0.1282	-0.9324	0.8575	-0.3398	-0.3230	0.2156	0.0171	0.0616	-0.0113	
-31.0199	-6.3039	-32.5866	-0.8926	0.1287	-0.9324	0.8679	-0.3374	-0.2922	0.2193	0.0161	0.0618	-0.0102	
-31.1105	-6.2904	-32.6848	-0.8927	0.1287	-0.9326	0.8784	-0.3345	-0.2662	0.2166	0.0150	0.0617	-0.0089	
-31.2060	-6.2736	-32.7740	-0.8929	0.1289	-0.9325	0.8872	-0.3333	-0.2406	0.2128	0.0137	0.0613	-0.0078	
-31.2982	-6.2534	-32.8662	-0.8931	0.1292	-0.9324	0.8956	-0.3326	-0.2068	0.2125	0.0123	0.0617	-0.0067	
-31.3958	-6.2381	-32.9561	-0.8934	0.1293	-0.9323	0.9023	-0.3305	-0.1764	0.2146	0.0113	0.0618	-0.0060	
-31.4921	-6.2182	-33.0528	-0.8937	0.1296	-0.9325	0.9090	-0.3302	-0.1466	0.2102	0.0098	0.0617	-0.0051	
-31.5862	-6.1997	-33.1439	-0.8939	0.1298	-0.9324	0.9125	-0.3345	-0.1164	0.2068	0.0081	0.0616	-0.0046	
-31.6761	-6.1795	-33.2339	-0.8939	0.1301	-0.9322	0.9159	-0.3368	-0.0787	0.2048	0.0065	0.0621	-0.0040	
-31.7663	-6.1604	-33.3277	-0.8940	0.1304	-0.9323	0.9172	-0.3391	-0.0444	0.2052	0.0051	0.0623	-0.0037	
-31.8579	-6.1382	-33.4166	-0.8941	0.1308	-0.9321	0.9187	-0.3415	-0.0147	0.1998	0.0036	0.0620	-0.0032	
-31.9506	-6.1202	-33.5090	-0.8942	0.1310	-0.9321	0.9180	-0.3449	0.0146	0.1970	0.0022	0.0618	-0.0031	
-32.0418	-6.1024	-33.6023	-0.8943	0.1312	-0.9321	0.9159	-0.3477	0.0483	0.1953	0.0009	0.0619	-0.0029	
-32.1348	-6.0845	-33.6965	-0.8944	0.1314	-0.9321	0.9131	-0.3512	0.0810	0.1920	-0.0006	0.0619	-0.0029	
-32.2226	-6.0672	-33.7840	-0.8944	0.1315	-0.9319	0.9101	-0.3549	0.1106	0.1853	-0.0020	0.0616	-0.0028	
-32.3161	-6.0505	-33.8775	-0.8945	0.1317	-0.9319	0.9032	-0.3604	0.1445	0.1835	-0.0034	0.0616	-0.0031	
-32.4067	-6.0311	-33.9699	-0.8946	0.1319	-0.9319	0.8931	-0.3694	0.1758	0.1876	-0.0043	0.0615	-0.0040	
-32.4964	-6.0169	-34.0645	-0.8946	0.1320	-0.9319	0.8830	-0.3770	0.2080	0.1877	-0.0055	0.0615	-0.0047	
-32.5880	-5.9960	-34.1568	-0.8947	0.1323	-0.9319	0.8732	-0.3803	0.2395	0.1888	-0.0063	0.0614	-0.0051	
-32.6776	-5.9759	-34.2497	-0.8947	0.1326	-0.9319	0.8659	-0.3847	0.2649	0.1816	-0.0075	0.0609	-0.0053	
-32.7652	-5.9585	-34.3449	-0.8946	0.1327	-0.9320	0.8530	-0.3910	0.2931	0.1839	-0.0081	0.0607	-0.0060	
-32.8600	-5.9467	-34.4434	-0.8948	0.1327	-0.9322	0.8382	-0.3962	0.3246	0.1870	-0.0088	0.0608	-0.0068	
-32.9532	-5.9326	-34.5334	-0.8950	0.1327	-0.9320	0.8220	-0.4040	0.3551	0.1875	-0.0096	0.0607	-0.0078	
-33.0420	-5.9152	-34.6247	-0.8949	0.1329	-0.9320	0.8046	-0.4115	0.3847	0.1881	-0.0103	0.0606	-0.0088	
-33.1356	-5.8990	-34.7220	-0.8951	0.1330	-0.9321	0.7853	-0.4198	0.4126	0.1924	-0.0106	0.0605	-0.0100	
-33.2252	-5.8834	-34.8146	-0.8951	0.1331	-0.9321	0.7634	-0.4316	0.4373	0.2001	-0.0105	0.0603	-0.0116	
-33.3194	-5.8667	-34.9116	-0.8953	0.1332	-0.9323	0.7383	-0.4443	0.4640	0.2059	-0.0106	0.0602	-0.0134	
-33.4104	-5.8510	-35.0051	-0.8953	0.1333	-0.9323	0.7137	-0.4503	0.4902	0.2177	-0.0102	0.0604	-0.0146	
-33.5032	-5.8337	-35.1013	-0.8954	0.1335	-0.9324	0.6928	-0.4614	0.5081	0.2228	-0.0099	0.0598	-0.0159	
-33.5940	-5.8170	-35.1998	-0.8955	0.1336	-0.9326	0.6673	-0.4700	0.5311	0.2278	-0.0098	0.0597	-0.0172	
-33.6916	-5.7979	-35.2949	-0.8958	0.1338	-0.9327	0.6424	-0.4776	0.5509	0.2367	-0.0093	0.0595	-0.0183	
-33.7862	-5.7805	-35.3862	-0.8960	0.1340	-0.9326	0.6151	-0.4869	0.5691	0.2471	-0.0086	0.0593	-0.0197	
-33.8781	-5.7667	-35.4783	-0.8961	0.1340	-0.9326	0.5840	-0.4974	0.5864	0.2606	-0.0075	0.0592	-0.0214	
-33.9716	-5.7513	-35.5687	-0.8962	0.1341	-0.9325	0.5549	-0.5102	0.5980	0.2735	-0.0062	0.0588	-0.0230	
-34.0614	-5.7346	-35.6606	-0.8962	0.1342	-0.9324	0.5263	-0.5180	0.6105	0.2870	-0.0049	0.0585	-0.0241	
-34.1532	-5.7157	-35.7530	-0.8963	0.1344	-0.9324	0.4970	-0.5262	0.6232	0.2966	-0.0040	0.0582	-0.0252	
-34.2456	-5.6984	-35.8470	-0.8964	0.1346	-0.9324	0.4670	-0.5329	0.6336	0.3111	-0.0026	0.0580	-0.0262	
-34.3405	-5.6808	-35.9432	-0.8966	0.1347	-0.9325	0.4323	-0.5391	0.6437	0.3288	-0.0010	0.0581	-0.0273	
-34.4326	-5.6644	-36.0380	-0.8966	0.1348	-0.9326	0.4015	-0.5457	0.6501	0.3447	0.0006	0.0578	-0.0282	
-34.5262	-5.6527	-36.1342	-0.8968	0.1347	-0.9327	0.3654	-0.5481	0.6588	0.3633	0.0023	0.0581	-0.0289	
-34.6196	-5.6385	-36.2287	-0.8969	0.1348	-0.9328	0.3328	-0.5512	0.6663	0.3762	0.0035	0.0580	-0.0296	
-34.7109	-5.6238	-36.3239	-0.8970	0.1348	-0.9329	0.3026	-0.5557	0.6686	0.3913	0.0051	0.0576	-0.0301	
-34.8021	-5.6104	-36.4193	-0.8970	0.1348	-0.9330	0.2687	-0.5570	0.6723	0.4071	0.0067	0.0576	-0.0306	
-34.8988	-5.5956	-36.5117	-0.8973	0.1349	-0.9329	0.2349	-0.5572	0.6752	0.4225	0.0081	0.0576	-0.0309	
-34.9926	-5.5802	-36.6024	-0.8975	0.1349	-0.9328	0.2012	-0.5606	0.6736	0.4381	0.0099	0.0573	-0.0314	
-35.0858	-5.5643	-36.6971	-0.8976	0.1350	-0.9329	0.1701	-0.5584	0.6731	0.4544	0.0114	0.0572	-0.0313	
-35.1772	-5.5510	-36.7891	-0.8976	0.1350	-0.9329	0.1353	-0.5522	0.6724	0.4740	0.0130	0.0576	-0.0311	
-35.2649	-5.5374	-36.8814	-0.8976	0.1350	-0.9328	0.1047	-0.5489	0.6709	0.4877	0.0143	0.0574	-0.0310	
-35.3615	-5.5242	-36.9702	-0.8978	0.1350	-0.9327	0.0729	-0.5456	0.6669	0.5025	0.0157	0.0573	-0.0309	
-35.4548	-5.5091	-37.0659	-0.8980	0.1350	-0.9328	0.0430	-0.5388	0.6619	0.5197	0.0170	0.0573	-0.0303	
-35.5355	-5.5012	-37.1730	-0.8976	0.1348	-0.9333	0.0122	-0.5281	0.6582	0.5366	0.0162	0.0570	-0.0310	
-35.6247	-5.4866	-37.2654	-0.8976	0.1349	-0.9333	0.0156	0.5184	-0.6525	-0.5529	0.0174	0.0571	-0.0302	
-35.7139	-5.4741	-37.3578	-0.8976	0.1348	-0.9332	0.0457	0.5100	-0.6457	-0.5667	0.0187	0.0571	-0.0298	
-35.8083	-5.4588	-37.4539	-0.8978	0.1349	-0.9333	0.0774	0.4944	-0.6383	-0.5850	0.0199	0.0576	-0.0288	
-35.9013	-5.4477	-37.5520	-0.8979	0.1348	-0.9335	0.1088	0.4783	-0.6311	-0.6010	0.0208	0.0582	-0.0279	
-35.9883	-5.4358	-37.6512	-0.8978	0.1347	-0.9338	0.1368	0.4628	-0.6239	-0.6150	0.0216	0.0585	-0.0269	
-36.0767	-5.4232	-37.7437	-0.8977	0.1347	-0.9337	0.1643	0.4434	-0.6142	-0.6320	0.0224	0.0591	-0.0256	
-36.1685	-5.4088	-37.8414	-0.8978	0.1347	-0.9339	0.1904	0.4251	-0.6040	-0.6470	0.0230	0.0595	-0.0244	
-36.2555	-5.3928	-37.9319	-0.8977	0.1348	-0.9338	0.2084	0.4082	-0.5939	-0.6619	0.0233	0.0594	-0.0229	
-36.3432	-5.3763	-38.0262	-0.8977	0.1349	-0.9338	0.2272	0.3888	-0.5821	-0.6777	0.0236	0.0596	-0.0214	
-36.4307	-5.3630	-38.1172	-0.8976	0.1349	-0.9337	0.2440	0.3675	-0.5744	-0.6901	0.0234	0.0597	-0.0200	
-36.5117	-5.3517	-38.2125	-0.8973	0.1348	-0.9338	0.2615	0.3463	-0.5635	-0.7035	0.0234	0.0600	-0.0185	
-36.6004	-5.3366	-38.3047	-0.8972	0.1349	-0.9338	0.2763	0.3227	-0.5537	-0.7168	0.0231	0.0602	-0.0170	
-36.6890	-5.3174	-38.3978	-0.8972	0.1351	-0.9338	0.2930	0.2972	-0.5434	-0.7288	0.0227	0.0606	-0.0156	
-36.7754	-5.3044	-38.4909	-0.8971	0.1351	-0.9337	0.3055	0.2715	-0.5325	-0.7418	0.0222	0.0609	-0.0140	
-36.8627	-5.2896	-38.5880	-0.8970	0.1351	-0.9339	0.3162	0.2439	-0.5232	-0.7534	0.0213	0.0612	-0.0124	
-36.9495	-5.2752	-38.6814	-0.8969	0.1351	-0.9339	0.3289	0.2189	-0.5113	-0.7637	0.0209	0.0614	-0.0111	
-37.0358	-5.2655	-38.7797	-0.8968	0.1350	-0.9340	0.3392	0.1912	-0.4987	-0.7749	0.0202	0.0618	-0.0096	
-37.1233	-5.2531	-38.8772	-0.8967	0.1349	-0.9342	0.3488	0.1649	-0.4853	-0.7851	0.0195	0.0620	-0.0082	
-37.2091	-5.2403	-38.9742	-0.8966	0.1349	-0.9343	0.3602	0.1355	-0.4695	-0.7949	0.0189	0.0625	-0.0068	
-37.2977	-5.2286	-39.0708	-0.8966	0.1348	-0.9344	0.3672	0.1073	-0.4581	-0.8029	0.0179	0.0627	-0.0056	
-37.3831	-5.2140	-39.1684	-0.8964	0.1349	-0.9346	0.3710	0.0801	-0.4472	-0.8105	0.0168	0.0627	-0.0043	
-37.4679	-5.2008	-39.2713	-0.8963	0.1349	-0.9349	0.3727	0.0509	-0.4330	-0.8198	0.0156	0.0629	-0.0028	
-37.5521	-5.1890	-39.3703	-0.8961	0.1348	-0.9351	0.3763	0.0190	-0.4210	-0.8255	0.0143	0.0632	-0.0017	
-37.6397	-5.1741	-39.4685	-0.8960	0.1349	-0.9353	0.3785	-0.0126	-0.4064	-0.8319	0.0131	0.0635	-0.0004	
-37.7281	-5.1627	-39.5659	-0.8960	0.1348	-0.9354	0.3820	-0.0466	-0.3929	-0.8354	0.0118	0.0639	0.0006	
-37.8130	-5.1485	-39.6658	-0.8958	0.1348	-0.9356	0.3823	-0.0819	-0.3815	-0.8379	0.0102	0.0643	0.0015	
-37.9004	-5.1347	-39.7647	-0.8957	0.1348	-0.9358	0.3847	-0.1168	-0.3686	-0.8384	0.0089	0.0647	0.0022	
-37.9891	-5.1157	-39.8627	-0.8957	0.1350	-0.9359	0.3820	-0.1486	-0.3568	-0.8399	0.0074	0.0647	0.0031	
-38.0758	-5.1039	-39.9575	-0.8956	0.1349	-0.9360	0.3808	-0.1829	-0.3417	-0.8398	0.0060	0.0651	0.0040	
-38.1681	-5.0951	-40.0549	-0.8957	0.1348	-0.9361	0.3809	-0.2136	-0.3312	-0.8367	0.0048	0.0650	0.0043	
-38.2530	-5.0820	-40.1511	-0.8956	0.1348	-0.9362	0.3783	-0.2486	-0.3191	-0.8329	0.0032	0.0653	0.0048	
-38.3464	-5.0729	-40.2525	-0.8957	0.1346	-0.9364	0.3742	-0.2809	-0.3109	-0.8277	0.0017	0.0652	0.0049	
-38.4385	-5.0623	-40.3530	-0.8958	0.1345	-0.9367	0.3698	-0.3112	-0.3004	-0.8227	0.0003	0.0651	0.0052	
-38.5263	-5.0483	-40.4509	-0.8957	0.1345	-0.9368	0.3673	-0.3434	-0.2865	-0.8157	-0.0009	0.0653	0.0055	
-38.6157	-5.0418	-40.5489	-0.8957	0.1343	-0.9370	0.3651	-0.3738	-0.2741	-0.8075	-0.0020	0.0653	0.0057	
-38.7043	-5.0328	-40.6479	-0.8957	0.1341	-0.9371	0.3630	-0.4089	-0.2651	-0.7942	-0.0032	0.0656	0.0054	
-38.7905	-5.0233	-40.7417	-0.8956	0.1340	-0.9371	0.3615	-0.4402	-0.2528	-0.7821	-0.0042	0.0658	0.0053	
-38.8809	-5.0142	-40.8386	-0.8956	0.1338	-0.9372	0.3573	-0.4718	-0.2432	-0.7686	-0.0054	0.0658	0.0050	
-38.9709	-5.0044	-40.9405	-0.8956	0.1337	-0.9375	0.3549	-0.5004	-0.2351	-0.7541	-0.0062	0.0657	0.0046	
-39.0637	-4.9932	-41.0402	-0.8957	0.1336	-0.9377	0.3528	-0.5296	-0.2285	-0.7369	-0.0070	0.0657	0.0039	
-39.1524	-4.9800	-41.1348	-0.8957	0.1336	-0.9377	0.3534	-0.5568	-0.2187	-0.7192	-0.0075	0.0657	0.0035	
-39.2435	-4.9658	-41.2327	-0.8957	0.1337	-0.9379	0.3499	-0.5797	-0.2143	-0.7045	-0.0081	0.0652	0.0029	
-39.3384	-4.9554	-41.3305	-0.8959	0.1336	-0.9380	0.3447	-0.6068	-0.2092	-0.6852	-0.0089	0.0651	0.0021	
-39.4273	-4.9437	-41.4265	-0.8959	0.1335	-0.9381	0.3423	-0.6296	-0.2042	-0.6673	-0.0093	0.0648	0.0014	
-39.5163	-4.9329	-41.5253	-0.8959	0.1334	-0.9382	0.3437	-0.6488	-0.2017	-0.6488	-0.0091	0.0643	0.0006	
-39.6097	-4.9254	-41.6227	-0.8960	0.1332	-0.9384	0.3445	-0.6706	-0.2010	-0.6258	-0.0091	0.0641	-0.0006	
-39.6994	-4.9171	-41.7190	-0.8960	0.1331	-0.9384	0.3450	-0.6908	-0.2040	-0.6023	-0.0088	0.0637	-0.0020	
-39.7850	-4.9041	-41.8173	-0.8959	0.1330	-0.9386	0.3465	-0.7125	-0.2026	-0.5757	-0.0086	0.0637	-0.0031	
-39.8738	-4.8940	-41.9103	-0.8958	0.1329	-0.9386	0.3482	-0.7307	-0.2023	-0.5518	-0.0083	0.0634	-0.0042	
-39.9611	-4.8806	-42.0091	-0.8957	0.1329	-0.9387	0.3477	-0.7507	-0.2015	-0.5247	-0.0081	0.0633	-0.0053	
-40.0494	-4.8698	-42.1075	-0.8957	0.1329	-0.9389	0.3496	-0.7692	-0.1984	-0.4969	-0.0077	0.0633	-0.0061	
-40.1407	-4.8615	-42.2048	-0.8958	0.1327	-0.9390	0.3539	-0.7819	-0.1989	-0.4738	-0.0069	0.0628	-0.0069	
-40.2258	-4.8501	-42.2989	-0.8956	0.1326	-0.9390	0.3607	-0.7971	-0.1955	-0.4431	-0.0060	0.0629	-0.0077	
-40.3141	-4.8398	-42.3930	-0.8956	0.1325	-0.9390	0.3668	-0.8075	-0.1973	-0.4185	-0.0050	0.0623	-0.0084	
-40.4024	-4.8262	-42.4901	-0.8955	0.1325	-0.9391	0.3753	-0.8196	-0.2017	-0.3834	-0.0035	0.0624	-0.0097	
-40.4906	-4.8179	-42.5868	-0.8955	0.1324	-0.9392	0.3868	-0.8260	-0.2061	-0.3555	-0.0018	0.0619	-0.0104	
-40.5828	-4.8072	-42.6812	-0.8956	0.1323	-0.9392	0.3970	-0.8320	-0.2076	-0.3282	-0.0004	0.0615	-0.0109	
-40.6697	-4.7941	-42.7771	-0.8955	0.1323	-0.9393	0.4083	-0.8398	-0.2093	-0.2902	0.0013	0.0618	-0.0117	
-40.7554	-4.7777	-42.8732	-0.8953	0.1324	-0.9394	0.4151	-0.8481	-0.2098	-0.2537	0.0026	0.0619	-0.0125	
-40.8458	-4.7664	-42.9694	-0.8954	0.1323	-0.9395	0.4252	-0.8517	-0.2121	-0.2220	0.0041	0.0617	-0.0130	
-40.9381	-4.7561	-43.0637	-0.8955	0.1322	-0.9395	0.4370	-0.8532	-0.2122	-0.1909	0.0057	0.0615	-0.0131	
-41.0255	-4.7477	-43.1608	-0.8954	0.1320	-0.9396	0.4508	-0.8526	-0.2091	-0.1632	0.0072	0.0611	-0.0127	
-41.1156	-4.7373	-43.2559	-0.8954	0.1319	-0.9396	0.4630	-0.8512	-0.2110	-0.1303	0.0089	0.0609	-0.0128	
-41.2056	-4.7263	-43.3573	-0.8954	0.1319	-0.9399	0.4779	-0.8475	-0.2098	-0.0995	0.0106	0.0607	-0.0125	
-41.2953	-4.7120	-43.4529	-0.8954	0.1319	-0.9399	0.4908	-0.8437	-0.2075	-0.0663	0.0121	0.0606	-0.0122	
-41.3866	-4.6995	-43.5511	-0.8955	0.1319	-0.9401	0.5036	-0.8381	-0.2079	-0.0339	0.0137	0.0604	-0.0119	
-41.4783	-4.6899	-43.6489	-0.8956	0.1318	-0.9402	0.5180	-0.8310	-0.2041	-0.0057	0.0151	0.0601	-0.0112	
-41.5703	-4.6742	-43.7511	-0.8956	0.1318	-0.9404	0.5315	-0.8229	-0.2006	0.0234	0.0163	0.0598	-0.0105	
-41.6622	-4.6591	-43.8506	-0.8957	0.1319	-0.9406	0.5466	-0.8125	-0.1966	0.0530	0.0177	0.0596	-0.0096	
-41.7524	-4.6466	-43.9436	-0.8957	0.1319	-0.9406	0.5602	-0.8029	-0.1890	0.0797	0.0186	0.0594	-0.0085	
-41.8429	-4.6367	-44.0392	-0.8958	0.1317	-0.9406	0.5748	-0.7916	-0.1817	0.1033	0.0194	0.0590	-0.0073	
-41.9338	-4.6216	-44.1361	-0.8958	0.1318	-0.9407	0.5912	-0.7781	-0.1695	0.1296	0.0202	0.0589	-0.0057	
-42.0234	-4.6067	-44.2298	-0.8958	0.1319	-0.9407	0.6018	-0.7681	-0.1593	0.1518	0.0204	0.0586	-0.0047	
-42.1146	-4.5932	-44.3218	-0.8959	0.1319	-0.9407	0.6155	-0.7543	-0.1475	0.1756	0.0209	0.0584	-0.0033	
-42.2062	-4.5790	-44.4154	-0.8959	0.1319	-0.9407	0.6269	-0.7427	-0.1310	0.1967	0.0207	0.0583	-0.0019	
-42.2930	-4.5666	-44.5103	-0.8958	0.1319	-0.9407	0.6414	-0.7272	-0.1149	0.2171	0.0208	0.0582	-0.0002	
-42.3854	-4.5500	-44.6037	-0.8959	0.1320	-0.9407	0.6559	-0.7105	-0.0949	0.2375	0.0206	0.0583	0.0016	
-42.4801	-4.5372	-44.7019	-0.8961	0.1319	-0.9408	0.6682	-0.6941	-0.0782	0.2570	0.0204	0.0582	0.0031	
-42.5751	-4.5221	-44.7984	-0.8963	0.1320	-0.9409	0.6820	-0.6755	-0.0635	0.2742	0.0203	0.0579	0.0048	
-42.6651	-4.5069	-44.8943	-0.8963	0.1320	-0.9409	0.6950	-0.6578	-0.0454	0.2880	0.0197	0.0576	0.0065	
-42.7591	-4.4888	-44.9893	-0.8964	0.1322	-0.9410	0.7062	-0.6369	-0.0265	0.3084	0.0195	0.0578	0.0080	
-42.8501	-4.4753	-45.0831	-0.8965	0.1322	-0.9410	0.7194	-0.6157	-0.0044	0.3223	0.0187	0.0578	0.0099	
-42.9404	-4.4640	-45.1782	-0.8965	0.1321	-0.9410	0.7302	-0.5953	0.0231	0.3351	0.0176	0.0580	0.0117	
-43.0332	-4.4482	-45.2722	-0.8966	0.1322	-0.9410	0.7425	-0.5730	0.0449	0.3450	0.0166	0.0578	0.0135	
-43.1244	-4.4337	-45.3663	-0.8966	0.1322	-0.9410	0.7506	-0.5514	0.0712	0.3575	0.0155	0.0580	0.0149	
-43.2162	-4.4183	-45.4599	-0.8967	0.1323	-0.9410	0.7583	-0.5317	0.0923	0.3664	0.0144	0.0577	0.0161	
-43.3136	-4.4033	-45.5561	-0.8969	0.1324	-0.9410	0.7656	-0.5056	0.1150	0.3808	0.0137	0.0580	0.0175	
-43.4048	-4.3899	-45.6492	-0.8970	0.1324	-0.9410	0.7713	-0.4847	0.1426	0.3878	0.0121	0.0580	0.0187	
-43.4982	-4.3736	-45.7406	-0.8971	0.1324	-0.9409	0.7777	-0.4614	0.1670	0.3935	0.0108	0.0579	0.0199	
-43.5879	-4.3568	-45.8313	-0.8971	0.1326	-0.9408	0.7830	-0.4372	0.1923	0.3990	0.0094	0.0578	0.0211	
-43.6791	-4.3400	-45.9255	-0.8972	0.1327	-0.9408	0.7849	-0.4147	0.2223	0.4035	0.0077	0.0580	0.0221	
-43.7718	-4.3224	-46.0161	-0.8972	0.1328	-0.9407	0.7898	-0.3927	0.2520	0.3994	0.0055	0.0577	0.0232	
-43.8622	-4.3023	-46.1065	-0.8973	0.1330	-0.9406	0.7938	-0.3682	0.2803	0.3956	0.0035	0.0575	0.0243	
-43.9510	-4.2863	-46.2000	-0.8972	0.1331	-0.9406	0.7963	-0.3443	0.3059	0.3930	0.0017	0.0572	0.0252	
-44.0415	-4.2681	-46.2947	-0.8973	0.1332	-0.9406	0.7966	-0.3206	0.3327	0.3904	-0.0001	0.0571	0.0260	
-44.1290	-4.2527	-46.3874	-0.8972	0.1333	-0.9406	0.7953	-0.2975	0.3586	0.3884	-0.0017	0.0569	0.0265	
-44.2191	-4.2348	-46.4794	-0.8972	0.1334	-0.9405	0.7895	-0.2757	0.3880	0.3877	-0.0034	0.0570	0.0267	
-44.3026	-4.2168	-46.5716	-0.8970	0.1335	-0.9404	0.7856	-0.2549	0.4129	0.3846	-0.0049	0.0568	0.0269	
-44.3925	-4.1994	-46.6621	-0.8970	0.1337	-0.9403	0.7776	-0.2350	0.4395	0.3837	-0.0063	0.0568	0.0267	
-44.4796	-4.1840	-46.7533	-0.8970	0.1337	-0.9402	0.7730	-0.2157	0.4634	0.3767	-0.0079	0.0564	0.0267	
-44.5643	-4.1692	-46.8450	-0.8968	0.1338	-0.9402	0.7646	-0.2002	0.4868	0.3728	-0.0092	0.0561	0.0262	
-44.6488	-4.1566	-46.9380	-0.8967	0.1337	-0.9401	0.7530	-0.1821	0.5154	0.3669	-0.0108	0.0561	0.0258	
-44.7350	-4.1410	-47.0284	-0.8965	0.1338	-0.9400	0.7407	-0.1614	0.5417	0.3633	-0.0122	0.0563	0.0255	
