0.6681	-12.4148	0.0154	0.0000	0.0000	0.0000	0.2256	-0.3051	0.6530	-0.6555	0.0000	0.0000	0.0000	
0.3613	-11.7845	0.1914	-0.0304	0.0624	0.0174	0.2176	-0.3062	0.6410	-0.6696	-0.0016	-0.0005	-0.0079	
0.2310	-11.5562	0.0889	-0.0508	0.1157	-0.0139	0.1944	-0.2327	0.6438	-0.7075	-0.1053	-0.0326	-0.0493	
0.2003	-11.4189	0.0569	-0.0626	0.1683	-0.0287	0.1490	-0.1746	0.5955	-0.7687	-0.1261	-0.0588	-0.1061	
0.1968	-11.2717	0.0455	-0.0566	0.2203	-0.0495	0.1373	-0.1002	0.6126	-0.7804	-0.1276	-0.0732	-0.0375	
0.0844	-11.2821	-0.0117	-0.1062	0.2059	-0.0890	0.0956	-0.0815	0.5918	-0.8008	-0.1076	-0.0369	-0.0522	
0.0174	-11.2464	-0.0242	-0.1172	0.1919	-0.1369	0.0274	-0.0567	0.5922	-0.8051	-0.1135	-0.0138	-0.0395	
-0.0234	-11.1788	-0.1591	-0.1280	0.2346	-0.2451	0.0034	0.0175	-0.5701	0.8220	-0.1186	-0.0054	-0.0402	
-0.0453	-11.1858	-0.2526	-0.1221	0.2091	-0.2968	0.0486	-0.0150	-0.5487	0.8346	-0.1187	-0.0001	-0.0434	
-0.0392	-11.1242	-0.2750	-0.0397	0.2522	-0.3425	0.0951	-0.0308	-0.5356	0.8398	-0.1122	0.0108	-0.0377	
-0.1283	-11.0391	-0.2968	-0.0886	0.3294	-0.3625	0.1185	-0.0594	-0.5273	0.8415	-0.0986	0.0028	-0.0316	
-0.1777	-11.0094	-0.3893	-0.1147	0.3275	-0.4270	0.1678	-0.0652	-0.5048	0.8447	-0.0967	0.0151	-0.0339	
-0.0921	-11.0618	-0.4998	-0.0221	0.2472	-0.4896	0.2124	-0.0893	-0.4811	0.8456	-0.0991	0.0148	-0.0362	
-0.0312	-11.0209	-0.5720	0.0155	0.2827	-0.4689	0.2284	-0.1544	-0.4378	0.8577	-0.0988	-0.0040	-0.0476	
0.0071	-11.0703	-0.6670	0.0484	0.2219	-0.5088	0.2476	-0.1838	-0.4091	0.8598	-0.0938	-0.0069	-0.0487	
0.0444	-11.1183	-0.7733	0.0762	0.1681	-0.5586	0.2758	-0.2067	-0.3718	0.8622	-0.0920	-0.0057	-0.0516	
0.0940	-11.1353	-0.8520	0.1058	0.1516	-0.5734	0.2940	-0.2424	-0.3132	0.8700	-0.0908	-0.0084	-0.0599	
0.1337	-11.1630	-0.9180	0.1296	0.1178	-0.5775	0.3230	-0.2712	-0.2825	0.8618	-0.0910	-0.0092	-0.0584	
0.0822	-11.2221	-1.0077	0.0850	0.0598	-0.6058	0.3688	-0.2858	-0.2572	0.8467	-0.0928	-0.0052	-0.0550	
0.0977	-11.2447	-1.0244	0.0844	0.0452	-0.5739	0.3800	-0.3032	-0.2200	0.8470	-0.0882	-0.0056	-0.0563	
0.1534	-11.3230	-1.2064	0.1149	-0.0078	-0.6635	0.4031	-0.3150	-0.1892	0.8390	-0.0866	-0.0036	-0.0555	
0.2562	-11.4692	-1.2785	0.1734	-0.0978	-0.6741	0.4209	-0.3268	-0.1416	0.8346	-0.0853	-0.0022	-0.0577	
0.3599	-11.5806	-1.3848	0.2283	-0.1601	-0.7071	0.4514	-0.3301	-0.0996	0.8233	-0.0855	0.0013	-0.0580	
0.4127	-11.6371	-1.5094	0.2449	-0.1820	-0.7468	0.4731	-0.3371	-0.0498	0.8124	-0.0849	0.0033	-0.0597	
0.4546	-11.7171	-1.6217	0.2546	-0.2167	-0.7729	0.4962	-0.3454	-0.0038	0.7964	-0.0848	0.0048	-0.0606	
0.4675	-11.7834	-1.6741	0.2472	-0.2419	-0.7627	0.5222	-0.3467	0.0363	0.7786	-0.0844	0.0070	-0.0603	
0.5429	-11.8979	-1.8077	0.2736	-0.2897	-0.7998	0.5483	-0.3406	0.0747	0.7606	-0.0841	0.0101	-0.0595	
0.5694	-11.8859	-1.8712	0.2731	-0.2698	-0.7954	0.5772	-0.3350	0.1136	0.7362	-0.0843	0.0128	-0.0588	
0.5942	-11.9177	-1.9375	0.2722	-0.2737	-0.7912	0.6057	-0.3306	0.1492	0.7084	-0.0847	0.0150	-0.0577	
0.5620	-11.8958	-2.0562	0.2436	-0.2529	-0.8148	0.6396	-0.3179	0.1847	0.6751	-0.0856	0.0184	-0.0561	
0.5815	-11.9123	-2.0906	0.2400	-0.2494	-0.7982	0.6634	-0.3002	0.2209	0.6494	-0.0850	0.0215	-0.0552	
0.5884	-11.9362	-2.1848	0.2321	-0.2511	-0.8101	0.6922	-0.2802	0.2570	0.6135	-0.0858	0.0250	-0.0538	
0.5794	-12.0127	-2.2253	0.2170	-0.2755	-0.7968	0.7179	-0.2577	0.2871	0.5802	-0.0859	0.0281	-0.0519	
0.6052	-11.9756	-2.3066	0.2189	-0.2504	-0.8007	0.7488	-0.2341	0.3145	0.5346	-0.0873	0.0312	-0.0494	
0.6437	-11.9772	-2.3821	0.2254	-0.2420	-0.8020	0.7721	-0.2108	0.3418	0.4928	-0.0880	0.0338	-0.0474	
0.6861	-11.9421	-2.4567	0.2338	-0.2200	-0.8024	0.7924	-0.1900	0.3753	0.4407	-0.0894	0.0361	-0.0461	
0.6784	-11.9396	-2.5446	0.2204	-0.2118	-0.8092	0.8121	-0.1599	0.4018	0.3918	-0.0904	0.0390	-0.0439	
0.7352	-11.9547	-2.6311	0.2329	-0.2093	-0.8138	0.8228	-0.1365	0.4267	0.3505	-0.0904	0.0408	-0.0423	
0.7392	-11.9961	-2.7041	0.2239	-0.2170	-0.8146	0.8321	-0.1044	0.4503	0.3073	-0.0905	0.0432	-0.0404	
0.7895	-12.0246	-2.8190	0.2323	-0.2197	-0.8310	0.8431	-0.0659	0.4688	0.2558	-0.0915	0.0460	-0.0375	
0.7820	-12.0625	-2.9042	0.2197	-0.2251	-0.8343	0.8505	-0.0339	0.4830	0.2068	-0.0922	0.0478	-0.0349	
0.8550	-12.0188	-2.9843	0.2356	-0.2010	-0.8365	0.8569	0.0056	0.4922	0.1560	-0.0930	0.0499	-0.0315	
0.9459	-12.0365	-3.0897	0.2569	-0.1988	-0.8466	0.8611	0.0417	0.4964	0.1076	-0.0937	0.0513	-0.0281	
1.0405	-11.9934	-3.1970	0.2783	-0.1764	-0.8561	0.8624	0.0779	0.4982	0.0486	-0.0953	0.0524	-0.0245	
1.0879	-11.9797	-3.3238	0.2832	-0.1644	-0.8711	0.8598	0.1085	0.4998	-0.0020	-0.0961	0.0529	-0.0215	
1.1532	-11.9828	-3.4094	0.2933	-0.1585	-0.8729	0.8515	0.1451	0.5007	-0.0580	-0.0973	0.0539	-0.0185	
1.2242	-12.0417	-3.4864	0.3049	-0.1706	-0.8719	0.8390	0.1784	0.5025	-0.1091	-0.0980	0.0546	-0.0160	
1.2847	-12.0941	-3.6022	0.3127	-0.1792	-0.8829	0.8271	0.2120	0.4968	-0.1584	-0.0989	0.0548	-0.0129	
1.3236	-12.1497	-3.6419	0.3136	-0.1885	-0.8707	0.8109	0.2455	0.4901	-0.2065	-0.0996	0.0550	-0.0102	
1.3519	-12.1666	-3.7423	0.3114	-0.1856	-0.8763	0.7921	0.2754	0.4821	-0.2548	-0.1004	0.0548	-0.0076	
1.4036	-12.2328	-3.8491	0.3162	-0.1969	-0.8837	0.7729	0.3040	0.4677	-0.3038	-0.1016	0.0539	-0.0048	
1.4687	-12.2992	-3.9383	0.3245	-0.2074	-0.8858	0.7487	0.3345	0.4499	-0.3546	-0.1030	0.0531	-0.0018	
1.5366	-12.3706	-4.0382	0.3334	-0.2193	-0.8906	0.7200	0.3619	0.4346	-0.4025	-0.1041	0.0524	0.0005	
1.5958	-12.4578	-4.0942	0.3397	-0.2350	-0.8833	0.6906	0.3853	0.4151	-0.4501	-0.1053	0.0514	0.0027	
1.6463	-12.5589	-4.1842	0.3431	-0.2533	-0.8855	0.6557	0.4131	0.3912	-0.4965	-0.1068	0.0503	0.0053	
1.6918	-12.6362	-4.2529	0.3453	-0.2649	-0.8822	0.6213	0.4389	0.3683	-0.5353	-0.1076	0.0493	0.0077	
1.7495	-12.7498	-4.3236	0.3506	-0.2855	-0.8793	0.5817	0.4624	0.3429	-0.5750	-0.1087	0.0482	0.0099	
1.7871	-12.8277	-4.4020	0.3506	-0.2957	-0.8783	0.5408	0.4809	0.3130	-0.6152	-0.1101	0.0465	0.0118	
1.8245	-12.9367	-4.4527	0.3507	-0.3136	-0.8706	0.4976	0.4993	0.2817	-0.6512	-0.1113	0.0450	0.0138	
1.8572	-13.0108	-4.5040	0.3497	-0.3222	-0.8632	0.4549	0.5141	0.2507	-0.6831	-0.1122	0.0434	0.0155	
1.8593	-13.0528	-4.5759	0.3413	-0.3229	-0.8610	0.4126	0.5277	0.2203	-0.7098	-0.1128	0.0417	0.0171	
1.8702	-13.1226	-4.6578	0.3353	-0.3303	-0.8613	0.3681	0.5405	0.1867	-0.7338	-0.1136	0.0399	0.0187	
1.8767	-13.1717	-4.7527	0.3286	-0.3327	-0.8642	0.3217	0.5522	0.1531	-0.7544	-0.1143	0.0381	0.0203	
1.8942	-13.2384	-4.8062	0.3249	-0.3394	-0.8573	0.2733	0.5637	0.1171	-0.7712	-0.1151	0.0362	0.0222	
1.9056	-13.2830	-4.8574	0.3199	-0.3406	-0.8499	0.2212	0.5708	0.0790	-0.7870	-0.1161	0.0341	0.0239	
1.9197	-13.3278	-4.9482	0.3156	-0.3427	-0.8519	0.1788	0.5783	0.0472	-0.7959	-0.1160	0.0322	0.0252	
1.9247	-13.3515	-5.0144	0.3095	-0.3397	-0.8482	0.1331	0.5814	0.0121	-0.8035	-0.1164	0.0301	0.0264	
1.9441	-13.4014	-5.1091	0.3066	-0.3426	-0.8509	0.0910	0.5861	-0.0250	-0.8061	-0.1165	0.0276	0.0276	
1.9484	-13.4251	-5.1878	0.3012	-0.3403	-0.8493	0.0497	0.5889	-0.0580	-0.8061	-0.1168	0.0292	0.0268	
1.9809	-13.4441	-5.2674	0.3014	-0.3367	-0.8484	-0.0094	-0.5873	0.0974	0.8049	-0.1170	0.0264	0.0277	
1.9752	-13.4816	-5.3373	0.2937	-0.3370	-0.8454	0.0346	-0.5820	0.1372	0.8017	-0.1174	0.0236	0.0286	
1.9956	-13.5324	-5.4074	0.2917	-0.3406	-0.8420	0.0801	-0.5767	0.1768	0.7945	-0.1179	0.0206	0.0296	
1.9880	-13.5766	-5.4823	0.2840	-0.3425	-0.8400	0.1211	-0.5686	0.2146	0.7860	-0.1180	0.0177	0.0301	
2.0109	-13.6091	-5.5216	0.2826	-0.3421	-0.8310	0.1577	-0.5609	0.2545	0.7735	-0.1181	0.0142	0.0305	
2.0222	-13.6452	-5.5792	0.2790	-0.3424	-0.8254	0.1984	-0.5498	0.2955	0.7569	-0.1186	0.0106	0.0308	
2.0379	-13.6646	-5.6242	0.2763	-0.3393	-0.8180	0.2331	-0.5357	0.3322	0.7421	-0.1185	0.0076	0.0305	
2.0313	-13.6658	-5.6709	0.2696	-0.3328	-0.8104	0.2755	-0.5184	0.3740	0.7186	-0.1193	0.0039	0.0304	
2.0284	-13.6674	-5.7080	0.2638	-0.3266	-0.8013	0.3158	-0.4981	0.4127	0.6949	-0.1199	0.0006	0.0299	
2.0634	-13.6707	-5.7545	0.2653	-0.3210	-0.7941	0.3554	-0.4759	0.4504	0.6673	-0.1206	-0.0027	0.0292	
2.0677	-13.6755	-5.7972	0.2610	-0.3159	-0.7865	0.3919	-0.4519	0.4860	0.6381	-0.1210	-0.0059	0.0282	
2.0647	-13.6386	-5.8121	0.2558	-0.3036	-0.7733	0.4350	-0.4273	0.5204	0.5980	-0.1220	-0.0098	0.0277	
2.0929	-13.6116	-5.8228	0.2562	-0.2937	-0.7596	0.4717	-0.4040	0.5531	0.5562	-0.1226	-0.0138	0.0267	
2.1271	-13.5603	-5.8488	0.2578	-0.2794	-0.7491	0.5082	-0.3724	0.5857	0.5101	-0.1236	-0.0173	0.0253	
2.1667	-13.5213	-5.8671	0.2602	-0.2677	-0.7376	0.5408	-0.3394	0.6155	0.4624	-0.1245	-0.0206	0.0235	
2.2035	-13.4643	-5.9051	0.2621	-0.2533	-0.7296	0.5741	-0.3025	0.6412	0.4093	-0.1255	-0.0237	0.0218	
2.2638	-13.4179	-5.9358	0.2679	-0.2412	-0.7206	0.5999	-0.2630	0.6669	0.3554	-0.1265	-0.0264	0.0193	
2.3283	-13.3573	-5.9714	0.2743	-0.2268	-0.7127	0.6228	-0.2167	0.6898	0.2981	-0.1278	-0.0287	0.0165	
2.4010	-13.2996	-6.0120	0.2819	-0.2134	-0.7058	0.6416	-0.1710	0.7082	0.2395	-0.1289	-0.0307	0.0137	
2.4820	-13.2722	-6.0421	0.2906	-0.2056	-0.6974	0.6560	-0.1211	0.7227	0.1797	-0.1301	-0.0322	0.0107	
2.5783	-13.2353	-6.0923	0.3016	-0.1964	-0.6925	0.6664	-0.0694	0.7326	0.1175	-0.1314	-0.0335	0.0076	
2.6951	-13.2142	-6.1331	0.3156	-0.1902	-0.6859	0.6696	-0.0137	0.7402	0.0531	-0.1330	-0.0342	0.0040	
2.8000	-13.2103	-6.1713	0.3274	-0.1868	-0.6795	0.6689	0.0434	0.7415	-0.0080	-0.1343	-0.0344	0.0007	
2.9090	-13.2257	-6.2296	0.3395	-0.1868	-0.6763	0.6661	0.1009	0.7346	-0.0725	-0.1359	-0.0346	-0.0021	
3.0350	-13.2512	-6.2820	0.3539	-0.1884	-0.6725	0.6570	0.1627	0.7226	-0.1351	-0.1376	-0.0341	-0.0049	
3.1383	-13.2972	-6.3435	0.3644	-0.1932	-0.6700	0.6426	0.2210	0.7051	-0.1988	-0.1393	-0.0336	-0.0077	
3.2519	-13.3437	-6.3605	0.3763	-0.1980	-0.6611	0.6272	0.2758	0.6804	-0.2576	-0.1406	-0.0331	-0.0100	
3.3422	-13.4025	-6.3977	0.3843	-0.2044	-0.6557	0.6060	0.3307	0.6517	-0.3122	-0.1418	-0.0320	-0.0121	
3.4308	-13.4726	-6.4500	0.3918	-0.2126	-0.6524	0.5799	0.3813	0.6160	-0.3705	-0.1432	-0.0314	-0.0142	
3.5201	-13.5529	-6.4874	0.3993	-0.2220	-0.6472	0.5493	0.4320	0.5752	-0.4233	-0.1447	-0.0303	-0.0161	
3.5934	-13.6392	-6.5305	0.4042	-0.2321	-0.6432	0.5150	0.4797	0.5300	-0.4714	-0.1460	-0.0291	-0.0176	
3.6463	-13.7298	-6.5739	0.4059	-0.2425	-0.6392	0.4764	0.5243	0.4824	-0.5140	-0.1472	-0.0275	-0.0190	
3.7041	-13.8314	-6.6117	0.4084	-0.2543	-0.6345	0.4352	0.5619	0.4316	-0.5545	-0.1482	-0.0262	-0.0203	
3.7509	-13.9286	-6.6699	0.4092	-0.2651	-0.6329	0.3903	0.5960	0.3770	-0.5908	-0.1492	-0.0248	-0.0215	
3.7881	-14.0195	-6.7175	0.4086	-0.2748	-0.6301	0.3462	0.6253	0.3219	-0.6205	-0.1498	-0.0235	-0.0224	
3.8116	-14.1336	-6.7656	0.4061	-0.2876	-0.6272	0.2948	0.6511	0.2622	-0.6474	-0.1508	-0.0219	-0.0233	
3.8306	-14.2268	-6.8183	0.4030	-0.2970	-0.6250	0.2423	0.6711	0.2023	-0.6702	-0.1515	-0.0204	-0.0241	
3.8369	-14.3129	-6.8845	0.3982	-0.3052	-0.6248	0.1900	0.6887	0.1423	-0.6846	-0.1521	-0.0189	-0.0244	
3.8319	-14.3995	-6.9483	0.3920	-0.3133	-0.6243	0.1375	0.7008	0.0823	-0.6948	-0.1526	-0.0175	-0.0247	
3.8045	-14.4928	-7.0225	0.3828	-0.3221	-0.6252	0.0864	0.7095	0.0239	-0.6991	-0.1527	-0.0162	-0.0247	
3.7813	-14.5848	-7.0410	0.3745	-0.3301	-0.6202	0.0379	0.7152	-0.0285	-0.6982	-0.1531	-0.0169	-0.0254	
3.7686	-14.6792	-7.1039	0.3677	-0.3387	-0.6196	0.0148	-0.7168	0.0877	0.6916	-0.1533	-0.0157	-0.0249	
3.7391	-14.7596	-7.1699	0.3588	-0.3452	-0.6194	0.0698	-0.7138	0.1464	0.6812	-0.1537	-0.0145	-0.0244	
3.7055	-14.8330	-7.2257	0.3497	-0.3507	-0.6179	0.1229	-0.7069	0.2032	0.6663	-0.1539	-0.0133	-0.0238	
3.6781	-14.8799	-7.2908	0.3415	-0.3524	-0.6177	0.1727	-0.6965	0.2568	0.6478	-0.1538	-0.0124	-0.0232	
3.6486	-14.9378	-7.3456	0.3332	-0.3557	-0.6163	0.2229	-0.6809	0.3083	0.6262	-0.1538	-0.0112	-0.0225	
3.6223	-14.9832	-7.4124	0.3255	-0.3571	-0.6164	0.2713	-0.6625	0.3590	0.5991	-0.1539	-0.0104	-0.0218	
3.5973	-15.0397	-7.4779	0.3181	-0.3601	-0.6163	0.3200	-0.6406	0.4063	0.5679	-0.1539	-0.0096	-0.0207	
3.5810	-15.0796	-7.5502	0.3120	-0.3607	-0.6173	0.3616	-0.6167	0.4502	0.5360	-0.1536	-0.0088	-0.0200	
3.5563	-15.1327	-7.6291	0.3050	-0.3631	-0.6190	0.4032	-0.5890	0.4916	0.4996	-0.1534	-0.0081	-0.0191	
3.5424	-15.1733	-7.7021	0.2994	-0.3638	-0.6200	0.4443	-0.5575	0.5299	0.4600	-0.1534	-0.0074	-0.0180	
3.5272	-15.2063	-7.7796	0.2938	-0.3635	-0.6215	0.4787	-0.5272	0.5628	0.4217	-0.1527	-0.0068	-0.0170	
3.5079	-15.2487	-7.8581	0.2878	-0.3645	-0.6231	0.5143	-0.4934	0.5929	0.3763	-0.1525	-0.0066	-0.0156	
3.4917	-15.2738	-7.9254	0.2823	-0.3632	-0.6234	0.5449	-0.4599	0.6195	0.3304	-0.1520	-0.0067	-0.0142	
3.4808	-15.3043	-8.0016	0.2776	-0.3626	-0.6249	0.5739	-0.4210	0.6435	0.2833	-0.1517	-0.0064	-0.0129	
3.4722	-15.3376	-8.0968	0.2732	-0.3625	-0.6286	0.6059	-0.3855	0.6566	0.2356	-0.1512	-0.0063	-0.0103	
3.4669	-15.3732	-8.1853	0.2693	-0.3626	-0.6315	0.6333	-0.3505	0.6655	0.1898	-0.1503	-0.0064	-0.0077	
3.4641	-15.4128	-8.2738	0.2657	-0.3632	-0.6343	0.6582	-0.3157	0.6707	0.1417	-0.1494	-0.0070	-0.0051	
3.4665	-15.4650	-8.3723	0.2629	-0.3652	-0.6383	0.6783	-0.2773	0.6758	0.0905	-0.1488	-0.0078	-0.0028	
3.4662	-15.5053	-8.4781	0.2597	-0.3658	-0.6431	0.6964	-0.2395	0.6770	0.0399	-0.1481	-0.0088	-0.0004	
3.4792	-15.5314	-8.5671	0.2582	-0.3647	-0.6460	0.7125	-0.2017	0.6734	-0.0141	-0.1474	-0.0105	0.0020	
3.4886	-15.5622	-8.6593	0.2563	-0.3641	-0.6493	0.7253	-0.1631	0.6675	-0.0642	-0.1466	-0.0119	0.0044	
3.5016	-15.5931	-8.7549	0.2548	-0.3635	-0.6529	0.7351	-0.1265	0.6583	-0.1135	-0.1456	-0.0137	0.0066	
3.5159	-15.6288	-8.8442	0.2535	-0.3635	-0.6557	0.7403	-0.0855	0.6465	-0.1675	-0.1450	-0.0159	0.0086	
3.5314	-15.6670	-8.9368	0.2523	-0.3637	-0.6590	0.7440	-0.0436	0.6298	-0.2220	-0.1446	-0.0184	0.0106	
3.5474	-15.7054	-9.0313	0.2512	-0.3640	-0.6625	0.7442	-0.0009	0.6082	-0.2778	-0.1442	-0.0213	0.0126	
3.5577	-15.7500	-9.1113	0.2495	-0.3649	-0.6644	0.7401	0.0409	0.5861	-0.3291	-0.1436	-0.0239	0.0142	
3.5729	-15.7882	-9.1965	0.2484	-0.3651	-0.6668	0.7324	0.0828	0.5605	-0.3791	-0.1430	-0.0265	0.0155	
3.5840	-15.8403	-9.2883	0.2469	-0.3667	-0.6698	0.7206	0.1240	0.5318	-0.4284	-0.1424	-0.0294	0.0167	
3.5943	-15.8807	-9.3721	0.2453	-0.3671	-0.6720	0.7041	0.1645	0.5013	-0.4761	-0.1418	-0.0321	0.0173	
3.6075	-15.9350	-9.4622	0.2440	-0.3690	-0.6747	0.6850	0.2022	0.4696	-0.5202	-0.1410	-0.0348	0.0178	
3.6137	-15.9786	-9.5454	0.2420	-0.3696	-0.6767	0.6627	0.2421	0.4341	-0.5609	-0.1403	-0.0373	0.0183	
3.6221	-16.0235	-9.6330	0.2403	-0.3704	-0.6791	0.6371	0.2787	0.3984	-0.5990	-0.1395	-0.0397	0.0184	
3.6332	-16.0711	-9.7046	0.2389	-0.3714	-0.6799	0.6087	0.3175	0.3585	-0.6332	-0.1389	-0.0420	0.0186	
3.6415	-16.1077	-9.7918	0.2373	-0.3713	-0.6823	0.5769	0.3530	0.3187	-0.6648	-0.1381	-0.0442	0.0185	
3.6522	-16.1606	-9.8783	0.2359	-0.3729	-0.6845	0.5416	0.3855	0.2755	-0.6948	-0.1374	-0.0465	0.0180	
3.6611	-16.2097	-9.9530	0.2344	-0.3740	-0.6855	0.5028	0.4196	0.2320	-0.7195	-0.1369	-0.0484	0.0177	
3.6721	-16.2486	-10.0393	0.2331	-0.3741	-0.6877	0.4628	0.4481	0.1856	-0.7425	-0.1362	-0.0505	0.0168	
3.6764	-16.2915	-10.1237	0.2311	-0.3745	-0.6896	0.4166	0.4781	0.1367	-0.7609	-0.1360	-0.0525	0.0162	
3.6800	-16.3334	-10.2109	0.2292	-0.3749	-0.6918	0.3717	0.5021	0.0916	-0.7759	-0.1354	-0.0539	0.0151	
3.6940	-16.3750	-10.2991	0.2283	-0.3752	-0.6940	0.3243	0.5260	0.0420	-0.7853	-0.1349	-0.0556	0.0142	
3.7036	-16.4180	-10.3757	0.2269	-0.3757	-0.6951	0.2744	0.5449	-0.0065	-0.7925	-0.1345	-0.0570	0.0129	
3.7090	-16.4538	-10.4523	0.2252	-0.3754	-0.6961	0.2244	0.5636	-0.0556	-0.7933	-0.1340	-0.0583	0.0120	
3.7183	-16.4957	-10.5449	0.2239	-0.3758	-0.6987	0.1740	0.5776	-0.1029	-0.7913	-0.1335	-0.0594	0.0108	
3.7270	-16.5329	-10.6254	0.2226	-0.3757	-0.6999	0.1253	0.5890	-0.1468	-0.7855	-0.1328	-0.0601	0.0097	
3.7255	-16.5706	-10.7041	0.2203	-0.3756	-0.7011	0.0748	0.5945	-0.1911	-0.7781	-0.1322	-0.0605	0.0080	
3.7249	-16.6088	-10.8246	0.2181	-0.3757	-0.7054	0.0262	0.5966	-0.2376	-0.7668	-0.1327	-0.0600	0.0086	
3.7328	-16.6389	-10.9123	0.2168	-0.3749	-0.7072	0.0239	-0.5982	0.2794	0.7514	-0.1321	-0.0605	0.0073	
3.7379	-16.6748	-10.9910	0.2152	-0.3747	-0.7082	0.0752	-0.5958	0.3214	0.7327	-0.1317	-0.0608	0.0058	
3.7337	-16.7093	-11.0712	0.2128	-0.3744	-0.7093	0.1269	-0.5908	0.3601	0.7113	-0.1314	-0.0609	0.0044	
3.7393	-16.7452	-11.1524	0.2113	-0.3742	-0.7105	0.1752	-0.5813	0.3971	0.6892	-0.1309	-0.0606	0.0028	
3.7489	-16.7738	-11.2327	0.2103	-0.3733	-0.7116	0.2202	-0.5705	0.4292	0.6661	-0.1302	-0.0600	0.0013	
3.7561	-16.8044	-11.3183	0.2090	-0.3726	-0.7131	0.2635	-0.5571	0.4642	0.6373	-0.1296	-0.0600	-0.0003	
3.7688	-16.8322	-11.4130	0.2083	-0.3716	-0.7154	0.3020	-0.5436	0.4946	0.6091	-0.1286	-0.0596	-0.0017	
3.7808	-16.8512	-11.4917	0.2075	-0.3699	-0.7162	0.3423	-0.5247	0.5249	0.5775	-0.1280	-0.0591	-0.0034	
3.7888	-16.8800	-11.5678	0.2063	-0.3691	-0.7168	0.3836	-0.5044	0.5545	0.5402	-0.1277	-0.0590	-0.0049	
3.7980	-16.9078	-11.6524	0.2053	-0.3682	-0.7180	0.4234	-0.4799	0.5827	0.5017	-0.1276	-0.0584	-0.0066	
3.8100	-16.9437	-11.7319	0.2046	-0.3681	-0.7188	0.4587	-0.4555	0.6067	0.4641	-0.1271	-0.0577	-0.0081	
3.8235	-16.9691	-11.7989	0.2040	-0.3670	-0.7185	0.4931	-0.4254	0.6308	0.4229	-0.1270	-0.0569	-0.0100	
3.8412	-17.0050	-11.8774	0.2038	-0.3669	-0.7192	0.5247	-0.3936	0.6527	0.3805	-0.1269	-0.0560	-0.0118	
3.8474	-17.0362	-11.9486	0.2025	-0.3663	-0.7192	0.5532	-0.3598	0.6717	0.3384	-0.1268	-0.0547	-0.0137	
3.8592	-17.0667	-12.0287	0.2018	-0.3658	-0.7199	0.5759	-0.3245	0.6906	0.2963	-0.1266	-0.0533	-0.0159	
3.8731	-17.0901	-12.1081	0.2013	-0.3645	-0.7206	0.5981	-0.2856	0.7060	0.2520	-0.1267	-0.0516	-0.0179	
3.8901	-17.1243	-12.1810	0.2011	-0.3643	-0.7207	0.6178	-0.2459	0.7187	0.2058	-0.1268	-0.0500	-0.0199	
3.9044	-17.1573	-12.2494	0.2007	-0.3640	-0.7204	0.6317	-0.2077	0.7301	0.1639	-0.1265	-0.0481	-0.0219	
3.9168	-17.1899	-12.3250	0.2001	-0.3636	-0.7206	0.6428	-0.1646	0.7399	0.1154	-0.1268	-0.0461	-0.0242	
3.9371	-17.2294	-12.3901	0.2001	-0.3639	-0.7200	0.6530	-0.1255	0.7446	0.0719	-0.1265	-0.0441	-0.0258	
3.9655	-17.2627	-12.4455	0.2009	-0.3636	-0.7185	0.6610	-0.0833	0.7461	0.0238	-0.1267	-0.0422	-0.0274	
3.9871	-17.2921	-12.4996	0.2011	-0.3630	-0.7170	0.6643	-0.0420	0.7470	-0.0213	-0.1266	-0.0400	-0.0291	
3.9982	-17.3227	-12.5525	0.2004	-0.3625	-0.7154	0.6639	-0.0014	0.7465	-0.0639	-0.1264	-0.0375	-0.0307	
4.0170	-17.3629	-12.6092	0.2003	-0.3628	-0.7140	0.6589	0.0415	0.7445	-0.1075	-0.1264	-0.0346	-0.0325	
4.0315	-17.4041	-12.6670	0.1999	-0.3632	-0.7128	0.6549	0.0820	0.7374	-0.1495	-0.1263	-0.0322	-0.0335	
4.0542	-17.4385	-12.7206	0.2002	-0.3631	-0.7112	0.6436	0.1272	0.7295	-0.1959	-0.1267	-0.0292	-0.0352	
4.0662	-17.4731	-12.7803	0.1996	-0.3629	-0.7101	0.6307	0.1716	0.7195	-0.2378	-0.1270	-0.0260	-0.0364	
4.0790	-17.5111	-12.8361	0.1991	-0.3631	-0.7088	0.6142	0.2178	0.7068	-0.2778	-0.1274	-0.0225	-0.0373	
4.1013	-17.5508	-12.8906	0.1994	-0.3634	-0.7073	0.5947	0.2617	0.6932	-0.3149	-0.1276	-0.0188	-0.0381	
4.1214	-17.5864	-12.9498	0.1995	-0.3634	-0.7061	0.5683	0.3072	0.6787	-0.3518	-0.1280	-0.0145	-0.0390	
4.1446	-17.6215	-13.0062	0.1998	-0.3633	-0.7048	0.5418	0.3509	0.6581	-0.3890	-0.1285	-0.0109	-0.0394	
4.1578	-17.6658	-13.0724	0.1993	-0.3640	-0.7042	0.5120	0.3967	0.6353	-0.4221	-0.1291	-0.0069	-0.0393	
4.1711	-17.6947	-13.1347	0.1988	-0.3634	-0.7034	0.4820	0.4399	0.6056	-0.4561	-0.1298	-0.0036	-0.0390	
4.1851	-17.7411	-13.1945	0.1984	-0.3643	-0.7023	0.4480	0.4823	0.5755	-0.4862	-0.1304	-0.0000	-0.0384	
4.2017	-17.7871	-13.2542	0.1982	-0.3651	-0.7012	0.4118	0.5228	0.5405	-0.5153	-0.1311	0.0033	-0.0376	
4.2105	-17.8185	-13.3099	0.1974	-0.3647	-0.6999	0.3764	0.5585	0.5056	-0.5402	-0.1315	0.0063	-0.0365	
4.2239	-17.8574	-13.3683	0.1969	-0.3650	-0.6988	0.3403	0.5919	0.4666	-0.5630	-0.1318	0.0088	-0.0351	
4.2384	-17.8969	-13.4290	0.1965	-0.3652	-0.6979	0.3031	0.6223	0.4235	-0.5849	-0.1322	0.0110	-0.0337	
4.2506	-17.9490	-13.4889	0.1960	-0.3665	-0.6968	0.2584	0.6535	0.3772	-0.6034	-0.1331	0.0135	-0.0320	
4.2536	-17.9987	-13.5479	0.1947	-0.3675	-0.6958	0.2160	0.6803	0.3269	-0.6195	-0.1338	0.0154	-0.0301	
4.2615	-18.0405	-13.6049	0.1938	-0.3680	-0.6946	0.1715	0.7023	0.2764	-0.6334	-0.1344	0.0171	-0.0284	
4.2727	-18.0781	-13.6588	0.1932	-0.3681	-0.6931	0.1293	0.7247	0.2247	-0.6390	-0.1350	0.0184	-0.0257	
4.2675	-18.1241	-13.7151	0.1914	-0.3688	-0.6919	0.0851	0.7404	0.1693	-0.6450	-0.1356	0.0193	-0.0236	
4.2670	-18.1676	-13.7755	0.1899	-0.3693	-0.6909	0.0375	0.7528	0.1147	-0.6471	-0.1363	0.0204	-0.0213	
4.2612	-18.2142	-13.7915	0.1880	-0.3700	-0.6873	0.0070	-0.7631	-0.0602	0.6439	-0.1358	0.0199	-0.0232	
4.2737	-18.2678	-13.8244	0.1876	-0.3713	-0.6850	0.0529	-0.7658	-0.0075	0.6413	-0.1355	0.0186	-0.0240	
4.2739	-18.3015	-13.8505	0.1862	-0.3710	-0.6822	0.0941	-0.7683	0.0469	0.6320	-0.1353	0.0173	-0.0250	
4.2820	-18.3393	-13.8814	0.1854	-0.3710	-0.6797	0.1338	-0.7675	0.1024	0.6190	-0.1351	0.0158	-0.0257	
4.2776	-18.3747	-13.9143	0.1837	-0.3709	-0.6774	0.1742	-0.7637	0.1567	0.6020	-0.1351	0.0139	-0.0259	
4.2797	-18.4154	-13.9387	0.1824	-0.3711	-0.6745	0.2135	-0.7605	0.2088	0.5775	-0.1351	0.0114	-0.0260	
4.2828	-18.4444	-13.9779	0.1813	-0.3705	-0.6727	0.2524	-0.7540	0.2607	0.5482	-0.1352	0.0088	-0.0258	
4.2911	-18.4726	-14.0231	0.1805	-0.3698	-0.6712	0.2868	-0.7437	0.3131	0.5169	-0.1353	0.0067	-0.0255	
4.2987	-18.5056	-14.0654	0.1797	-0.3695	-0.6696	0.3227	-0.7331	0.3626	0.4771	-0.1356	0.0038	-0.0250	
4.3030	-18.5222	-14.1187	0.1787	-0.3680	-0.6687	0.3547	-0.7188	0.4098	0.4361	-0.1358	0.0015	-0.0243	
4.3082	-18.5460	-14.1789	0.1777	-0.3670	-0.6683	0.3857	-0.7027	0.4538	0.3902	-0.1361	-0.0010	-0.0236	
4.3125	-18.5666	-14.2364	0.1767	-0.3658	-0.6677	0.4146	-0.6851	0.4954	0.3375	-0.1366	-0.0038	-0.0228	
4.3294	-18.5796	-14.2922	0.1766	-0.3641	-0.6670	0.4394	-0.6659	0.5342	0.2806	-0.1369	-0.0065	-0.0221	
4.3308	-18.5999	-14.3702	0.1754	-0.3629	-0.6678	0.4644	-0.6430	0.5678	0.2219	-0.1374	-0.0092	-0.0210	
4.3404	-18.6176	-14.4386	0.1748	-0.3616	-0.6679	0.4838	-0.6177	0.5987	0.1635	-0.1376	-0.0115	-0.0202	
4.3550	-18.6283	-14.5155	0.1746	-0.3598	-0.6686	0.5001	-0.5884	0.6274	0.1023	-0.1380	-0.0137	-0.0193	
4.3667	-18.6461	-14.5906	0.1741	-0.3585	-0.6691	0.5157	-0.5552	0.6516	0.0435	-0.1383	-0.0154	-0.0182	
4.3866	-18.6596	-14.6690	0.1742	-0.3569	-0.6699	0.5248	-0.5216	0.6726	-0.0213	-0.1386	-0.0176	-0.0175	
4.4044	-18.6667	-14.7544	0.1742	-0.3549	-0.6711	0.5325	-0.4852	0.6886	-0.0860	-0.1389	-0.0197	-0.0166	
4.4281	-18.6882	-14.8367	0.1746	-0.3539	-0.6721	0.5335	-0.4482	0.7030	-0.1447	-0.1387	-0.0213	-0.0160	
4.4509	-18.7073	-14.9179	0.1749	-0.3528	-0.6729	0.5305	-0.4095	0.7133	-0.2063	-0.1386	-0.0230	-0.0155	
4.4747	-18.7246	-15.0026	0.1753	-0.3516	-0.6740	0.5263	-0.3692	0.7200	-0.2628	-0.1383	-0.0245	-0.0148	
4.4980	-18.7448	-15.0819	0.1757	-0.3505	-0.6748	0.5199	-0.3258	0.7239	-0.3166	-0.1380	-0.0257	-0.0141	
4.5228	-18.7717	-15.1726	0.1761	-0.3499	-0.6762	0.5120	-0.2871	0.7201	-0.3720	-0.1373	-0.0275	-0.0133	
4.5455	-18.7989	-15.2644	0.1764	-0.3494	-0.6777	0.5059	-0.2462	0.7107	-0.4243	-0.1366	-0.0295	-0.0121	
4.5765	-18.8369	-15.3482	0.1773	-0.3496	-0.6786	0.4933	-0.2095	0.6988	-0.4758	-0.1355	-0.0315	-0.0114	
4.6040	-18.8636	-15.4289	0.1779	-0.3490	-0.6794	0.4761	-0.1697	0.6882	-0.5220	-0.1346	-0.0330	-0.0110	
4.6302	-18.8991	-15.5136	0.1784	-0.3490	-0.6804	0.4559	-0.1297	0.6748	-0.5669	-0.1337	-0.0346	-0.0107	
4.6630	-18.9369	-15.5950	0.1794	-0.3492	-0.6812	0.4362	-0.0927	0.6574	-0.6091	-0.1325	-0.0363	-0.0104	
4.6896	-18.9780	-15.6829	0.1799	-0.3496	-0.6823	0.4149	-0.0558	0.6382	-0.6477	-0.1312	-0.0380	-0.0101	
4.7159	-19.0128	-15.7695	0.1804	-0.3496	-0.6834	0.3896	-0.0160	0.6173	-0.6843	-0.1303	-0.0396	-0.0101	
4.7391	-19.0449	-15.8566	0.1807	-0.3494	-0.6845	0.3636	0.0187	0.5968	-0.7166	-0.1288	-0.0409	-0.0103	
4.7667	-19.0887	-15.9443	0.1813	-0.3499	-0.6857	0.3362	0.0547	0.5709	-0.7482	-0.1276	-0.0427	-0.0105	
4.8006	-19.1170	-16.0209	0.1823	-0.3495	-0.6861	0.3087	0.0914	0.5460	-0.7746	-0.1264	-0.0439	-0.0107	
4.8230	-19.1461	-16.1003	0.1825	-0.3491	-0.6867	0.2774	0.1309	0.5203	-0.7978	-0.1256	-0.0449	-0.0111	
4.8501	-19.1724	-16.1805	0.1830	-0.3485	-0.6873	0.2454	0.1660	0.4909	-0.8202	-0.1245	-0.0462	-0.0119	
4.8732	-19.1984	-16.2649	0.1833	-0.3479	-0.6882	0.2147	0.2005	0.4610	-0.8384	-0.1233	-0.0472	-0.0125	
4.8996	-19.2259	-16.3479	0.1838	-0.3475	-0.6890	0.1810	0.2343	0.4298	-0.8538	-0.1223	-0.0481	-0.0134	
4.9235	-19.2563	-16.4327	0.1842	-0.3472	-0.6900	0.1461	0.2704	0.3969	-0.8654	-0.1216	-0.0489	-0.0143	
4.9437	-19.2842	-16.5134	0.1843	-0.3468	-0.6906	0.1118	0.3033	0.3629	-0.8747	-0.1207	-0.0496	-0.0153	
4.9594	-19.3226	-16.6035	0.1841	-0.3470	-0.6918	0.0770	0.3334	0.3254	-0.8822	-0.1197	-0.0504	-0.0167	
4.9609	-19.3498	-16.7047	0.1830	-0.3465	-0.6939	0.0435	0.3608	0.2857	-0.8876	-0.1209	-0.0492	-0.0160	
4.9759	-19.3799	-16.7897	0.1828	-0.3462	-0.6947	-0.0080	-0.3874	-0.2472	0.8889	-0.1200	-0.0497	-0.0175	
4.9908	-19.4115	-16.8709	0.1826	-0.3460	-0.6954	0.0313	-0.4141	-0.2071	0.8863	-0.1194	-0.0499	-0.0190	
5.0149	-19.4407	-16.9566	0.1830	-0.3457	-0.6963	0.0709	-0.4378	-0.1633	0.8817	-0.1189	-0.0500	-0.0209	
5.0344	-19.4749	-17.0427	0.1831	-0.3456	-0.6972	0.1126	-0.4580	-0.1175	0.8743	-0.1186	-0.0498	-0.0231	
5.0484	-19.5077	-17.1246	0.1828	-0.3456	-0.6979	0.1539	-0.4747	-0.0718	0.8640	-0.1183	-0.0493	-0.0254	
5.0591	-19.5412	-17.2053	0.1824	-0.3455	-0.6984	0.1950	-0.4915	-0.0223	0.8486	-0.1182	-0.0490	-0.0276	
5.0639	-19.5734	-17.2838	0.1816	-0.3454	-0.6989	0.2393	-0.5011	0.0275	0.8313	-0.1183	-0.0478	-0.0303	
5.0775	-19.5998	-17.3709	0.1814	-0.3449	-0.6998	0.2795	-0.5076	0.0778	0.8116	-0.1182	-0.0466	-0.0329	
5.0796	-19.6264	-17.4481	0.1804	-0.3444	-0.7002	0.3231	-0.5142	0.1253	0.7845	-0.1186	-0.0452	-0.0349	
5.0911	-19.6526	-17.5247	0.1801	-0.3439	-0.7006	0.3668	-0.5181	0.1745	0.7524	-0.1192	-0.0437	-0.0369	
5.0928	-19.6769	-17.6043	0.1791	-0.3433	-0.7011	0.4104	-0.5169	0.2258	0.7160	-0.1201	-0.0419	-0.0391	
5.0992	-19.7038	-17.6867	0.1785	-0.3429	-0.7018	0.4501	-0.5127	0.2748	0.6772	-0.1207	-0.0400	-0.0411	
5.1099	-19.7235	-17.7603	0.1781	-0.3421	-0.7019	0.4883	-0.5044	0.3213	0.6352	-0.1214	-0.0380	-0.0429	
5.1185	-19.7462	-17.8380	0.1776	-0.3414	-0.7024	0.5231	-0.4933	0.3678	0.5893	-0.1221	-0.0360	-0.0446	
5.1304	-19.7688	-17.9189	0.1773	-0.3408	-0.7030	0.5530	-0.4791	0.4140	0.5412	-0.1227	-0.0340	-0.0464	
5.1458	-19.7917	-17.9968	0.1772	-0.3402	-0.7034	0.5821	-0.4605	0.4554	0.4914	-0.1233	-0.0317	-0.0478	
5.1575	-19.8099	-18.0812	0.1769	-0.3393	-0.7042	0.6066	-0.4390	0.4951	0.4407	-0.1238	-0.0293	-0.0491	
5.1721	-19.8300	-18.1567	0.1767	-0.3385	-0.7045	0.6279	-0.4175	0.5319	0.3849	-0.1243	-0.0274	-0.0502	
5.1778	-19.8531	-18.2325	0.1761	-0.3379	-0.7048	0.6460	-0.3896	0.5672	0.3303	-0.1248	-0.0248	-0.0514	
5.1942	-19.8754	-18.3205	0.1760	-0.3373	-0.7058	0.6609	-0.3602	0.5985	0.2745	-0.1253	-0.0223	-0.0523	
5.2123	-19.8963	-18.4031	0.1761	-0.3366	-0.7065	0.6718	-0.3314	0.6259	0.2176	-0.1256	-0.0202	-0.0530	
5.2333	-19.9162	-18.4811	0.1763	-0.3358	-0.7069	0.6788	-0.2993	0.6510	0.1619	-0.1257	-0.0178	-0.0536	
5.2518	-19.9356	-18.5572	0.1763	-0.3350	-0.7072	0.6838	-0.2680	0.6708	0.1039	-0.1260	-0.0158	-0.0538	
5.2638	-19.9533	-18.6369	0.1760	-0.3342	-0.7077	0.6910	-0.2305	0.6837	0.0434	-0.1268	-0.0136	-0.0533	
5.2871	-19.9718	-18.7113	0.1763	-0.3334	-0.7080	0.6944	-0.1927	0.6936	-0.0129	-0.1272	-0.0113	-0.0525	
5.3137	-19.9890	-18.7940	0.1768	-0.3325	-0.7087	0.6940	-0.1541	0.6993	-0.0739	-0.1280	-0.0095	-0.0517	
5.3335	-20.0160	-18.8654	0.1770	-0.3322	-0.7087	0.6902	-0.1175	0.7017	-0.1330	-0.1284	-0.0080	-0.0510	
5.3617	-20.0377	-18.9444	0.1775	-0.3316	-0.7092	0.6826	-0.0770	0.6994	-0.1961	-0.1294	-0.0066	-0.0501	
5.3872	-20.0528	-19.0170	0.1780	-0.3306	-0.7093	0.6704	-0.0384	0.6967	-0.2530	-0.1298	-0.0050	-0.0494	
5.4135	-20.0819	-19.0877	0.1784	-0.3304	-0.7093	0.6549	-0.0011	0.6906	-0.3075	-0.1300	-0.0036	-0.0487	
5.4368	-20.1124	-19.1599	0.1787	-0.3303	-0.7094	0.6378	0.0346	0.6795	-0.3614	-0.1302	-0.0026	-0.0478	
5.4587	-20.1400	-19.2328	0.1789	-0.3301	-0.7096	0.6201	0.0690	0.6660	-0.4102	-0.1302	-0.0018	-0.0467	
5.4804	-20.1697	-19.3038	0.1791	-0.3299	-0.7096	0.5974	0.1042	0.6526	-0.4555	-0.1300	-0.0004	-0.0458	
5.4976	-20.1972	-19.3766	0.1791	-0.3297	-0.7097	0.5709	0.1439	0.6332	-0.5027	-0.1305	0.0008	-0.0447	
5.5222	-20.2284	-19.4499	0.1795	-0.3296	-0.7098	0.5436	0.1791	0.6111	-0.5473	-0.1307	0.0016	-0.0436	
5.5419	-20.2608	-19.5214	0.1796	-0.3296	-0.7099	0.5095	0.2151	0.5871	-0.5911	-0.1311	0.0028	-0.0428	
5.5606	-20.2934	-19.5884	0.1796	-0.3296	-0.7097	0.4800	0.2496	0.5620	-0.6267	-0.1311	0.0037	-0.0413	
5.5817	-20.3268	-19.6534	0.1798	-0.3296	-0.7094	0.4454	0.2825	0.5342	-0.6613	-0.1311	0.0047	-0.0401	
5.6004	-20.3588	-19.7209	0.1798	-0.3296	-0.7092	0.4113	0.3150	0.5017	-0.6934	-0.1313	0.0052	-0.0387	
5.6167	-20.3924	-19.7897	0.1797	-0.3297	-0.7091	0.3765	0.3436	0.4701	-0.7214	-0.1311	0.0057	-0.0374	
5.6362	-20.4210	-19.8611	0.1798	-0.3295	-0.7092	0.3395	0.3719	0.4358	-0.7467	-0.1311	0.0061	-0.0359	
5.6485	-20.4472	-19.9307	0.1795	-0.3291	-0.7091	0.3045	0.3980	0.4009	-0.7679	-0.1309	0.0063	-0.0344	
5.6602	-20.4709	-20.0000	0.1791	-0.3287	-0.7091	0.2697	0.4242	0.3664	-0.7842	-0.1306	0.0065	-0.0325	
5.6756	-20.4946	-20.0614	0.1790	-0.3282	-0.7086	0.2358	0.4511	0.3309	-0.7960	-0.1303	0.0065	-0.0303	
5.6901	-20.5197	-20.1222	0.1788	-0.3278	-0.7081	0.1967	0.4779	0.2925	-0.8054	-0.1304	0.0065	-0.0279	
5.7065	-20.5420	-20.1898	0.1787	-0.3273	-0.7079	0.1592	0.5014	0.2549	-0.8124	-0.1302	0.0063	-0.0258	
5.7259	-20.5581	-20.2530	0.1788	-0.3264	-0.7075	0.1250	0.5274	0.2153	-0.8137	-0.1302	0.0055	-0.0231	
5.7395	-20.5875	-20.3152	0.1785	-0.3263	-0.7071	0.0861	0.5513	0.1742	-0.8123	-0.1303	0.0046	-0.0204	
5.7442	-20.6062	-20.3556	0.1779	-0.3256	-0.7055	0.0498	0.5758	0.1325	-0.8065	-0.1303	0.0066	-0.0231	
5.7605	-20.6258	-20.4170	0.1778	-0.3249	-0.7051	0.0138	0.5954	0.0849	-0.7998	-0.1306	0.0056	-0.0203	
5.7702	-20.6458	-20.4564	0.1774	-0.3243	-0.7035	0.0226	-0.6110	-0.0404	0.7913	-0.1305	0.0065	-0.0226	
5.7847	-20.6697	-20.4920	0.1772	-0.3238	-0.7017	0.0585	-0.6256	0.0078	0.7788	-0.1302	0.0068	-0.0252	
5.7919	-20.6884	-20.5252	0.1767	-0.3231	-0.6998	0.0918	-0.6366	0.0585	0.7643	-0.1298	0.0068	-0.0276	
5.8034	-20.7107	-20.5638	0.1763	-0.3226	-0.6982	0.1253	-0.6440	0.1126	0.7468	-0.1292	0.0063	-0.0298	
5.8149	-20.7274	-20.6037	0.1760	-0.3218	-0.6967	0.1546	-0.6491	0.1692	0.7260	-0.1286	0.0057	-0.0320	
5.8309	-20.7487	-20.6400	0.1759	-0.3212	-0.6951	0.1840	-0.6535	0.2257	0.6992	-0.1279	0.0042	-0.0342	
5.8457	-20.7712	-20.6859	0.1758	-0.3207	-0.6939	0.2106	-0.6566	0.2819	0.6677	-0.1273	0.0023	-0.0363	
5.8615	-20.7860	-20.7322	0.1757	-0.3198	-0.6927	0.2350	-0.6563	0.3389	0.6322	-0.1267	0.0004	-0.0381	
5.8734	-20.8032	-20.7913	0.1754	-0.3191	-0.6922	0.2545	-0.6528	0.3972	0.5930	-0.1262	-0.0014	-0.0402	
5.8862	-20.8181	-20.8451	0.1751	-0.3182	-0.6915	0.2725	-0.6490	0.4531	0.5474	-0.1258	-0.0037	-0.0421	
5.9049	-20.8346	-20.9007	0.1751	-0.3174	-0.6908	0.2877	-0.6429	0.5069	0.4974	-0.1256	-0.0060	-0.0438	
5.9225	-20.8475	-20.9605	0.1751	-0.3164	-0.6903	0.3028	-0.6347	0.5574	0.4418	-0.1256	-0.0087	-0.0452	
5.9440	-20.8623	-21.0259	0.1753	-0.3156	-0.6902	0.3096	-0.6216	0.6096	0.3822	-0.1257	-0.0109	-0.0472	
5.9653	-20.8750	-21.0907	0.1754	-0.3146	-0.6900	0.3189	-0.6061	0.6552	0.3188	-0.1262	-0.0133	-0.0485	
5.9863	-20.8894	-21.1592	0.1756	-0.3138	-0.6899	0.3211	-0.5847	0.7008	0.2517	-0.1269	-0.0154	-0.0502	
6.0130	-20.8975	-21.2296	0.1760	-0.3126	-0.6900	0.3304	-0.5629	0.7359	0.1800	-0.1280	-0.0180	-0.0508	
6.0386	-20.9108	-21.3048	0.1764	-0.3117	-0.6903	0.3309	-0.5342	0.7695	0.1117	-0.1288	-0.0198	-0.0517	
6.0608	-20.9273	-21.3818	0.1766	-0.3110	-0.6907	0.3329	-0.5008	0.7976	0.0378	-0.1302	-0.0218	-0.0523	
6.0915	-20.9444	-21.4644	0.1772	-0.3103	-0.6914	0.3267	-0.4614	0.8236	-0.0322	-0.1314	-0.0231	-0.0532	
6.1182	-20.9618	-21.5372	0.1776	-0.3096	-0.6915	0.3177	-0.4185	0.8443	-0.1008	-0.1326	-0.0242	-0.0540	
6.1541	-20.9839	-21.6160	0.1784	-0.3092	-0.6920	0.3027	-0.3746	0.8597	-0.1680	-0.1333	-0.0251	-0.0550	
6.1887	-21.0096	-21.6931	0.1792	-0.3089	-0.6924	0.2874	-0.3240	0.8702	-0.2326	-0.1344	-0.0258	-0.0557	
6.2189	-21.0355	-21.7716	0.1798	-0.3087	-0.6928	0.2676	-0.2748	0.8742	-0.2966	-0.1352	-0.0266	-0.0564	
6.2489	-21.0663	-21.8453	0.1804	-0.3087	-0.6930	0.2476	-0.2228	0.8718	-0.3583	-0.1361	-0.0274	-0.0569	
6.2753	-21.0971	-21.9226	0.1807	-0.3087	-0.6934	0.2239	-0.1677	0.8668	-0.4120	-0.1367	-0.0275	-0.0575	
6.3029	-21.1347	-22.0055	0.1812	-0.3090	-0.6941	0.1999	-0.1150	0.8552	-0.4639	-0.1371	-0.0279	-0.0578	
6.3321	-21.1692	-22.0839	0.1817	-0.3091	-0.6945	0.1733	-0.0619	0.8387	-0.5124	-0.1374	-0.0283	-0.0582	
6.3619	-21.1986	-22.1623	0.1822	-0.3091	-0.6949	0.1445	-0.0095	0.8176	-0.5573	-0.1375	-0.0285	-0.0586	
6.3934	-21.2334	-22.2389	0.1828	-0.3092	-0.6952	0.1135	0.0426	0.7931	-0.5971	-0.1375	-0.0286	-0.0591	
6.4146	-21.2685	-22.3160	0.1830	-0.3094	-0.6956	0.0838	0.0955	0.7641	-0.6327	-0.1376	-0.0287	-0.0594	
6.4373	-21.3060	-22.3864	0.1832	-0.3097	-0.6956	0.0511	0.1472	0.7318	-0.6637	-0.1376	-0.0285	-0.0598	
6.4573	-21.3340	-22.4568	0.1833	-0.3096	-0.6957	0.0175	0.1984	0.6966	-0.6895	-0.1381	-0.0272	-0.0598	
6.4757	-21.3647	-22.5291	0.1833	-0.3096	-0.6958	0.0115	-0.2411	-0.6625	0.7105	-0.1372	-0.0270	-0.0598	
6.5022	-21.3932	-22.6039	0.1836	-0.3095	-0.6960	0.0439	-0.2842	-0.6224	0.7288	-0.1366	-0.0267	-0.0602	
6.5224	-21.4308	-22.6763	0.1837	-0.3098	-0.6961	0.0757	-0.3237	-0.5829	0.7426	-0.1357	-0.0263	-0.0605	
6.5459	-21.4617	-22.7480	0.1839	-0.3098	-0.6962	0.1059	-0.3618	-0.5411	0.7530	-0.1348	-0.0259	-0.0607	
6.5731	-21.4970	-22.8190	0.1843	-0.3100	-0.6963	0.1371	-0.3990	-0.4958	0.7601	-0.1341	-0.0253	-0.0611	
6.5989	-21.5308	-22.8890	0.1847	-0.3101	-0.6963	0.1691	-0.4315	-0.4520	0.7635	-0.1331	-0.0245	-0.0615	
6.6174	-21.5595	-22.9665	0.1847	-0.3100	-0.6967	0.1970	-0.4630	-0.4077	0.7635	-0.1320	-0.0237	-0.0617	
6.6480	-21.5924	-23.0365	0.1852	-0.3101	-0.6967	0.2273	-0.4938	-0.3580	0.7601	-0.1313	-0.0228	-0.0621	
6.6758	-21.6240	-23.1056	0.1856	-0.3101	-0.6967	0.2551	-0.5214	-0.3126	0.7533	-0.1303	-0.0218	-0.0621	
6.7038	-21.6607	-23.1746	0.1860	-0.3104	-0.6966	0.2845	-0.5450	-0.2626	0.7449	-0.1294	-0.0204	-0.0626	
6.7343	-21.6906	-23.2473	0.1866	-0.3103	-0.6968	0.3105	-0.5679	-0.2125	0.7333	-0.1286	-0.0193	-0.0628	
6.7652	-21.7247	-23.3164	0.1871	-0.3105	-0.6967	0.3375	-0.5864	-0.1605	0.7198	-0.1278	-0.0178	-0.0632	
6.7933	-21.7559	-23.3869	0.1875	-0.3105	-0.6968	0.3617	-0.6019	-0.1101	0.7048	-0.1268	-0.0163	-0.0636	
6.8196	-21.7900	-23.4598	0.1879	-0.3107	-0.6969	0.3846	-0.6120	-0.0633	0.6902	-0.1253	-0.0144	-0.0639	
6.8432	-21.8216	-23.5267	0.1881	-0.3107	-0.6968	0.4088	-0.6223	-0.0117	0.6686	-0.1247	-0.0126	-0.0641	
6.8719	-21.8519	-23.5997	0.1885	-0.3107	-0.6969	0.4299	-0.6275	0.0365	0.6501	-0.1234	-0.0105	-0.0643	
6.9004	-21.8870	-23.6722	0.1889	-0.3109	-0.6971	0.4487	-0.6311	0.0867	0.6284	-0.1224	-0.0086	-0.0645	
6.9257	-21.9219	-23.7465	0.1892	-0.3111	-0.6973	0.4672	-0.6300	0.1338	0.6079	-0.1211	-0.0062	-0.0647	
6.9525	-21.9497	-23.8191	0.1895	-0.3109	-0.6974	0.4845	-0.6259	0.1776	0.5873	-0.1196	-0.0037	-0.0646	
6.9820	-21.9807	-23.8910	0.1900	-0.3110	-0.6975	0.5012	-0.6199	0.2230	0.5632	-0.1186	-0.0013	-0.0643	
7.0060	-22.0156	-23.9596	0.1902	-0.3111	-0.6975	0.5178	-0.6099	0.2681	0.5388	-0.1175	0.0014	-0.0641	
7.0367	-22.0490	-24.0361	0.1907	-0.3113	-0.6978	0.5350	-0.5981	0.3061	0.5154	-0.1162	0.0041	-0.0632	
7.0653	-22.0785	-24.1113	0.1911	-0.3112	-0.6980	0.5524	-0.5840	0.3439	0.4880	-0.1154	0.0068	-0.0620	
7.0922	-22.1048	-24.1874	0.1915	-0.3110	-0.6983	0.5686	-0.5662	0.3853	0.4578	-0.1148	0.0096	-0.0610	
7.1172	-22.1343	-24.2615	0.1917	-0.3110	-0.6985	0.5852	-0.5461	0.4249	0.4247	-0.1145	0.0123	-0.0596	
7.1437	-22.1607	-24.3355	0.1920	-0.3108	-0.6987	0.6006	-0.5229	0.4616	0.3937	-0.1140	0.0151	-0.0581	
7.1707	-22.1887	-24.4066	0.1923	-0.3107	-0.6988	0.6154	-0.4979	0.4975	0.3568	-0.1140	0.0175	-0.0563	
7.1945	-22.2160	-24.4806	0.1925	-0.3106	-0.6990	0.6293	-0.4688	0.5327	0.3191	-0.1141	0.0201	-0.0544	
7.2197	-22.2472	-24.5573	0.1927	-0.3106	-0.6993	0.6405	-0.4391	0.5667	0.2771	-0.1144	0.0222	-0.0525	
7.2453	-22.2773	-24.6345	0.1930	-0.3106	-0.6996	0.6480	-0.4083	0.5990	0.2357	-0.1145	0.0241	-0.0507	
7.2778	-22.3044	-24.7106	0.1935	-0.3105	-0.6999	0.6580	-0.3747	0.6246	0.1954	-0.1147	0.0259	-0.0482	
7.3086	-22.3274	-24.7836	0.1940	-0.3102	-0.7000	0.6661	-0.3394	0.6478	0.1510	-0.1152	0.0274	-0.0456	
7.3389	-22.3544	-24.8626	0.1944	-0.3100	-0.7005	0.6717	-0.3017	0.6689	0.1081	-0.1156	0.0290	-0.0430	
7.3717	-22.3824	-24.9413	0.1950	-0.3099	-0.7008	0.6758	-0.2606	0.6874	0.0600	-0.1164	0.0302	-0.0402	
7.4000	-22.4131	-25.0179	0.1953	-0.3100	-0.7011	0.6765	-0.2236	0.7023	0.0116	-0.1171	0.0307	-0.0376	
7.4333	-22.4369	-25.1005	0.1959	-0.3097	-0.7017	0.6746	-0.1792	0.7152	-0.0396	-0.1182	0.0315	-0.0349	
7.4631	-22.4645	-25.1786	0.1963	-0.3096	-0.7020	0.6709	-0.1385	0.7228	-0.0934	-0.1194	0.0314	-0.0322	
7.4931	-22.4926	-25.2615	0.1967	-0.3095	-0.7026	0.6617	-0.0935	0.7292	-0.1470	-0.1206	0.0316	-0.0297	
7.5273	-22.5187	-25.3431	0.1973	-0.3093	-0.7031	0.6524	-0.0505	0.7294	-0.2003	-0.1218	0.0313	-0.0270	
7.5582	-22.5495	-25.4245	0.1977	-0.3093	-0.7036	0.6395	-0.0048	0.7257	-0.2539	-0.1232	0.0308	-0.0243	
7.5899	-22.5836	-25.5065	0.1982	-0.3094	-0.7041	0.6166	0.0424	0.7239	-0.3056	-0.1244	0.0309	-0.0224	
7.6210	-22.6169	-25.5897	0.1986	-0.3095	-0.7046	0.5958	0.0876	0.7138	-0.3575	-0.1257	0.0302	-0.0201	
7.6662	-22.6544	-25.6755	0.1996	-0.3098	-0.7053	0.5759	0.1351	0.6956	-0.4079	-0.1272	0.0289	-0.0173	
7.7075	-22.6951	-25.7608	0.2005	-0.3102	-0.7059	0.5504	0.1767	0.6758	-0.4573	-0.1285	0.0275	-0.0151	
7.7463	-22.7382	-25.8462	0.2012	-0.3107	-0.7065	0.5202	0.2213	0.6507	-0.5065	-0.1301	0.0260	-0.0130	
7.7815	-22.7747	-25.9263	0.2018	-0.3109	-0.7069	0.4843	0.2650	0.6238	-0.5526	-0.1316	0.0248	-0.0112	
7.8196	-22.8180	-26.0082	0.2025	-0.3114	-0.7074	0.4459	0.3066	0.5914	-0.5972	-0.1332	0.0231	-0.0096	
7.8514	-22.8647	-26.0905	0.2030	-0.3121	-0.7078	0.4010	0.3461	0.5572	-0.6386	-0.1347	0.0218	-0.0083	
7.8731	-22.9028	-26.1686	0.2030	-0.3123	-0.7081	0.3568	0.3819	0.5279	-0.6694	-0.1352	0.0212	-0.0072	
7.9020	-22.9390	-26.2467	0.2034	-0.3125	-0.7084	0.3085	0.4172	0.4929	-0.6980	-0.1360	0.0205	-0.0060	
7.9241	-22.9764	-26.3259	0.2034	-0.3128	-0.7088	0.2625	0.4471	0.4546	-0.7242	-0.1366	0.0193	-0.0052	
7.9472	-23.0129	-26.4080	0.2036	-0.3130	-0.7092	0.2161	0.4759	0.4158	-0.7444	-0.1370	0.0182	-0.0041	
7.9682	-23.0454	-26.4861	0.2036	-0.3130	-0.7095	0.1704	0.5030	0.3778	-0.7588	-0.1371	0.0173	-0.0030	
7.9906	-23.0812	-26.5677	0.2037	-0.3132	-0.7100	0.1242	0.5276	0.3373	-0.7701	-0.1372	0.0162	-0.0019	
8.0136	-23.1189	-26.6421	0.2038	-0.3135	-0.7101	0.0728	0.5486	0.2950	-0.7789	-0.1375	0.0154	-0.0012	
8.0330	-23.1522	-26.7179	0.2037	-0.3135	-0.7103	0.0237	0.5683	0.2501	-0.7837	-0.1372	0.0166	-0.0018	
8.0582	-23.1853	-26.7969	0.2039	-0.3136	-0.7106	0.0195	-0.5830	-0.2070	0.7862	-0.1370	0.0152	-0.0011	
8.0791	-23.2227	-26.8738	0.2039	-0.3138	-0.7108	0.0666	-0.5960	-0.1604	0.7843	-0.1371	0.0140	-0.0004	
8.1042	-23.2533	-26.9499	0.2041	-0.3138	-0.7110	0.1109	-0.6066	-0.1141	0.7795	-0.1370	0.0125	0.0003	
8.1283	-23.2909	-27.0253	0.2043	-0.3140	-0.7112	0.1562	-0.6142	-0.0617	0.7712	-0.1373	0.0108	0.0007	
8.1526	-23.3262	-27.0983	0.2044	-0.3142	-0.7113	0.2011	-0.6169	-0.0108	0.7610	-0.1375	0.0093	0.0007	
8.1745	-23.3615	-27.1763	0.2045	-0.3143	-0.7115	0.2454	-0.6195	0.0413	0.7447	-0.1378	0.0076	0.0011	
8.1984	-23.4001	-27.2478	0.2046	-0.3146	-0.7116	0.2868	-0.6181	0.0910	0.7266	-0.1378	0.0059	0.0011	
8.2205	-23.4377	-27.3205	0.2047	-0.3148	-0.7116	0.3257	-0.6127	0.1428	0.7062	-0.1378	0.0042	0.0008	
8.2472	-23.4730	-27.3935	0.2049	-0.3150	-0.7117	0.3609	-0.6052	0.1924	0.6836	-0.1376	0.0025	0.0003	
8.2731	-23.5145	-27.4642	0.2051	-0.3153	-0.7117	0.3945	-0.5969	0.2424	0.6559	-0.1375	0.0004	-0.0001	
8.3006	-23.5546	-27.5326	0.2054	-0.3156	-0.7115	0.4271	-0.5850	0.2902	0.6261	-0.1374	-0.0014	-0.0007	
8.3286	-23.5884	-27.5999	0.2057	-0.3157	-0.7114	0.4522	-0.5727	0.3372	0.5962	-0.1369	-0.0034	-0.0017	
8.3548	-23.6246	-27.6664	0.2059	-0.3159	-0.7112	0.4751	-0.5567	0.3843	0.5641	-0.1364	-0.0053	-0.0031	
8.3855	-23.6562	-27.7287	0.2063	-0.3159	-0.7109	0.5001	-0.5390	0.4289	0.5256	-0.1362	-0.0072	-0.0041	
8.4159	-23.6895	-27.7902	0.2067	-0.3159	-0.7105	0.5209	-0.5213	0.4729	0.4840	-0.1360	-0.0094	-0.0054	
8.4462	-23.7251	-27.8537	0.2070	-0.3161	-0.7102	0.5402	-0.4987	0.5147	0.4421	-0.1358	-0.0110	-0.0068	
8.4764	-23.7592	-27.9158	0.2074	-0.3161	-0.7098	0.5566	-0.4736	0.5574	0.3945	-0.1358	-0.0127	-0.0086	
8.5063	-23.7923	-27.9804	0.2077	-0.3162	-0.7096	0.5696	-0.4431	0.6001	0.3454	-0.1360	-0.0140	-0.0108	
8.5359	-23.8247	-28.0441	0.2081	-0.3162	-0.7093	0.5799	-0.4107	0.6388	0.2953	-0.1360	-0.0151	-0.0130	
8.5650	-23.8601	-28.1044	0.2084	-0.3163	-0.7089	0.5822	-0.3799	0.6759	0.2471	-0.1356	-0.0160	-0.0158	
8.5955	-23.8935	-28.1725	0.2088	-0.3164	-0.7087	0.5818	-0.3404	0.7135	0.1906	-0.1360	-0.0167	-0.0189	
8.6191	-23.9262	-28.2391	0.2089	-0.3164	-0.7086	0.5787	-0.3000	0.7460	0.1365	-0.1361	-0.0169	-0.0219	
8.6470	-23.9655	-28.3071	0.2092	-0.3167	-0.7084	0.5707	-0.2544	0.7764	0.0804	-0.1364	-0.0167	-0.0251	
8.6740	-23.9971	-28.3721	0.2094	-0.3166	-0.7082	0.5592	-0.2062	0.8024	0.0236	-0.1367	-0.0161	-0.0283	
8.7064	-24.0349	-28.4403	0.2099	-0.3168	-0.7081	0.5421	-0.1539	0.8250	-0.0341	-0.1372	-0.0151	-0.0317	
8.7298	-24.0708	-28.5064	0.2100	-0.3170	-0.7079	0.5226	-0.1011	0.8415	-0.0897	-0.1376	-0.0138	-0.0347	
8.7573	-24.1076	-28.5728	0.2102	-0.3172	-0.7077	0.5011	-0.0451	0.8517	-0.1442	-0.1380	-0.0121	-0.0373	
8.7865	-24.1466	-28.6372	0.2105	-0.3174	-0.7075	0.4703	0.0143	0.8585	-0.2012	-0.1388	-0.0100	-0.0406	
8.8127	-24.1837	-28.7044	0.2107	-0.3176	-0.7073	0.4419	0.0707	0.8575	-0.2524	-0.1391	-0.0079	-0.0429	
8.8389	-24.2205	-28.7710	0.2109	-0.3178	-0.7071	0.4105	0.1304	0.8505	-0.3004	-0.1395	-0.0054	-0.0448	
8.8676	-24.2598	-28.8366	0.2112	-0.3181	-0.7069	0.3731	0.1910	0.8376	-0.3485	-0.1402	-0.0026	-0.0468	
8.8928	-24.2979	-28.9024	0.2114	-0.3183	-0.7067	0.3352	0.2479	0.8172	-0.3964	-0.1408	-0.0002	-0.0485	
8.9268	-24.3383	-28.9718	0.2119	-0.3186	-0.7067	0.2939	0.3015	0.7912	-0.4423	-0.1413	0.0021	-0.0502	
8.9535	-24.3809	-29.0393	0.2121	-0.3190	-0.7066	0.2505	0.3540	0.7600	-0.4830	-0.1418	0.0048	-0.0515	
8.9795	-24.4252	-29.1098	0.2123	-0.3195	-0.7065	0.2084	0.4041	0.7213	-0.5214	-0.1423	0.0070	-0.0523	
9.0051	-24.4654	-29.1760	0.2124	-0.3197	-0.7064	0.1661	0.4454	0.6822	-0.5554	-0.1422	0.0091	-0.0531	
9.0266	-24.5043	-29.2408	0.2124	-0.3200	-0.7061	0.1236	0.4857	0.6382	-0.5841	-0.1422	0.0113	-0.0535	
9.0475	-24.5465	-29.3072	0.2124	-0.3204	-0.7060	0.0784	0.5254	0.5867	-0.6104	-0.1426	0.0135	-0.0538	
9.0705	-24.5873	-29.3699	0.2125	-0.3207	-0.7057	0.0342	0.5582	0.5361	-0.6323	-0.1425	0.0157	-0.0538	
9.1014	-24.6299	-29.4205	0.2128	-0.3211	-0.7050	0.0102	-0.5867	-0.4844	0.6491	-0.1427	0.0151	-0.0533	
9.1274	-24.6771	-29.4712	0.2130	-0.3216	-0.7043	0.0526	-0.6156	-0.4311	0.6580	-0.1430	0.0143	-0.0530	
9.1560	-24.7176	-29.5317	0.2132	-0.3219	-0.7039	0.0938	-0.6402	-0.3719	0.6656	-0.1431	0.0141	-0.0523	
9.1769	-24.7598	-29.5882	0.2132	-0.3223	-0.7034	0.1350	-0.6619	-0.3130	0.6679	-0.1435	0.0138	-0.0515	
9.2042	-24.7996	-29.6484	0.2134	-0.3225	-0.7031	0.1770	-0.6814	-0.2538	0.6637	-0.1440	0.0132	-0.0503	
9.2283	-24.8427	-29.7068	0.2135	-0.3229	-0.7026	0.2166	-0.6984	-0.1931	0.6547	-0.1444	0.0128	-0.0493	
9.2531	-24.8834	-29.7669	0.2136	-0.3232	-0.7023	0.2547	-0.7136	-0.1320	0.6396	-0.1449	0.0121	-0.0481	
9.2753	-24.9199	-29.8259	0.2136	-0.3234	-0.7019	0.2896	-0.7264	-0.0722	0.6198	-0.1455	0.0114	-0.0471	
9.2961	-24.9596	-29.8889	0.2136	-0.3236	-0.7016	0.3239	-0.7356	-0.0118	0.5956	-0.1460	0.0109	-0.0459	
9.3186	-24.9989	-29.9525	0.2136	-0.3239	-0.7014	0.3570	-0.7405	0.0484	0.5680	-0.1464	0.0105	-0.0446	
9.3370	-25.0351	-30.0136	0.2135	-0.3240	-0.7011	0.3867	-0.7405	0.1079	0.5399	-0.1466	0.0106	-0.0435	
9.3587	-25.0676	-30.0766	0.2135	-0.3240	-0.7008	0.4173	-0.7378	0.1646	0.5056	-0.1469	0.0104	-0.0419	
9.3811	-25.1025	-30.1381	0.2136	-0.3241	-0.7005	0.4434	-0.7299	0.2228	0.4709	-0.1470	0.0107	-0.0407	
9.4045	-25.1375	-30.2003	0.2136	-0.3242	-0.7003	0.4704	-0.7189	0.2773	0.4312	-0.1472	0.0107	-0.0391	
9.4272	-25.1715	-30.2632	0.2137	-0.3243	-0.7000	0.4918	-0.7051	0.3297	0.3918	-0.1470	0.0109	-0.0378	
9.4474	-25.2052	-30.3313	0.2136	-0.3243	-0.6999	0.5078	-0.6885	0.3818	0.3514	-0.1466	0.0110	-0.0369	
9.4685	-25.2402	-30.3974	0.2136	-0.3244	-0.6998	0.5274	-0.6669	0.4282	0.3087	-0.1463	0.0114	-0.0352	
9.4872	-25.2742	-30.4613	0.2135	-0.3245	-0.6996	0.5438	-0.6410	0.4721	0.2687	-0.1457	0.0121	-0.0337	
9.5058	-25.3095	-30.5309	0.2134	-0.3246	-0.6996	0.5592	-0.6128	0.5120	0.2269	-0.1450	0.0127	-0.0320	
9.5256	-25.3440	-30.5978	0.2134	-0.3246	-0.6995	0.5720	-0.5851	0.5470	0.1830	-0.1442	0.0129	-0.0301	
9.5451	-25.3761	-30.6670	0.2133	-0.3246	-0.6994	0.5813	-0.5533	0.5818	0.1385	-0.1435	0.0132	-0.0285	
9.5674	-25.4091	-30.7328	0.2133	-0.3247	-0.6993	0.5883	-0.5250	0.6099	0.0958	-0.1422	0.0131	-0.0268	
9.5854	-25.4419	-30.8013	0.2132	-0.3247	-0.6992	0.5917	-0.4905	0.6391	0.0559	-0.1410	0.0136	-0.0254	
9.6016	-25.4760	-30.8688	0.2130	-0.3247	-0.6992	0.5981	-0.4554	0.6617	0.0216	-0.1393	0.0142	-0.0235	
9.6219	-25.5069	-30.9412	0.2130	-0.3247	-0.6992	0.6018	-0.4231	0.6793	-0.0207	-0.1379	0.0140	-0.0214	
9.6413	-25.5396	-31.0103	0.2129	-0.3247	-0.6992	0.6049	-0.3866	0.6956	-0.0602	-0.1367	0.0140	-0.0194	
9.6620	-25.5737	-31.0824	0.2129	-0.3248	-0.6993	0.6071	-0.3535	0.7073	-0.0986	-0.1352	0.0137	-0.0172	
9.6823	-25.6078	-31.1554	0.2129	-0.3248	-0.6994	0.6119	-0.3208	0.7134	-0.1346	-0.1334	0.0131	-0.0146	
9.7047	-25.6359	-31.2293	0.2129	-0.3247	-0.6995	0.6131	-0.2858	0.7177	-0.1750	-0.1322	0.0123	-0.0121	
9.7262	-25.6662	-31.3062	0.2129	-0.3246	-0.6997	0.6142	-0.2528	0.7204	-0.2094	-0.1305	0.0115	-0.0097	
9.7442	-25.6987	-31.3832	0.2128	-0.3246	-0.7000	0.6130	-0.2179	0.7205	-0.2468	-0.1293	0.0104	-0.0073	
9.7662	-25.7284	-31.4570	0.2128	-0.3246	-0.7001	0.6127	-0.1847	0.7169	-0.2833	-0.1279	0.0090	-0.0048	
9.7908	-25.7575	-31.5314	0.2129	-0.3245	-0.7002	0.6070	-0.1508	0.7130	-0.3213	-0.1269	0.0074	-0.0028	
9.8126	-25.7917	-31.6068	0.2129	-0.3245	-0.7004	0.6032	-0.1156	0.7060	-0.3570	-0.1258	0.0057	-0.0006	
9.8373	-25.8263	-31.6854	0.2130	-0.3246	-0.7007	0.5959	-0.0780	0.6980	-0.3925	-0.1249	0.0040	0.0014	
9.8609	-25.8567	-31.7655	0.2131	-0.3245	-0.7010	0.5881	-0.0432	0.6867	-0.4282	-0.1240	0.0018	0.0033	
9.8817	-25.8934	-31.8447	0.2131	-0.3247	-0.7013	0.5794	-0.0067	0.6723	-0.4633	-0.1232	-0.0005	0.0051	
9.9035	-25.9281	-31.9276	0.2131	-0.3247	-0.7017	0.5680	0.0311	0.6565	-0.4974	-0.1225	-0.0028	0.0068	
9.9293	-25.9638	-32.0113	0.2132	-0.3248	-0.7021	0.5525	0.0704	0.6381	-0.5329	-0.1222	-0.0053	0.0081	
9.9551	-26.0001	-32.0877	0.2134	-0.3250	-0.7023	0.5380	0.1069	0.6174	-0.5656	-0.1215	-0.0079	0.0093	
9.9791	-26.0382	-32.1669	0.2135	-0.3251	-0.7026	0.5194	0.1448	0.5941	-0.5980	-0.1211	-0.0105	0.0103	
10.0042	-26.0780	-32.2491	0.2136	-0.3254	-0.7030	0.5010	0.1848	0.5670	-0.6282	-0.1208	-0.0134	0.0113	
10.0299	-26.1182	-32.3316	0.2137	-0.3256	-0.7034	0.4798	0.2222	0.5381	-0.6573	-0.1204	-0.0162	0.0120	
10.0588	-26.1588	-32.4129	0.2140	-0.3259	-0.7037	0.4535	0.2599	0.5033	-0.6885	-0.1204	-0.0194	0.0121	
10.0834	-26.2005	-32.4926	0.2141	-0.3262	-0.7040	0.4244	0.2988	0.4676	-0.7157	-0.1205	-0.0222	0.0122	
10.1094	-26.2442	-32.5728	0.2142	-0.3265	-0.7043	0.3853	0.3391	0.4303	-0.7420	-0.1211	-0.0245	0.0119	
10.1344	-26.2852	-32.6479	0.2143	-0.3268	-0.7045	0.3427	0.3788	0.3892	-0.7659	-0.1219	-0.0268	0.0114	
10.1552	-26.3314	-32.7266	0.2143	-0.3272	-0.7047	0.3020	0.4108	0.3489	-0.7862	-0.1221	-0.0289	0.0104	
10.1757	-26.3757	-32.8033	0.2143	-0.3276	-0.7049	0.2577	0.4437	0.3070	-0.8012	-0.1225	-0.0307	0.0096	
10.1954	-26.4232	-32.8824	0.2142	-0.3280	-0.7052	0.2092	0.4775	0.2597	-0.8122	-0.1233	-0.0327	0.0087	
10.2170	-26.4697	-32.9569	0.2142	-0.3285	-0.7053	0.1592	0.5076	0.2107	-0.8195	-0.1240	-0.0344	0.0077	
10.2308	-26.5130	-33.0310	0.2140	-0.3288	-0.7054	0.1075	0.5335	0.1622	-0.8225	-0.1247	-0.0358	0.0064	
10.2469	-26.5589	-33.1069	0.2138	-0.3292	-0.7056	0.0518	0.5595	0.1090	-0.8190	-0.1257	-0.0373	0.0053	
10.2662	-26.5973	-33.1884	0.2138	-0.3294	-0.7060	0.0033	0.5797	0.0611	-0.8123	-0.1254	-0.0364	0.0058	
10.2812	-26.6429	-33.2651	0.2136	-0.3297	-0.7061	0.0489	-0.5944	-0.0079	0.8021	-0.1260	-0.0377	0.0043	
10.2984	-26.6833	-33.3383	0.2134	-0.3300	-0.7062	0.1035	-0.6061	0.0441	0.7866	-0.1268	-0.0386	0.0029	
10.3150	-26.7241	-33.4146	0.2133	-0.3302	-0.7064	0.1539	-0.6128	0.0945	0.7689	-0.1272	-0.0393	0.0013	
10.3315	-26.7662	-33.4874	0.2132	-0.3305	-0.7065	0.2045	-0.6176	0.1451	0.7449	-0.1277	-0.0401	-0.0001	
10.3466	-26.8056	-33.5591	0.2130	-0.3307	-0.7065	0.2559	-0.6185	0.1937	0.7166	-0.1284	-0.0406	-0.0014	
10.3581	-26.8441	-33.6296	0.2127	-0.3308	-0.7065	0.3025	-0.6161	0.2440	0.6846	-0.1288	-0.0413	-0.0028	
10.3700	-26.8832	-33.7008	0.2124	-0.3310	-0.7065	0.3455	-0.6100	0.2938	0.6493	-0.1291	-0.0420	-0.0044	
10.3853	-26.9186	-33.7754	0.2122	-0.3311	-0.7066	0.3864	-0.5995	0.3407	0.6123	-0.1294	-0.0424	-0.0060	
10.3969	-26.9551	-33.8473	0.2119	-0.3312	-0.7067	0.4276	-0.5861	0.3866	0.5685	-0.1299	-0.0428	-0.0075	
10.4155	-26.9908	-33.9188	0.2118	-0.3313	-0.7067	0.4639	-0.5696	0.4280	0.5264	-0.1300	-0.0429	-0.0090	
10.4288	-27.0267	-33.9896	0.2116	-0.3314	-0.7067	0.4965	-0.5514	0.4673	0.4807	-0.1301	-0.0432	-0.0104	
10.4429	-27.0658	-34.0588	0.2114	-0.3315	-0.7066	0.5283	-0.5272	0.5055	0.4326	-0.1304	-0.0431	-0.0120	
10.4611	-27.1002	-34.1303	0.2113	-0.3316	-0.7067	0.5570	-0.4995	0.5414	0.3832	-0.1307	-0.0427	-0.0137	
10.4776	-27.1347	-34.1974	0.2112	-0.3316	-0.7065	0.5810	-0.4676	0.5765	0.3338	-0.1309	-0.0421	-0.0157	
10.4924	-27.1682	-34.2663	0.2110	-0.3316	-0.7065	0.6056	-0.4314	0.6064	0.2811	-0.1315	-0.0411	-0.0173	
10.5069	-27.2014	-34.3322	0.2108	-0.3316	-0.7063	0.6222	-0.3947	0.6351	0.2334	-0.1315	-0.0399	-0.0193	
10.5253	-27.2327	-34.3980	0.2107	-0.3316	-0.7062	0.6389	-0.3563	0.6576	0.1800	-0.1318	-0.0389	-0.0207	
10.5441	-27.2651	-34.4651	0.2106	-0.3315	-0.7061	0.6519	-0.3154	0.6780	0.1266	-0.1321	-0.0377	-0.0222	
10.5627	-27.2983	-34.5285	0.2106	-0.3315	-0.7059	0.6624	-0.2734	0.6936	0.0788	-0.1321	-0.0360	-0.0234	
10.5838	-27.3317	-34.5904	0.2106	-0.3316	-0.7056	0.6686	-0.2287	0.7075	0.0304	-0.1322	-0.0341	-0.0247	
10.6026	-27.3659	-34.6533	0.2105	-0.3316	-0.7054	0.6741	-0.1847	0.7158	-0.0160	-0.1322	-0.0323	-0.0255	
10.6198	-27.4010	-34.7189	0.2104	-0.3316	-0.7052	0.6731	-0.1414	0.7244	-0.0606	-0.1319	-0.0301	-0.0267	
10.6373	-27.4328	-34.7816	0.2103	-0.3316	-0.7050	0.6692	-0.0954	0.7294	-0.1086	-0.1320	-0.0281	-0.0279	
10.6526	-27.4653	-34.8422	0.2101	-0.3316	-0.7047	0.6602	-0.0494	0.7350	-0.1516	-0.1318	-0.0254	-0.0293	
10.6717	-27.4997	-34.9015	0.2101	-0.3316	-0.7043	0.6464	-0.0019	0.7380	-0.1966	-0.1319	-0.0226	-0.0308	
10.6894	-27.5348	-34.9645	0.2100	-0.3317	-0.7041	0.6327	0.0442	0.7366	-0.2378	-0.1318	-0.0199	-0.0316	
10.7087	-27.5685	-35.0244	0.2100	-0.3317	-0.7038	0.6143	0.0906	0.7338	-0.2781	-0.1317	-0.0169	-0.0326	
10.7279	-27.6020	-35.0848	0.2099	-0.3317	-0.7035	0.5941	0.1374	0.7276	-0.3164	-0.1316	-0.0139	-0.0331	
