-1.1701	-9.4093	0.5500	0.0000	0.0000	0.0000	0.7457	-0.5836	-0.0381	0.3192	0.0000	0.0000	0.0000	
-0.6174	-10.0241	0.3561	0.0547	-0.0609	-0.0192	0.7495	-0.5713	0.0009	0.3375	-0.0040	0.0175	-0.0007	
-0.4835	-10.4195	0.3794	0.0864	-0.1590	-0.0120	0.7673	-0.5675	-0.0613	0.3054	0.0210	-0.0897	0.0488	
-0.2735	-10.6188	0.3545	0.1726	-0.2404	-0.0224	0.7530	-0.5787	-0.0475	0.3327	0.0212	-0.0179	0.0056	
-0.1864	-10.7001	0.3692	0.2151	-0.2774	-0.0126	0.7303	-0.6012	-0.0349	0.3261	0.0094	-0.0110	-0.0234	
-0.0342	-10.7453	0.4398	0.3129	-0.2950	0.0420	0.7529	-0.5959	-0.0476	0.2826	-0.0096	-0.0245	-0.0028	
0.0283	-10.7666	0.3359	0.3397	-0.2869	-0.0533	0.7365	-0.6065	-0.0484	0.2983	0.0024	-0.0152	-0.0105	
0.1225	-10.8359	0.3535	0.3972	-0.3297	-0.0339	0.7350	-0.6095	-0.0217	0.2988	-0.0064	-0.0038	-0.0118	
0.1266	-10.9992	0.3014	0.3656	-0.4599	-0.0765	0.6999	-0.6299	0.0222	0.3435	-0.0001	0.0155	-0.0294	
0.1266	-11.0204	0.3034	0.3286	-0.4291	-0.0528	0.6605	-0.6547	0.0389	0.3659	0.0074	0.0187	-0.0443	
0.1285	-11.1323	0.2442	0.2970	-0.4968	-0.0995	0.6503	-0.6785	0.0407	0.3421	0.0000	0.0082	-0.0450	
0.1708	-11.2723	0.3050	0.3109	-0.5850	-0.0250	0.6219	-0.6952	0.0520	0.3564	0.0045	0.0107	-0.0494	
0.1932	-11.2553	0.3185	0.3011	-0.5126	-0.0083	0.6086	-0.7094	0.0639	0.3502	0.0013	0.0086	-0.0489	
0.2636	-11.3010	0.3792	0.3376	-0.5104	0.0436	0.5986	-0.7166	0.0560	0.3554	0.0052	0.0077	-0.0452	
0.3197	-11.2932	0.3676	0.3583	-0.4617	0.0178	0.5803	-0.7162	0.0562	0.3853	0.0133	0.0140	-0.0424	
0.3887	-11.2840	0.3567	0.3860	-0.4172	0.0026	0.5663	-0.7204	0.0649	0.3954	0.0136	0.0154	-0.0408	
0.3547	-11.2337	0.4027	0.3280	-0.3410	0.0396	0.5392	-0.7272	0.0703	0.4188	0.0178	0.0182	-0.0424	
0.4390	-11.3403	0.4635	0.3676	-0.3960	0.0875	0.5178	-0.7405	0.0785	0.4213	0.0165	0.0165	-0.0434	
0.4972	-11.3526	0.5274	0.3828	-0.3779	0.1278	0.5076	-0.7461	0.0765	0.4251	0.0162	0.0149	-0.0413	
0.5621	-11.4103	0.5995	0.4034	-0.3949	0.1654	0.4966	-0.7462	0.0863	0.4355	0.0154	0.0158	-0.0391	
0.6430	-11.4283	0.6196	0.4306	-0.3811	0.1670	0.4788	-0.7511	0.0908	0.4455	0.0160	0.0162	-0.0387	
0.6685	-11.4722	0.7287	0.4185	-0.3844	0.2303	0.4622	-0.7591	0.0847	0.4510	0.0169	0.0144	-0.0382	
0.6642	-11.5240	0.8050	0.3923	-0.3923	0.2611	0.4369	-0.7608	0.1058	0.4680	0.0168	0.0169	-0.0390	
0.7002	-11.5755	0.8326	0.3899	-0.3985	0.2621	0.4044	-0.7649	0.1076	0.4895	0.0198	0.0186	-0.0402	
0.7833	-11.5769	0.8958	0.4150	-0.3770	0.2837	0.3846	-0.7670	0.1064	0.5027	0.0210	0.0188	-0.0396	
0.8356	-11.6406	0.9274	0.4208	-0.3918	0.2850	0.3614	-0.7683	0.1056	0.5176	0.0223	0.0192	-0.0393	
0.8454	-11.6450	0.9695	0.4034	-0.3739	0.2914	0.3430	-0.7681	0.1081	0.5300	0.0227	0.0194	-0.0386	
0.8352	-11.7118	1.0060	0.3786	-0.3890	0.2933	0.3195	-0.7691	0.1269	0.5388	0.0216	0.0201	-0.0389	
0.8763	-11.7547	1.0553	0.3817	-0.3920	0.3016	0.3049	-0.7684	0.1412	0.5451	0.0202	0.0204	-0.0382	
0.8993	-11.7989	1.0480	0.3741	-0.3953	0.2824	0.2875	-0.7684	0.1453	0.5532	0.0201	0.0203	-0.0376	
0.9080	-11.7785	1.0929	0.3595	-0.3674	0.2912	0.2694	-0.7691	0.1404	0.5627	0.0210	0.0197	-0.0370	
0.9103	-11.7820	1.1387	0.3439	-0.3526	0.2987	0.2512	-0.7679	0.1418	0.5721	0.0213	0.0196	-0.0365	
0.9543	-11.8019	1.2033	0.3487	-0.3456	0.3140	0.2265	-0.7664	0.1497	0.5820	0.0215	0.0201	-0.0368	
0.9872	-11.7921	1.2393	0.3475	-0.3280	0.3149	0.2127	-0.7591	0.1462	0.5981	0.0224	0.0207	-0.0354	
1.0354	-11.7931	1.3195	0.3539	-0.3146	0.3350	0.1901	-0.7552	0.1553	0.6078	0.0223	0.0212	-0.0355	
1.0297	-11.8486	1.3799	0.3375	-0.3251	0.3449	0.1732	-0.7486	0.1596	0.6199	0.0224	0.0216	-0.0347	
1.0524	-11.8674	1.4293	0.3329	-0.3199	0.3512	0.1558	-0.7465	0.1583	0.6274	0.0226	0.0212	-0.0342	
1.1029	-11.8641	1.4745	0.3397	-0.3068	0.3552	0.1402	-0.7421	0.1579	0.6364	0.0228	0.0212	-0.0335	
1.1326	-11.9165	1.5069	0.3381	-0.3155	0.3538	0.1253	-0.7374	0.1583	0.6449	0.0228	0.0211	-0.0328	
1.1263	-11.9269	1.5695	0.3230	-0.3089	0.3624	0.1077	-0.7225	0.1578	0.6647	0.0236	0.0224	-0.0318	
1.1691	-11.9433	1.5761	0.3264	-0.3041	0.3525	0.0946	-0.7197	0.1520	0.6712	0.0239	0.0218	-0.0311	
1.1840	-11.9227	1.6190	0.3199	-0.2869	0.3552	0.0811	-0.7112	0.1482	0.6827	0.0243	0.0220	-0.0302	
1.2195	-11.9405	1.6622	0.3219	-0.2834	0.3569	0.0607	-0.7046	0.1617	0.6884	0.0236	0.0224	-0.0304	
1.2840	-12.0101	1.7051	0.3328	-0.2971	0.3594	0.0406	-0.6988	0.1606	0.6959	0.0239	0.0224	-0.0302	
1.3130	-11.9871	1.7625	0.3321	-0.2797	0.3665	0.0191	-0.6913	0.1559	0.7053	0.0234	0.0222	-0.0305	
1.3548	-11.9819	1.7969	0.3347	-0.2692	0.3659	-0.0008	0.6840	-0.1554	-0.7128	0.0236	0.0222	-0.0303	
1.3990	-12.0253	1.8051	0.3376	-0.2748	0.3572	0.0149	0.6755	-0.1492	-0.7222	0.0241	0.0222	-0.0296	
1.4271	-12.0365	1.8386	0.3362	-0.2701	0.3563	0.0294	0.6673	-0.1552	-0.7280	0.0237	0.0223	-0.0293	
1.4528	-12.0478	1.8585	0.3338	-0.2660	0.3510	0.0450	0.6554	-0.1621	-0.7364	0.0234	0.0229	-0.0291	
1.4923	-12.0576	1.8800	0.3351	-0.2614	0.3468	0.0636	0.6419	-0.1597	-0.7473	0.0239	0.0234	-0.0287	
1.5249	-12.0814	1.8974	0.3346	-0.2613	0.3413	0.0820	0.6279	-0.1652	-0.7561	0.0238	0.0241	-0.0285	
1.5879	-12.0828	1.9138	0.3434	-0.2543	0.3365	0.0960	0.6207	-0.1654	-0.7606	0.0237	0.0239	-0.0282	
1.6021	-12.1090	1.9625	0.3376	-0.2548	0.3407	0.1110	0.6080	-0.1656	-0.7686	0.0237	0.0242	-0.0277	
1.6573	-12.1135	2.0147	0.3441	-0.2489	0.3458	0.1224	0.5986	-0.1680	-0.7739	0.0234	0.0241	-0.0272	
1.6966	-12.1327	2.0554	0.3456	-0.2475	0.3475	0.1383	0.5872	-0.1709	-0.7791	0.0232	0.0243	-0.0270	
1.7428	-12.1828	2.0884	0.3484	-0.2545	0.3469	0.1521	0.5704	-0.1709	-0.7890	0.0232	0.0249	-0.0265	
1.7668	-12.2091	2.1602	0.3454	-0.2550	0.3562	0.1695	0.5528	-0.1756	-0.7968	0.0232	0.0256	-0.0264	
1.8107	-12.2285	2.1886	0.3480	-0.2536	0.3544	0.1807	0.5386	-0.1791	-0.8034	0.0228	0.0259	-0.0260	
1.8346	-12.2509	2.2075	0.3448	-0.2532	0.3502	0.1971	0.5217	-0.1790	-0.8105	0.0230	0.0264	-0.0257	
1.8732	-12.2861	2.2387	0.3458	-0.2560	0.3491	0.2094	0.5042	-0.1847	-0.8173	0.0225	0.0270	-0.0255	
1.9150	-12.3071	2.2684	0.3474	-0.2551	0.3477	0.2238	0.4864	-0.1881	-0.8234	0.0223	0.0275	-0.0253	
1.9456	-12.3199	2.3375	0.3466	-0.2521	0.3559	0.2365	0.4695	-0.1943	-0.8283	0.0219	0.0279	-0.0251	
1.9580	-12.3364	2.3604	0.3417	-0.2502	0.3530	0.2455	0.4592	-0.2007	-0.8301	0.0212	0.0277	-0.0250	
1.9754	-12.3632	2.4043	0.3378	-0.2508	0.3549	0.2580	0.4434	-0.2082	-0.8328	0.0207	0.0280	-0.0250	
2.0058	-12.4077	2.4682	0.3368	-0.2555	0.3612	0.2732	0.4225	-0.2159	-0.8368	0.0203	0.0286	-0.0251	
2.0180	-12.4574	2.5020	0.3318	-0.2611	0.3607	0.2898	0.4098	-0.2177	-0.8371	0.0204	0.0285	-0.0251	
2.0514	-12.4809	2.5205	0.3318	-0.2606	0.3569	0.3019	0.3941	-0.2232	-0.8389	0.0200	0.0287	-0.0251	
2.0806	-12.5164	2.5658	0.3310	-0.2628	0.3590	0.3107	0.3756	-0.2305	-0.8423	0.0194	0.0291	-0.0249	
2.1188	-12.5468	2.5931	0.3324	-0.2637	0.3573	0.3186	0.3628	-0.2377	-0.8431	0.0187	0.0289	-0.0249	
2.1311	-12.5522	2.6281	0.3283	-0.2593	0.3574	0.3233	0.3469	-0.2427	-0.8466	0.0180	0.0291	-0.0245	
2.1961	-12.5713	2.6385	0.3352	-0.2578	0.3522	0.3344	0.3308	-0.2472	-0.8472	0.0177	0.0292	-0.0245	
2.2322	-12.5900	2.6908	0.3358	-0.2564	0.3557	0.3450	0.3125	-0.2527	-0.8483	0.0174	0.0295	-0.0244	
2.2594	-12.6092	2.7583	0.3344	-0.2552	0.3621	0.3560	0.2909	-0.2634	-0.8481	0.0167	0.0299	-0.0247	
2.3117	-12.6297	2.8152	0.3384	-0.2541	0.3663	0.3623	0.2708	-0.2697	-0.8502	0.0161	0.0302	-0.0245	
2.3394	-12.6632	2.8525	0.3370	-0.2559	0.3665	0.3749	0.2497	-0.2739	-0.8497	0.0159	0.0307	-0.0246	
2.3679	-12.6914	2.8959	0.3360	-0.2565	0.3678	0.3838	0.2311	-0.2823	-0.8483	0.0154	0.0308	-0.0247	
2.3904	-12.7097	2.9414	0.3340	-0.2551	0.3696	0.3914	0.2137	-0.2893	-0.8471	0.0149	0.0308	-0.0248	
2.4289	-12.7365	2.9852	0.3350	-0.2553	0.3711	0.3947	0.1922	-0.2959	-0.8485	0.0141	0.0312	-0.0246	
2.4657	-12.7568	3.0164	0.3357	-0.2543	0.3700	0.4044	0.1751	-0.3035	-0.8449	0.0138	0.0312	-0.0248	
2.5104	-12.7935	3.0496	0.3378	-0.2564	0.3694	0.4110	0.1558	-0.3079	-0.8439	0.0134	0.0314	-0.0247	
2.5387	-12.8047	3.0868	0.3370	-0.2539	0.3696	0.4150	0.1367	-0.3223	-0.8399	0.0125	0.0313	-0.0253	
2.5662	-12.8311	3.1339	0.3358	-0.2541	0.3714	0.4239	0.1168	-0.3298	-0.8354	0.0121	0.0314	-0.0255	
2.5848	-12.8353	3.1782	0.3332	-0.2505	0.3727	0.4318	0.0999	-0.3418	-0.8288	0.0117	0.0312	-0.0259	
2.6148	-12.8526	3.2189	0.3327	-0.2491	0.3734	0.4358	0.0826	-0.3541	-0.8234	0.0110	0.0310	-0.0263	
2.6559	-12.8835	3.2535	0.3342	-0.2501	0.3731	0.4375	0.0625	-0.3624	-0.8207	0.0102	0.0311	-0.0264	
2.7004	-12.8865	3.3069	0.3363	-0.2463	0.3759	0.4429	0.0443	-0.3730	-0.8142	0.0097	0.0310	-0.0267	
2.7227	-12.9071	3.3248	0.3343	-0.2458	0.3726	0.4514	0.0257	-0.3842	-0.8049	0.0095	0.0309	-0.0273	
2.7599	-12.9312	3.3525	0.3351	-0.2456	0.3711	0.4552	0.0117	-0.3931	-0.7990	0.0090	0.0305	-0.0275	
2.7952	-12.9609	3.4126	0.3356	-0.2464	0.3750	0.4601	-0.0024	-0.4031	-0.7912	0.0087	0.0301	-0.0277	
2.8381	-12.9993	3.4489	0.3373	-0.2487	0.3749	0.4631	-0.0158	-0.4138	-0.7838	0.0082	0.0295	-0.0280	
2.8641	-13.0258	3.4910	0.3360	-0.2489	0.3758	0.4654	-0.0344	-0.4228	-0.7769	0.0077	0.0295	-0.0282	
2.9040	-13.0417	3.5606	0.3371	-0.2475	0.3809	0.4723	-0.0504	-0.4344	-0.7653	0.0075	0.0292	-0.0287	
2.9521	-13.0726	3.5956	0.3394	-0.2485	0.3805	0.4775	-0.0681	-0.4414	-0.7567	0.0073	0.0291	-0.0289	
2.9765	-13.0891	3.6393	0.3379	-0.2473	0.3815	0.4816	-0.0844	-0.4537	-0.7451	0.0070	0.0288	-0.0295	
3.0217	-13.0925	3.6793	0.3398	-0.2439	0.3817	0.4865	-0.0992	-0.4647	-0.7332	0.0068	0.0284	-0.0299	
3.0552	-13.1165	3.7051	0.3398	-0.2439	0.3798	0.4943	-0.1125	-0.4734	-0.7203	0.0070	0.0280	-0.0303	
3.0863	-13.1237	3.7371	0.3394	-0.2413	0.3790	0.4994	-0.1292	-0.4828	-0.7077	0.0069	0.0279	-0.0306	
3.1006	-13.1405	3.7765	0.3364	-0.2404	0.3793	0.5038	-0.1418	-0.4967	-0.6924	0.0068	0.0273	-0.0313	
3.1357	-13.1583	3.8169	0.3367	-0.2395	0.3798	0.5052	-0.1575	-0.5097	-0.6784	0.0065	0.0269	-0.0319	
3.1842	-13.1818	3.8560	0.3390	-0.2394	0.3799	0.5103	-0.1670	-0.5196	-0.6648	0.0066	0.0262	-0.0322	
3.1952	-13.2019	3.9120	0.3356	-0.2389	0.3828	0.5123	-0.1820	-0.5313	-0.6497	0.0064	0.0259	-0.0327	
3.2561	-13.2252	3.9604	0.3396	-0.2389	0.3843	0.5175	-0.1976	-0.5417	-0.6321	0.0065	0.0256	-0.0333	
3.2971	-13.2360	3.9881	0.3407	-0.2370	0.3828	0.5191	-0.2128	-0.5535	-0.6155	0.0064	0.0252	-0.0339	
3.3385	-13.2664	4.0085	0.3418	-0.2380	0.3803	0.5236	-0.2239	-0.5626	-0.5993	0.0066	0.0248	-0.0343	
3.3627	-13.2991	4.0469	0.3403	-0.2393	0.3805	0.5263	-0.2368	-0.5735	-0.5814	0.0067	0.0244	-0.0348	
3.3905	-13.3196	4.0851	0.3396	-0.2388	0.3805	0.5258	-0.2472	-0.5846	-0.5664	0.0065	0.0238	-0.0351	
3.4271	-13.3381	4.1415	0.3400	-0.2381	0.3832	0.5256	-0.2585	-0.5966	-0.5486	0.0065	0.0232	-0.0356	
3.4546	-13.3583	4.1803	0.3391	-0.2376	0.3833	0.5287	-0.2710	-0.6047	-0.5304	0.0067	0.0230	-0.0359	
3.4723	-13.3658	4.2074	0.3370	-0.2354	0.3818	0.5274	-0.2799	-0.6144	-0.5161	0.0065	0.0224	-0.0360	
3.5032	-13.3778	4.2531	0.3368	-0.2338	0.3828	0.5320	-0.2863	-0.6224	-0.4977	0.0070	0.0219	-0.0362	
3.5361	-13.4011	4.2847	0.3367	-0.2338	0.3819	0.5339	-0.2958	-0.6293	-0.4811	0.0071	0.0215	-0.0363	
3.5554	-13.4105	4.3256	0.3349	-0.2320	0.3823	0.5349	-0.3045	-0.6386	-0.4620	0.0073	0.0211	-0.0366	
3.5736	-13.4358	4.3560	0.3330	-0.2323	0.3814	0.5360	-0.3092	-0.6488	-0.4431	0.0077	0.0203	-0.0368	
3.5847	-13.4466	4.3826	0.3302	-0.2307	0.3799	0.5370	-0.3143	-0.6589	-0.4228	0.0081	0.0197	-0.0371	
3.6238	-13.4635	4.4108	0.3311	-0.2299	0.3786	0.5375	-0.3207	-0.6672	-0.4039	0.0083	0.0192	-0.0373	
3.6549	-13.4815	4.4438	0.3309	-0.2293	0.3780	0.5427	-0.3265	-0.6715	-0.3847	0.0089	0.0189	-0.0372	
3.6757	-13.5152	4.4835	0.3294	-0.2307	0.3783	0.5457	-0.3299	-0.6792	-0.3635	0.0095	0.0184	-0.0374	
3.7151	-13.5372	4.5225	0.3302	-0.2306	0.3785	0.5490	-0.3395	-0.6833	-0.3410	0.0098	0.0183	-0.0376	
3.7293	-13.5475	4.5523	0.3280	-0.2291	0.3776	0.5509	-0.3445	-0.6908	-0.3174	0.0104	0.0179	-0.0379	
3.7448	-13.5652	4.5937	0.3259	-0.2285	0.3781	0.5577	-0.3506	-0.6917	-0.2960	0.0109	0.0180	-0.0378	
3.7760	-13.5915	4.6321	0.3258	-0.2289	0.3781	0.5629	-0.3533	-0.6950	-0.2745	0.0116	0.0178	-0.0377	
3.8014	-13.6170	4.6717	0.3250	-0.2292	0.3784	0.5677	-0.3538	-0.6986	-0.2545	0.0123	0.0174	-0.0374	
3.8357	-13.6440	4.7082	0.3253	-0.2298	0.3782	0.5721	-0.3568	-0.7016	-0.2304	0.0131	0.0172	-0.0375	
3.8515	-13.6758	4.7474	0.3234	-0.2309	0.3785	0.5796	-0.3567	-0.7026	-0.2081	0.0140	0.0171	-0.0373	
3.8735	-13.6893	4.7852	0.3222	-0.2298	0.3785	0.5818	-0.3581	-0.7068	-0.1834	0.0146	0.0168	-0.0374	
3.9038	-13.7183	4.8207	0.3221	-0.2305	0.3782	0.5913	-0.3583	-0.7041	-0.1628	0.0154	0.0170	-0.0368	
3.9351	-13.7287	4.8684	0.3221	-0.2290	0.3793	0.5961	-0.3553	-0.7061	-0.1416	0.0162	0.0166	-0.0365	
3.9799	-13.7498	4.9042	0.3237	-0.2288	0.3789	0.6001	-0.3561	-0.7058	-0.1233	0.0166	0.0165	-0.0361	
4.0083	-13.7651	4.9325	0.3233	-0.2279	0.3778	0.6064	-0.3576	-0.7030	-0.1011	0.0172	0.0167	-0.0357	
4.0306	-13.7960	4.9689	0.3223	-0.2289	0.3776	0.6133	-0.3564	-0.7006	-0.0786	0.0180	0.0168	-0.0354	
4.0631	-13.8397	5.0113	0.3224	-0.2313	0.3781	0.6230	-0.3530	-0.6959	-0.0575	0.0189	0.0170	-0.0348	
4.0952	-13.8627	5.0550	0.3225	-0.2313	0.3788	0.6313	-0.3518	-0.6903	-0.0362	0.0196	0.0173	-0.0343	
4.1201	-13.8862	5.0861	0.3218	-0.2314	0.3779	0.6363	-0.3498	-0.6875	-0.0172	0.0200	0.0173	-0.0338	
4.1457	-13.9121	5.1216	0.3212	-0.2317	0.3776	0.6440	-0.3497	-0.6805	0.0024	0.0204	0.0178	-0.0332	
4.1610	-13.9305	5.1698	0.3194	-0.2312	0.3788	0.6500	-0.3459	-0.6763	0.0243	0.0211	0.0179	-0.0329	
4.1875	-13.9562	5.2148	0.3189	-0.2315	0.3796	0.6581	-0.3465	-0.6669	0.0459	0.0215	0.0185	-0.0324	
4.2229	-13.9826	5.2524	0.3193	-0.2319	0.3795	0.6640	-0.3473	-0.6586	0.0686	0.0219	0.0189	-0.0321	
4.2460	-13.9930	5.2849	0.3185	-0.2305	0.3789	0.6736	-0.3418	-0.6488	0.0927	0.0228	0.0195	-0.0315	
4.2686	-14.0191	5.3104	0.3176	-0.2309	0.3775	0.6795	-0.3357	-0.6429	0.1116	0.0234	0.0196	-0.0309	
4.2896	-14.0479	5.3564	0.3166	-0.2315	0.3783	0.6865	-0.3345	-0.6331	0.1275	0.0234	0.0200	-0.0302	
4.3227	-14.0848	5.3977	0.3168	-0.2330	0.3786	0.6940	-0.3318	-0.6216	0.1484	0.0239	0.0206	-0.0298	
4.3510	-14.1076	5.4340	0.3165	-0.2330	0.3784	0.7004	-0.3265	-0.6130	0.1653	0.0242	0.0209	-0.0291	
4.3825	-14.1286	5.4748	0.3166	-0.2328	0.3786	0.7080	-0.3239	-0.6001	0.1843	0.0244	0.0215	-0.0285	
4.4249	-14.1471	5.5042	0.3178	-0.2323	0.3777	0.7146	-0.3225	-0.5864	0.2039	0.0246	0.0222	-0.0280	
4.4656	-14.1639	5.5390	0.3188	-0.2317	0.3772	0.7245	-0.3209	-0.5702	0.2177	0.0245	0.0230	-0.0271	
4.4981	-14.1851	5.5757	0.3190	-0.2316	0.3771	0.7318	-0.3195	-0.5552	0.2334	0.0245	0.0237	-0.0265	
4.5338	-14.2071	5.6121	0.3194	-0.2315	0.3768	0.7358	-0.3185	-0.5443	0.2475	0.0243	0.0239	-0.0260	
4.5642	-14.2328	5.6519	0.3193	-0.2318	0.3770	0.7421	-0.3151	-0.5287	0.2657	0.0245	0.0246	-0.0255	
4.5959	-14.2610	5.6881	0.3193	-0.2323	0.3768	0.7476	-0.3154	-0.5126	0.2812	0.0242	0.0252	-0.0251	
4.6163	-14.2827	5.7258	0.3183	-0.2322	0.3768	0.7546	-0.3128	-0.4933	0.2990	0.0242	0.0262	-0.0247	
4.6461	-14.3038	5.7725	0.3181	-0.2320	0.3776	0.7613	-0.3096	-0.4763	0.3129	0.0241	0.0268	-0.0241	
4.6703	-14.3180	5.8111	0.3174	-0.2312	0.3776	0.7667	-0.3100	-0.4575	0.3271	0.0237	0.0275	-0.0237	
4.6851	-14.3458	5.8575	0.3159	-0.2317	0.3785	0.7727	-0.3081	-0.4372	0.3420	0.0235	0.0284	-0.0233	
4.7095	-14.3704	5.9008	0.3152	-0.2319	0.3790	0.7751	-0.3057	-0.4245	0.3546	0.0233	0.0285	-0.0229	
4.7413	-14.3959	5.9401	0.3153	-0.2321	0.3791	0.7793	-0.3029	-0.4052	0.3698	0.0232	0.0291	-0.0226	
4.7803	-14.4205	5.9872	0.3160	-0.2323	0.3799	0.7840	-0.3012	-0.3873	0.3806	0.0228	0.0296	-0.0221	
4.7998	-14.4497	6.0336	0.3149	-0.2329	0.3806	0.7880	-0.2973	-0.3696	0.3929	0.0226	0.0301	-0.0217	
4.8324	-14.4680	6.0683	0.3150	-0.2325	0.3802	0.7931	-0.2934	-0.3537	0.4004	0.0222	0.0304	-0.0210	
4.8565	-14.4974	6.1109	0.3144	-0.2331	0.3806	0.7969	-0.2933	-0.3351	0.4086	0.0215	0.0308	-0.0206	
4.8900	-14.5251	6.1590	0.3146	-0.2336	0.3815	0.7999	-0.2947	-0.3168	0.4163	0.0208	0.0311	-0.0204	
4.9029	-14.5413	6.2006	0.3129	-0.2330	0.3818	0.8026	-0.2954	-0.2958	0.4257	0.0202	0.0317	-0.0202	
4.9331	-14.5609	6.2303	0.3128	-0.2327	0.3810	0.8055	-0.2969	-0.2762	0.4324	0.0195	0.0321	-0.0199	
4.9536	-14.5812	6.2750	0.3119	-0.2325	0.3816	0.8100	-0.2969	-0.2533	0.4381	0.0187	0.0327	-0.0196	
4.9862	-14.6026	6.3148	0.3120	-0.2324	0.3817	0.8147	-0.2973	-0.2356	0.4394	0.0178	0.0329	-0.0191	
5.0249	-14.6296	6.3651	0.3128	-0.2328	0.3827	0.8154	-0.3005	-0.2110	0.4477	0.0171	0.0335	-0.0192	
5.0478	-14.6490	6.4083	0.3120	-0.2324	0.3832	0.8149	-0.3034	-0.1902	0.4558	0.0165	0.0338	-0.0192	
5.0772	-14.6702	6.4472	0.3119	-0.2323	0.3832	0.8152	-0.3045	-0.1676	0.4634	0.0159	0.0343	-0.0192	
5.1018	-14.6827	6.4937	0.3113	-0.2314	0.3839	0.8147	-0.3079	-0.1443	0.4698	0.0152	0.0347	-0.0193	
5.1333	-14.7129	6.5359	0.3114	-0.2320	0.3842	0.8156	-0.3090	-0.1275	0.4728	0.0145	0.0346	-0.0190	
5.1647	-14.7362	6.5784	0.3114	-0.2321	0.3846	0.8143	-0.3141	-0.1029	0.4773	0.0137	0.0350	-0.0192	
5.1917	-14.7585	6.6155	0.3111	-0.2320	0.3844	0.8139	-0.3154	-0.0804	0.4814	0.0130	0.0354	-0.0191	
5.2194	-14.7860	6.6628	0.3108	-0.2325	0.3852	0.8136	-0.3201	-0.0634	0.4818	0.0121	0.0352	-0.0191	
5.2517	-14.8109	6.7055	0.3109	-0.2326	0.3856	0.8087	-0.3256	-0.0449	0.4880	0.0116	0.0350	-0.0195	
5.2876	-14.8311	6.7376	0.3114	-0.2324	0.3850	0.8063	-0.3315	-0.0248	0.4896	0.0108	0.0350	-0.0196	
5.3188	-14.8509	6.7795	0.3114	-0.2321	0.3853	0.8012	-0.3376	-0.0049	0.4941	0.0102	0.0350	-0.0200	
5.3472	-14.8714	6.8179	0.3112	-0.2319	0.3852	0.7966	-0.3452	0.0147	0.4963	0.0095	0.0348	-0.0204	
5.3676	-14.8975	6.8487	0.3103	-0.2322	0.3846	0.7882	-0.3521	0.0372	0.5033	0.0091	0.0349	-0.0209	
5.3998	-14.9239	6.8928	0.3105	-0.2324	0.3851	0.7804	-0.3592	0.0540	0.5091	0.0088	0.0346	-0.0214	
5.4293	-14.9444	6.9293	0.3104	-0.2322	0.3849	0.7741	-0.3655	0.0742	0.5117	0.0082	0.0345	-0.0217	
5.4585	-14.9590	6.9662	0.3102	-0.2315	0.3848	0.7651	-0.3748	0.0946	0.5150	0.0077	0.0344	-0.0224	
5.4881	-14.9703	7.0061	0.3101	-0.2306	0.3849	0.7596	-0.3813	0.1128	0.5150	0.0071	0.0341	-0.0226	
5.5244	-14.9845	7.0476	0.3106	-0.2298	0.3851	0.7483	-0.3907	0.1336	0.5192	0.0067	0.0340	-0.0233	
5.5458	-14.9957	7.0892	0.3098	-0.2288	0.3854	0.7380	-0.3994	0.1531	0.5220	0.0064	0.0338	-0.0239	
5.5694	-15.0120	7.1363	0.3093	-0.2283	0.3861	0.7280	-0.4087	0.1680	0.5243	0.0061	0.0332	-0.0244	
5.6029	-15.0311	7.1717	0.3095	-0.2280	0.3858	0.7157	-0.4169	0.1838	0.5294	0.0061	0.0328	-0.0250	
5.6350	-15.0464	7.2172	0.3096	-0.2274	0.3863	0.7026	-0.4269	0.2050	0.5311	0.0057	0.0327	-0.0257	
5.6655	-15.0721	7.2601	0.3096	-0.2276	0.3867	0.6927	-0.4353	0.2198	0.5316	0.0054	0.0322	-0.0261	
5.6991	-15.1007	7.3041	0.3098	-0.2281	0.3871	0.6808	-0.4450	0.2339	0.5329	0.0052	0.0316	-0.0266	
5.7315	-15.1291	7.3407	0.3100	-0.2285	0.3869	0.6685	-0.4506	0.2505	0.5360	0.0051	0.0314	-0.0270	
5.7663	-15.1477	7.3898	0.3103	-0.2282	0.3877	0.6541	-0.4597	0.2699	0.5366	0.0049	0.0313	-0.0276	
5.7982	-15.1709	7.4292	0.3104	-0.2282	0.3878	0.6371	-0.4685	0.2870	0.5406	0.0050	0.0310	-0.0283	
5.8316	-15.1882	7.4689	0.3106	-0.2278	0.3878	0.6218	-0.4769	0.3008	0.5436	0.0052	0.0305	-0.0288	
5.8619	-15.2013	7.5010	0.3106	-0.2270	0.3873	0.6042	-0.4856	0.3155	0.5473	0.0054	0.0302	-0.0294	
5.8903	-15.2228	7.5383	0.3104	-0.2269	0.3872	0.5899	-0.4936	0.3287	0.5481	0.0053	0.0297	-0.0298	
5.9303	-15.2469	7.5761	0.3111	-0.2270	0.3871	0.5767	-0.4990	0.3413	0.5495	0.0054	0.0293	-0.0299	
5.9616	-15.2668	7.6082	0.3111	-0.2268	0.3865	0.5600	-0.5081	0.3546	0.5500	0.0054	0.0289	-0.0305	
5.9999	-15.2838	7.6504	0.3117	-0.2264	0.3868	0.5434	-0.5145	0.3686	0.5515	0.0056	0.0286	-0.0308	
6.0348	-15.3013	7.6834	0.3120	-0.2260	0.3863	0.5243	-0.5236	0.3807	0.5531	0.0058	0.0282	-0.0314	
6.0746	-15.3193	7.7250	0.3126	-0.2256	0.3865	0.5067	-0.5309	0.3933	0.5539	0.0060	0.0278	-0.0318	
6.1062	-15.3347	7.7597	0.3127	-0.2251	0.3862	0.4913	-0.5430	0.3979	0.5531	0.0063	0.0268	-0.0321	
6.1335	-15.3484	7.8000	0.3124	-0.2244	0.3863	0.4753	-0.5522	0.4051	0.5526	0.0066	0.0261	-0.0324	
6.1631	-15.3792	7.8436	0.3123	-0.2250	0.3867	0.4574	-0.5561	0.4140	0.5569	0.0070	0.0258	-0.0325	
6.1955	-15.4052	7.8858	0.3124	-0.2253	0.3869	0.4355	-0.5639	0.4200	0.5621	0.0078	0.0252	-0.0328	
6.2225	-15.4291	7.9178	0.3121	-0.2254	0.3864	0.4172	-0.5708	0.4276	0.5634	0.0082	0.0248	-0.0331	
6.2551	-15.4591	7.9569	0.3122	-0.2259	0.3864	0.3968	-0.5754	0.4371	0.5661	0.0086	0.0245	-0.0333	
6.2848	-15.4765	7.9911	0.3121	-0.2255	0.3860	0.3739	-0.5851	0.4411	0.5687	0.0094	0.0239	-0.0337	
6.3179	-15.4944	8.0334	0.3122	-0.2252	0.3863	0.3531	-0.5933	0.4491	0.5671	0.0097	0.0234	-0.0342	
6.3447	-15.5156	8.0726	0.3119	-0.2251	0.3863	0.3283	-0.5980	0.4555	0.5719	0.0105	0.0232	-0.0344	
6.3688	-15.5375	8.1146	0.3114	-0.2250	0.3865	0.3024	-0.6018	0.4591	0.5793	0.0116	0.0230	-0.0346	
6.4025	-15.5552	8.1518	0.3116	-0.2247	0.3864	0.2837	-0.6081	0.4613	0.5806	0.0121	0.0224	-0.0345	
6.4279	-15.5851	8.1910	0.3112	-0.2252	0.3864	0.2616	-0.6107	0.4669	0.5836	0.0126	0.0222	-0.0346	
6.4616	-15.6089	8.2298	0.3114	-0.2253	0.3864	0.2432	-0.6148	0.4654	0.5888	0.0134	0.0217	-0.0342	
6.4926	-15.6336	8.2748	0.3114	-0.2255	0.3868	0.2248	-0.6153	0.4682	0.5932	0.0139	0.0216	-0.0339	
6.5240	-15.6612	8.3069	0.3114	-0.2258	0.3863	0.1964	-0.6186	0.4742	0.5948	0.0146	0.0215	-0.0343	
6.5558	-15.6869	8.3424	0.3114	-0.2261	0.3861	0.1802	-0.6191	0.4764	0.5980	0.0149	0.0213	-0.0339	
6.5834	-15.7085	8.3884	0.3112	-0.2260	0.3866	0.1583	-0.6197	0.4747	0.6048	0.0159	0.0211	-0.0335	
6.6208	-15.7293	8.4215	0.3116	-0.2259	0.3862	0.1373	-0.6210	0.4769	0.6067	0.0163	0.0210	-0.0334	
6.6561	-15.7507	8.4607	0.3119	-0.2258	0.3862	0.1133	-0.6214	0.4727	0.6146	0.0175	0.0209	-0.0330	
6.6948	-15.7759	8.5101	0.3124	-0.2260	0.3869	0.0898	-0.6205	0.4698	0.6216	0.0185	0.0209	-0.0326	
6.7267	-15.7938	8.5439	0.3124	-0.2257	0.3865	0.0630	-0.6191	0.4733	0.6234	0.0191	0.0211	-0.0327	
6.7447	-15.8137	8.5841	0.3115	-0.2255	0.3866	0.0373	-0.6176	0.4713	0.6285	0.0200	0.0211	-0.0325	
6.7766	-15.8316	8.6149	0.3116	-0.2252	0.3861	0.0131	-0.6146	0.4703	0.6332	0.0194	0.0209	-0.0328	
6.8089	-15.8511	8.6562	0.3116	-0.2250	0.3862	0.0124	0.6093	-0.4675	-0.6404	0.0204	0.0212	-0.0324	
6.8381	-15.8788	8.6942	0.3115	-0.2253	0.3862	0.0355	0.6042	-0.4646	-0.6464	0.0211	0.0215	-0.0319	
6.8740	-15.9027	8.7326	0.3118	-0.2254	0.3861	0.0596	0.5956	-0.4623	-0.6543	0.0218	0.0220	-0.0313	
6.9059	-15.9227	8.7738	0.3118	-0.2253	0.3863	0.0781	0.5899	-0.4574	-0.6611	0.0223	0.0222	-0.0306	
6.9433	-15.9423	8.8112	0.3122	-0.2251	0.3862	0.1020	0.5818	-0.4552	-0.6663	0.0229	0.0227	-0.0301	
6.9692	-15.9660	8.8572	0.3119	-0.2252	0.3867	0.1237	0.5739	-0.4503	-0.6729	0.0235	0.0230	-0.0295	
6.9909	-15.9899	8.8929	0.3112	-0.2253	0.3865	0.1451	0.5649	-0.4484	-0.6773	0.0238	0.0234	-0.0291	
7.0209	-16.0100	8.9277	0.3111	-0.2252	0.3862	0.1615	0.5576	-0.4477	-0.6803	0.0238	0.0235	-0.0286	
7.0576	-16.0297	8.9630	0.3115	-0.2250	0.3860	0.1761	0.5477	-0.4444	-0.6870	0.0238	0.0239	-0.0277	
7.0816	-16.0524	9.0044	0.3110	-0.2250	0.3862	0.1991	0.5344	-0.4403	-0.6935	0.0242	0.0247	-0.0272	
7.1128	-16.0677	9.0430	0.3110	-0.2246	0.3862	0.2203	0.5235	-0.4379	-0.6969	0.0245	0.0251	-0.0268	
7.1422	-16.0893	9.0817	0.3109	-0.2245	0.3862	0.2396	0.5126	-0.4332	-0.7016	0.0247	0.0255	-0.0262	
7.1736	-16.1155	9.1151	0.3109	-0.2248	0.3858	0.2581	0.4997	-0.4315	-0.7054	0.0247	0.0261	-0.0258	
7.2127	-16.1388	9.1490	0.3114	-0.2249	0.3855	0.2748	0.4909	-0.4260	-0.7087	0.0249	0.0262	-0.0252	
7.2450	-16.1587	9.1875	0.3115	-0.2247	0.3855	0.2955	0.4780	-0.4206	-0.7122	0.0251	0.0267	-0.0248	
7.2751	-16.1773	9.2274	0.3114	-0.2245	0.3856	0.3153	0.4602	-0.4203	-0.7157	0.0249	0.0276	-0.0245	
7.3129	-16.1972	9.2668	0.3118	-0.2243	0.3857	0.3334	0.4438	-0.4146	-0.7212	0.0250	0.0283	-0.0239	
7.3490	-16.2169	9.3040	0.3121	-0.2242	0.3856	0.3482	0.4270	-0.4093	-0.7275	0.0249	0.0290	-0.0231	
7.3815	-16.2329	9.3468	0.3121	-0.2238	0.3859	0.3626	0.4124	-0.4017	-0.7331	0.0249	0.0295	-0.0224	
7.4132	-16.2581	9.3876	0.3122	-0.2240	0.3860	0.3758	0.3945	-0.3978	-0.7384	0.0245	0.0301	-0.0218	
7.4470	-16.2784	9.4257	0.3123	-0.2239	0.3860	0.3933	0.3746	-0.3937	-0.7417	0.0244	0.0309	-0.0214	
7.4781	-16.3029	9.4675	0.3123	-0.2240	0.3862	0.4078	0.3617	-0.3887	-0.7430	0.0243	0.0311	-0.0210	
7.5057	-16.3205	9.5077	0.3121	-0.2237	0.3863	0.4224	0.3439	-0.3836	-0.7459	0.0241	0.0316	-0.0205	
7.5385	-16.3423	9.5502	0.3121	-0.2237	0.3865	0.4381	0.3241	-0.3804	-0.7473	0.0238	0.0323	-0.0203	
7.5666	-16.3697	9.5849	0.3120	-0.2240	0.3863	0.4519	0.3046	-0.3769	-0.7491	0.0234	0.0328	-0.0200	
7.6045	-16.3912	9.6226	0.3124	-0.2240	0.3863	0.4609	0.2814	-0.3724	-0.7551	0.0227	0.0337	-0.0194	
7.6371	-16.4150	9.6607	0.3124	-0.2241	0.3862	0.4720	0.2641	-0.3653	-0.7578	0.0224	0.0341	-0.0188	
7.6699	-16.4355	9.6966	0.3125	-0.2240	0.3861	0.4816	0.2470	-0.3602	-0.7600	0.0220	0.0343	-0.0183	
7.6986	-16.4607	9.7310	0.3124	-0.2242	0.3858	0.4907	0.2283	-0.3597	-0.7603	0.0213	0.0346	-0.0182	
7.7305	-16.4812	9.7681	0.3124	-0.2240	0.3858	0.4961	0.2098	-0.3588	-0.7627	0.0205	0.0348	-0.0178	
7.7678	-16.5008	9.7977	0.3128	-0.2239	0.3852	0.5067	0.1929	-0.3557	-0.7614	0.0201	0.0349	-0.0177	
7.8002	-16.5187	9.8345	0.3129	-0.2236	0.3852	0.5134	0.1715	-0.3531	-0.7634	0.0194	0.0354	-0.0174	
7.8304	-16.5327	9.8754	0.3128	-0.2231	0.3853	0.5235	0.1445	-0.3498	-0.7634	0.0187	0.0363	-0.0173	
7.8617	-16.5500	9.9156	0.3128	-0.2229	0.3854	0.5313	0.1200	-0.3455	-0.7642	0.0181	0.0369	-0.0170	
7.8985	-16.5748	9.9500	0.3131	-0.2230	0.3852	0.5395	0.0976	-0.3440	-0.7624	0.0175	0.0373	-0.0170	
7.9303	-16.5933	9.9871	0.3131	-0.2228	0.3851	0.5486	0.0782	-0.3443	-0.7579	0.0170	0.0373	-0.0172	
7.9601	-16.6114	10.0252	0.3131	-0.2226	0.3851	0.5562	0.0558	-0.3431	-0.7549	0.0164	0.0377	-0.0173	
7.9935	-16.6338	10.0631	0.3132	-0.2226	0.3851	0.5641	0.0319	-0.3419	-0.7510	0.0158	0.0381	-0.0174	
8.0261	-16.6565	10.1029	0.3133	-0.2226	0.3852	0.5668	0.0094	-0.3385	-0.7513	0.0150	0.0384	-0.0171	
8.0584	-16.6790	10.1388	0.3133	-0.2226	0.3850	0.5697	-0.0134	-0.3354	-0.7504	0.0143	0.0387	-0.0169	
8.0915	-16.7059	10.1755	0.3134	-0.2229	0.3849	0.5757	-0.0343	-0.3342	-0.7456	0.0138	0.0388	-0.0170	
8.1259	-16.7231	10.2146	0.3136	-0.2226	0.3850	0.5788	-0.0537	-0.3343	-0.7421	0.0131	0.0387	-0.0171	
8.1615	-16.7423	10.2549	0.3139	-0.2224	0.3851	0.5806	-0.0755	-0.3375	-0.7373	0.0123	0.0386	-0.0174	
8.1924	-16.7615	10.2940	0.3139	-0.2223	0.3851	0.5832	-0.0964	-0.3392	-0.7319	0.0116	0.0386	-0.0176	
8.2248	-16.7841	10.3268	0.3139	-0.2223	0.3848	0.5840	-0.1180	-0.3394	-0.7280	0.0109	0.0386	-0.0177	
8.2534	-16.8029	10.3590	0.3138	-0.2221	0.3845	0.5878	-0.1411	-0.3392	-0.7208	0.0104	0.0388	-0.0180	
8.2764	-16.8277	10.3882	0.3133	-0.2222	0.3840	0.5900	-0.1617	-0.3396	-0.7146	0.0099	0.0388	-0.0182	
8.3056	-16.8513	10.4231	0.3132	-0.2223	0.3838	0.5910	-0.1783	-0.3407	-0.7094	0.0093	0.0384	-0.0183	
8.3343	-16.8711	10.4639	0.3131	-0.2222	0.3839	0.5914	-0.2007	-0.3424	-0.7021	0.0087	0.0385	-0.0186	
8.3663	-16.8965	10.4977	0.3131	-0.2223	0.3837	0.5897	-0.2184	-0.3459	-0.6967	0.0080	0.0381	-0.0188	
8.3987	-16.9196	10.5296	0.3132	-0.2224	0.3833	0.5902	-0.2372	-0.3518	-0.6870	0.0076	0.0377	-0.0194	
8.4311	-16.9392	10.5711	0.3133	-0.2222	0.3835	0.5905	-0.2549	-0.3570	-0.6776	0.0072	0.0372	-0.0199	
8.4620	-16.9584	10.6079	0.3133	-0.2221	0.3834	0.5922	-0.2714	-0.3645	-0.6656	0.0070	0.0367	-0.0206	
8.4984	-16.9826	10.6464	0.3135	-0.2222	0.3834	0.5891	-0.2885	-0.3684	-0.6592	0.0063	0.0363	-0.0208	
8.5299	-17.0106	10.6902	0.3136	-0.2225	0.3837	0.5915	-0.3076	-0.3744	-0.6445	0.0063	0.0360	-0.0216	
8.5599	-17.0285	10.7254	0.3135	-0.2223	0.3836	0.5949	-0.3267	-0.3796	-0.6286	0.0063	0.0358	-0.0223	
8.5889	-17.0479	10.7625	0.3134	-0.2221	0.3835	0.5953	-0.3415	-0.3861	-0.6167	0.0062	0.0352	-0.0228	
8.6186	-17.0811	10.8022	0.3133	-0.2227	0.3836	0.5961	-0.3550	-0.3920	-0.6044	0.0061	0.0346	-0.0233	
8.6470	-17.1012	10.8437	0.3131	-0.2226	0.3837	0.5948	-0.3706	-0.4012	-0.5900	0.0060	0.0340	-0.0240	
8.6840	-17.1258	10.8803	0.3135	-0.2227	0.3836	0.5925	-0.3838	-0.4037	-0.5822	0.0057	0.0335	-0.0240	
8.7163	-17.1514	10.9189	0.3135	-0.2229	0.3836	0.5918	-0.4024	-0.4095	-0.5659	0.0056	0.0334	-0.0247	
8.7423	-17.1745	10.9529	0.3132	-0.2229	0.3834	0.5939	-0.4131	-0.4171	-0.5503	0.0059	0.0327	-0.0252	
8.7753	-17.1947	10.9901	0.3133	-0.2228	0.3834	0.5931	-0.4291	-0.4256	-0.5320	0.0060	0.0322	-0.0261	
8.8083	-17.2163	11.0336	0.3134	-0.2228	0.3836	0.5943	-0.4399	-0.4305	-0.5178	0.0062	0.0317	-0.0263	
8.8433	-17.2407	11.0699	0.3136	-0.2229	0.3835	0.5941	-0.4533	-0.4366	-0.5011	0.0063	0.0313	-0.0268	
8.8761	-17.2638	11.1069	0.3137	-0.2229	0.3834	0.5930	-0.4664	-0.4438	-0.4837	0.0065	0.0308	-0.0274	
8.9152	-17.2882	11.1432	0.3141	-0.2230	0.3833	0.5941	-0.4783	-0.4497	-0.4648	0.0069	0.0304	-0.0279	
8.9380	-17.3129	11.1847	0.3137	-0.2231	0.3835	0.5916	-0.4894	-0.4576	-0.4486	0.0070	0.0298	-0.0283	
8.9682	-17.3366	11.2235	0.3136	-0.2232	0.3835	0.5893	-0.5001	-0.4639	-0.4330	0.0071	0.0293	-0.0287	
9.0025	-17.3607	11.2643	0.3138	-0.2233	0.3836	0.5921	-0.5088	-0.4698	-0.4121	0.0077	0.0288	-0.0291	
9.0322	-17.3854	11.3054	0.3137	-0.2234	0.3838	0.5905	-0.5155	-0.4762	-0.3990	0.0079	0.0281	-0.0291	
9.0659	-17.4025	11.3458	0.3138	-0.2231	0.3839	0.5890	-0.5248	-0.4832	-0.3797	0.0082	0.0276	-0.0295	
9.0962	-17.4294	11.3873	0.3138	-0.2234	0.3840	0.5840	-0.5321	-0.4949	-0.3622	0.0085	0.0268	-0.0301	
9.1280	-17.4566	11.4271	0.3138	-0.2236	0.3841	0.5822	-0.5412	-0.5014	-0.3416	0.0089	0.0264	-0.0306	
9.1639	-17.4733	11.4685	0.3140	-0.2233	0.3842	0.5800	-0.5491	-0.5090	-0.3212	0.0093	0.0259	-0.0310	
9.1939	-17.4942	11.5150	0.3139	-0.2233	0.3847	0.5823	-0.5534	-0.5157	-0.2979	0.0102	0.0255	-0.0313	
9.2253	-17.5163	11.5502	0.3140	-0.2232	0.3845	0.5838	-0.5599	-0.5174	-0.2795	0.0106	0.0252	-0.0312	
9.2595	-17.5438	11.5886	0.3141	-0.2235	0.3845	0.5873	-0.5622	-0.5236	-0.2547	0.0117	0.0248	-0.0314	
9.2882	-17.5633	11.6322	0.3140	-0.2234	0.3848	0.5885	-0.5669	-0.5280	-0.2315	0.0124	0.0246	-0.0315	
9.3225	-17.5817	11.6618	0.3141	-0.2232	0.3843	0.5897	-0.5719	-0.5305	-0.2091	0.0129	0.0244	-0.0316	
9.3530	-17.6067	11.6988	0.3141	-0.2233	0.3842	0.5905	-0.5727	-0.5372	-0.1869	0.0138	0.0238	-0.0316	
9.3849	-17.6278	11.7344	0.3141	-0.2232	0.3841	0.5925	-0.5769	-0.5370	-0.1668	0.0142	0.0238	-0.0314	
9.4130	-17.6532	11.7728	0.3139	-0.2234	0.3841	0.5933	-0.5788	-0.5398	-0.1472	0.0147	0.0235	-0.0313	
9.4408	-17.6736	11.8054	0.3138	-0.2233	0.3838	0.5951	-0.5804	-0.5425	-0.1208	0.0156	0.0233	-0.0314	
9.4739	-17.6955	11.8440	0.3138	-0.2233	0.3838	0.5968	-0.5838	-0.5421	-0.0942	0.0163	0.0235	-0.0314	
9.5034	-17.7188	11.8802	0.3138	-0.2233	0.3837	0.6013	-0.5827	-0.5423	-0.0699	0.0173	0.0234	-0.0311	
9.5298	-17.7430	11.9125	0.3135	-0.2234	0.3834	0.6066	-0.5840	-0.5376	-0.0441	0.0180	0.0238	-0.0308	
9.5662	-17.7698	11.9512	0.3138	-0.2237	0.3834	0.6130	-0.5832	-0.5326	-0.0214	0.0187	0.0241	-0.0302	
9.5929	-17.7923	11.9889	0.3135	-0.2237	0.3834	0.6169	-0.5837	-0.5280	-0.0013	0.0191	0.0242	-0.0296	
9.6245	-17.8215	12.0231	0.3136	-0.2240	0.3832	0.6206	-0.5814	-0.5257	0.0221	0.0198	0.0243	-0.0292	
9.6562	-17.8472	12.0642	0.3136	-0.2242	0.3834	0.6270	-0.5779	-0.5200	0.0492	0.0208	0.0247	-0.0288	
9.6855	-17.8711	12.0946	0.3135	-0.2242	0.3830	0.6326	-0.5752	-0.5139	0.0704	0.0213	0.0250	-0.0281	
9.7119	-17.8905	12.1339	0.3133	-0.2241	0.3830	0.6328	-0.5723	-0.5130	0.0940	0.0218	0.0249	-0.0279	
9.7451	-17.9095	12.1706	0.3134	-0.2239	0.3829	0.6361	-0.5694	-0.5085	0.1132	0.0222	0.0250	-0.0273	
9.7762	-17.9308	12.2031	0.3133	-0.2239	0.3827	0.6379	-0.5649	-0.5047	0.1387	0.0229	0.0251	-0.0270	
9.8102	-17.9556	12.2393	0.3135	-0.2240	0.3826	0.6432	-0.5596	-0.4982	0.1587	0.0233	0.0254	-0.0263	
9.8366	-17.9779	12.2764	0.3133	-0.2240	0.3825	0.6480	-0.5535	-0.4898	0.1839	0.0240	0.0259	-0.0257	
9.8634	-17.9992	12.3180	0.3130	-0.2239	0.3827	0.6538	-0.5458	-0.4821	0.2057	0.0245	0.0263	-0.0250	
9.8933	-18.0264	12.3575	0.3130	-0.2242	0.3827	0.6564	-0.5405	-0.4754	0.2261	0.0248	0.0265	-0.0244	
9.9236	-18.0487	12.3947	0.3129	-0.2242	0.3827	0.6607	-0.5376	-0.4624	0.2467	0.0248	0.0271	-0.0238	
9.9536	-18.0687	12.4346	0.3129	-0.2241	0.3827	0.6675	-0.5277	-0.4544	0.2643	0.0252	0.0274	-0.0228	
9.9824	-18.0958	12.4753	0.3128	-0.2243	0.3828	0.6721	-0.5214	-0.4440	0.2820	0.0252	0.0278	-0.0221	
10.0160	-18.1171	12.5086	0.3129	-0.2242	0.3826	0.6760	-0.5157	-0.4311	0.3022	0.0253	0.0284	-0.0215	
10.0498	-18.1437	12.5464	0.3130	-0.2244	0.3826	0.6794	-0.5113	-0.4183	0.3198	0.0252	0.0289	-0.0209	
10.0795	-18.1689	12.5832	0.3129	-0.2246	0.3825	0.6824	-0.5042	-0.4067	0.3388	0.0252	0.0293	-0.0203	
10.1104	-18.1892	12.6230	0.3129	-0.2245	0.3826	0.6861	-0.4990	-0.3952	0.3528	0.0249	0.0296	-0.0197	
10.1359	-18.2090	12.6625	0.3127	-0.2243	0.3826	0.6897	-0.4946	-0.3779	0.3701	0.0246	0.0303	-0.0191	
10.1627	-18.2281	12.7082	0.3125	-0.2242	0.3830	0.6958	-0.4862	-0.3638	0.3840	0.0244	0.0309	-0.0183	
10.1927	-18.2475	12.7469	0.3124	-0.2241	0.3830	0.6997	-0.4803	-0.3454	0.4006	0.0240	0.0316	-0.0177	
10.2255	-18.2682	12.7827	0.3125	-0.2240	0.3829	0.7035	-0.4732	-0.3304	0.4151	0.0237	0.0321	-0.0171	
10.2510	-18.2862	12.8213	0.3122	-0.2238	0.3829	0.7091	-0.4666	-0.3138	0.4260	0.0232	0.0326	-0.0163	
10.2836	-18.3157	12.8630	0.3123	-0.2241	0.3830	0.7096	-0.4621	-0.2995	0.4398	0.0228	0.0329	-0.0160	
10.3142	-18.3355	12.9062	0.3123	-0.2240	0.3832	0.7126	-0.4544	-0.2814	0.4546	0.0225	0.0336	-0.0155	
10.3412	-18.3551	12.9441	0.3121	-0.2239	0.3832	0.7149	-0.4490	-0.2624	0.4675	0.0219	0.0341	-0.0151	
10.3686	-18.3815	12.9862	0.3119	-0.2241	0.3834	0.7194	-0.4405	-0.2418	0.4798	0.0214	0.0349	-0.0145	
10.3979	-18.4044	13.0274	0.3118	-0.2241	0.3835	0.7199	-0.4357	-0.2249	0.4914	0.0208	0.0352	-0.0142	
10.4273	-18.4244	13.0693	0.3118	-0.2240	0.3837	0.7244	-0.4299	-0.2010	0.5004	0.0199	0.0360	-0.0137	
10.4557	-18.4452	13.1135	0.3116	-0.2239	0.3839	0.7264	-0.4222	-0.1821	0.5111	0.0194	0.0365	-0.0133	
10.4875	-18.4696	13.1512	0.3117	-0.2240	0.3839	0.7268	-0.4194	-0.1605	0.5199	0.0186	0.0369	-0.0131	
10.5170	-18.4907	13.1950	0.3116	-0.2240	0.3841	0.7263	-0.4142	-0.1401	0.5305	0.0180	0.0373	-0.0130	
10.5475	-18.5088	13.2396	0.3116	-0.2238	0.3844	0.7257	-0.4085	-0.1179	0.5410	0.0174	0.0379	-0.0128	
10.5792	-18.5305	13.2826	0.3116	-0.2238	0.3846	0.7233	-0.4072	-0.0958	0.5497	0.0165	0.0382	-0.0130	
10.6159	-18.5517	13.3227	0.3118	-0.2237	0.3846	0.7231	-0.4018	-0.0732	0.5573	0.0158	0.0387	-0.0128	
10.6499	-18.5714	13.3677	0.3120	-0.2236	0.3849	0.7245	-0.3970	-0.0481	0.5616	0.0147	0.0392	-0.0126	
10.6790	-18.5900	13.4094	0.3119	-0.2235	0.3850	0.7233	-0.3930	-0.0295	0.5673	0.0141	0.0393	-0.0125	
10.7073	-18.6092	13.4501	0.3117	-0.2233	0.3851	0.7248	-0.3888	-0.0106	0.5691	0.0131	0.0393	-0.0122	
10.7363	-18.6268	13.4879	0.3117	-0.2231	0.3851	0.7228	-0.3855	0.0108	0.5736	0.0123	0.0395	-0.0122	
10.7666	-18.6454	13.5284	0.3116	-0.2230	0.3852	0.7215	-0.3777	0.0338	0.5793	0.0117	0.0400	-0.0119	
10.7999	-18.6684	13.5723	0.3117	-0.2230	0.3854	0.7201	-0.3727	0.0581	0.5826	0.0108	0.0404	-0.0119	
10.8328	-18.6881	13.6181	0.3118	-0.2229	0.3857	0.7138	-0.3675	0.0822	0.5904	0.0103	0.0408	-0.0121	
10.8640	-18.7056	13.6584	0.3118	-0.2227	0.3858	0.7080	-0.3625	0.1060	0.5967	0.0098	0.0411	-0.0123	
10.8941	-18.7284	13.6964	0.3117	-0.2227	0.3858	0.7023	-0.3572	0.1258	0.6028	0.0094	0.0412	-0.0124	
10.9226	-18.7455	13.7426	0.3116	-0.2225	0.3861	0.6995	-0.3551	0.1479	0.6026	0.0085	0.0412	-0.0125	
10.9497	-18.7668	13.7842	0.3115	-0.2225	0.3862	0.6915	-0.3542	0.1700	0.6063	0.0079	0.0412	-0.0130	
10.9808	-18.7904	13.8197	0.3115	-0.2225	0.3861	0.6858	-0.3544	0.1894	0.6071	0.0072	0.0409	-0.0133	
11.0129	-18.8086	13.8637	0.3115	-0.2224	0.3863	0.6782	-0.3543	0.2114	0.6082	0.0066	0.0408	-0.0138	
11.0454	-18.8276	13.9027	0.3116	-0.2222	0.3863	0.6715	-0.3507	0.2335	0.6097	0.0060	0.0409	-0.0140	
11.0782	-18.8498	13.9472	0.3116	-0.2222	0.3866	0.6648	-0.3501	0.2527	0.6098	0.0054	0.0407	-0.0143	
11.1067	-18.8687	13.9868	0.3115	-0.2221	0.3866	0.6574	-0.3518	0.2703	0.6094	0.0049	0.0403	-0.0147	
11.1397	-18.8884	14.0304	0.3116	-0.2220	0.3868	0.6477	-0.3532	0.2887	0.6104	0.0045	0.0399	-0.0153	
11.1720	-18.9100	14.0677	0.3116	-0.2220	0.3867	0.6359	-0.3545	0.3060	0.6136	0.0044	0.0396	-0.0158	
11.1996	-18.9265	14.1092	0.3115	-0.2218	0.3869	0.6261	-0.3559	0.3254	0.6129	0.0040	0.0393	-0.0164	
11.2373	-18.9503	14.1446	0.3118	-0.2218	0.3867	0.6165	-0.3573	0.3408	0.6135	0.0038	0.0388	-0.0167	
11.2646	-18.9722	14.1835	0.3116	-0.2218	0.3867	0.6090	-0.3574	0.3554	0.6127	0.0034	0.0384	-0.0169	
11.2952	-18.9913	14.2262	0.3116	-0.2217	0.3869	0.6009	-0.3593	0.3729	0.6092	0.0029	0.0380	-0.0173	
11.3232	-19.0125	14.2643	0.3115	-0.2217	0.3869	0.5854	-0.3592	0.3908	0.6127	0.0030	0.0378	-0.0179	
11.3523	-19.0356	14.3021	0.3114	-0.2217	0.3868	0.5679	-0.3597	0.4089	0.6171	0.0033	0.0377	-0.0186	
11.3827	-19.0530	14.3386	0.3113	-0.2215	0.3867	0.5566	-0.3617	0.4262	0.6148	0.0029	0.0374	-0.0191	
11.4127	-19.0723	14.3758	0.3113	-0.2214	0.3867	0.5406	-0.3636	0.4440	0.6152	0.0030	0.0372	-0.0197	
11.4421	-19.0934	14.4199	0.3112	-0.2213	0.3869	0.5249	-0.3643	0.4597	0.6169	0.0031	0.0369	-0.0203	
11.4747	-19.1167	14.4590	0.3113	-0.2214	0.3869	0.5113	-0.3653	0.4758	0.6155	0.0030	0.0366	-0.0207	
11.5062	-19.1390	14.5028	0.3113	-0.2214	0.3871	0.4965	-0.3688	0.4897	0.6147	0.0031	0.0361	-0.0213	
11.5433	-19.1594	14.5445	0.3116	-0.2213	0.3872	0.4835	-0.3723	0.5076	0.6084	0.0027	0.0358	-0.0219	
11.5772	-19.1789	14.5816	0.3117	-0.2212	0.3872	0.4692	-0.3753	0.5232	0.6045	0.0026	0.0354	-0.0225	
11.6110	-19.2015	14.6181	0.3118	-0.2213	0.3871	0.4470	-0.3780	0.5391	0.6054	0.0031	0.0353	-0.0232	
11.6424	-19.2220	14.6564	0.3118	-0.2212	0.3871	0.4303	-0.3842	0.5516	0.6027	0.0033	0.0347	-0.0239	
11.6775	-19.2407	14.6973	0.3119	-0.2211	0.3871	0.4131	-0.3895	0.5638	0.6000	0.0035	0.0342	-0.0245	
11.7084	-19.2631	14.7379	0.3119	-0.2211	0.3872	0.3918	-0.3947	0.5757	0.5995	0.0041	0.0338	-0.0252	
11.7368	-19.2864	14.7760	0.3118	-0.2211	0.3872	0.3757	-0.3971	0.5869	0.5974	0.0042	0.0333	-0.0255	
11.7670	-19.3035	14.8104	0.3118	-0.2209	0.3870	0.3571	-0.4025	0.5993	0.5928	0.0044	0.0329	-0.0261	
11.7987	-19.3244	14.8467	0.3118	-0.2209	0.3869	0.3381	-0.4038	0.6102	0.5919	0.0048	0.0327	-0.0264	
11.8306	-19.3482	14.8821	0.3118	-0.2210	0.3868	0.3203	-0.4051	0.6196	0.5912	0.0051	0.0323	-0.0266	
11.8593	-19.3677	14.9205	0.3117	-0.2208	0.3868	0.3012	-0.4085	0.6298	0.5880	0.0054	0.0320	-0.0270	
11.8892	-19.3880	14.9586	0.3117	-0.2208	0.3867	0.2801	-0.4102	0.6402	0.5860	0.0059	0.0317	-0.0274	
11.9227	-19.4090	15.0001	0.3118	-0.2207	0.3869	0.2583	-0.4152	0.6455	0.5868	0.0067	0.0313	-0.0277	
11.9547	-19.4307	15.0409	0.3118	-0.2207	0.3869	0.2323	-0.4162	0.6554	0.5857	0.0074	0.0313	-0.0282	
11.9830	-19.4525	15.0817	0.3117	-0.2207	0.3870	0.2124	-0.4230	0.6591	0.5847	0.0081	0.0306	-0.0284	
12.0142	-19.4747	15.1227	0.3117	-0.2207	0.3871	0.1939	-0.4322	0.6633	0.5796	0.0087	0.0298	-0.0289	
12.0491	-19.4918	15.1599	0.3119	-0.2205	0.3870	0.1705	-0.4375	0.6670	0.5786	0.0095	0.0294	-0.0291	
12.0821	-19.5103	15.2008	0.3119	-0.2204	0.3871	0.1476	-0.4402	0.6730	0.5758	0.0101	0.0292	-0.0294	
12.1140	-19.5303	15.2392	0.3120	-0.2203	0.3871	0.1244	-0.4425	0.6760	0.5760	0.0109	0.0289	-0.0295	
12.1485	-19.5524	15.2766	0.3121	-0.2203	0.3870	0.1034	-0.4451	0.6803	0.5732	0.0114	0.0286	-0.0296	
12.1846	-19.5761	15.3145	0.3123	-0.2204	0.3870	0.0809	-0.4442	0.6845	0.5724	0.0119	0.0286	-0.0296	
12.2168	-19.6002	15.3542	0.3123	-0.2205	0.3870	0.0607	-0.4446	0.6888	0.5695	0.0123	0.0284	-0.0296	
12.2473	-19.6201	15.3919	0.3123	-0.2204	0.3870	0.0399	-0.4449	0.6915	0.5678	0.0127	0.0282	-0.0295	
12.2810	-19.6358	15.4260	0.3124	-0.2201	0.3868	0.0158	-0.4483	0.6906	0.5674	0.0120	0.0284	-0.0296	
12.3137	-19.6538	15.4647	0.3124	-0.2200	0.3868	0.0075	0.4447	-0.6918	-0.5688	0.0126	0.0285	-0.0293	
12.3431	-19.6752	15.5054	0.3124	-0.2200	0.3869	0.0308	0.4429	-0.6917	-0.5697	0.0134	0.0286	-0.0290	
12.3763	-19.6979	15.5433	0.3124	-0.2200	0.3869	0.0544	0.4421	-0.6896	-0.5711	0.0142	0.0285	-0.0287	
12.4055	-19.7199	15.5850	0.3124	-0.2200	0.3870	0.0780	0.4386	-0.6894	-0.5712	0.0148	0.0286	-0.0285	
12.4356	-19.7412	15.6260	0.3123	-0.2200	0.3871	0.0990	0.4365	-0.6859	-0.5740	0.0155	0.0286	-0.0280	
12.4676	-19.7646	15.6710	0.3123	-0.2200	0.3873	0.1221	0.4321	-0.6846	-0.5742	0.0161	0.0288	-0.0277	
12.4984	-19.7868	15.7112	0.3123	-0.2200	0.3874	0.1362	0.4319	-0.6786	-0.5789	0.0166	0.0284	-0.0268	
12.5285	-19.8055	15.7511	0.3123	-0.2199	0.3874	0.1575	0.4277	-0.6729	-0.5828	0.0173	0.0286	-0.0261	
12.5599	-19.8303	15.7886	0.3123	-0.2200	0.3873	0.1786	0.4221	-0.6691	-0.5850	0.0177	0.0288	-0.0256	
12.5909	-19.8478	15.8273	0.3123	-0.2199	0.3873	0.2015	0.4139	-0.6651	-0.5881	0.0182	0.0293	-0.0250	
12.6235	-19.8709	15.8687	0.3123	-0.2199	0.3874	0.2209	0.4095	-0.6602	-0.5898	0.0186	0.0294	-0.0245	
12.6533	-19.8875	15.9064	0.3123	-0.2197	0.3874	0.2409	0.4012	-0.6569	-0.5913	0.0188	0.0297	-0.0240	
12.6849	-19.9066	15.9446	0.3123	-0.2196	0.3874	0.2623	0.3939	-0.6503	-0.5944	0.0192	0.0300	-0.0234	
12.7191	-19.9293	15.9817	0.3124	-0.2196	0.3873	0.2831	0.3837	-0.6439	-0.5985	0.0195	0.0306	-0.0227	
12.7523	-19.9533	16.0231	0.3124	-0.2197	0.3874	0.3035	0.3731	-0.6369	-0.6026	0.0198	0.0311	-0.0219	
12.7853	-19.9752	16.0620	0.3125	-0.2197	0.3874	0.3245	0.3593	-0.6309	-0.6063	0.0198	0.0318	-0.0213	
12.8165	-19.9982	16.1037	0.3125	-0.2198	0.3875	0.3449	0.3461	-0.6239	-0.6100	0.0199	0.0325	-0.0206	
12.8448	-20.0191	16.1439	0.3124	-0.2197	0.3876	0.3676	0.3348	-0.6169	-0.6100	0.0201	0.0330	-0.0203	
12.8718	-20.0398	16.1815	0.3122	-0.2197	0.3875	0.3880	0.3192	-0.6080	-0.6148	0.0202	0.0338	-0.0195	
12.9051	-20.0616	16.2245	0.3123	-0.2197	0.3877	0.4092	0.3066	-0.5996	-0.6156	0.0203	0.0343	-0.0191	
12.9369	-20.0809	16.2656	0.3123	-0.2196	0.3878	0.4279	0.2894	-0.5936	-0.6171	0.0200	0.0350	-0.0186	
12.9684	-20.1031	16.3040	0.3123	-0.2196	0.3878	0.4440	0.2745	-0.5870	-0.6189	0.0197	0.0355	-0.0181	
13.0041	-20.1216	16.3387	0.3125	-0.2195	0.3876	0.4590	0.2573	-0.5793	-0.6228	0.0193	0.0361	-0.0174	
13.0352	-20.1411	16.3797	0.3125	-0.2194	0.3877	0.4738	0.2437	-0.5678	-0.6277	0.0192	0.0365	-0.0165	
13.0658	-20.1633	16.4205	0.3124	-0.2194	0.3878	0.4921	0.2292	-0.5574	-0.6282	0.0192	0.0371	-0.0161	
13.0989	-20.1823	16.4549	0.3125	-0.2193	0.3876	0.5017	0.2181	-0.5485	-0.6328	0.0189	0.0371	-0.0153	
13.1317	-20.2066	16.4933	0.3126	-0.2194	0.3876	0.5168	0.2015	-0.5361	-0.6365	0.0187	0.0377	-0.0145	
13.1628	-20.2251	16.5360	0.3126	-0.2193	0.3877	0.5316	0.1849	-0.5247	-0.6388	0.0184	0.0383	-0.0139	
13.1949	-20.2454	16.5710	0.3126	-0.2192	0.3876	0.5478	0.1663	-0.5132	-0.6394	0.0182	0.0390	-0.0135	
13.2257	-20.2662	16.6099	0.3126	-0.2192	0.3876	0.5645	0.1470	-0.5011	-0.6392	0.0179	0.0397	-0.0131	
13.2598	-20.2863	16.6473	0.3127	-0.2191	0.3876	0.5781	0.1269	-0.4896	-0.6403	0.0175	0.0403	-0.0127	
13.2888	-20.3066	16.6815	0.3126	-0.2191	0.3874	0.5880	0.1053	-0.4819	-0.6413	0.0166	0.0408	-0.0124	
13.3210	-20.3307	16.7208	0.3126	-0.2191	0.3874	0.5951	0.0911	-0.4715	-0.6448	0.0161	0.0409	-0.0117	
13.3508	-20.3557	16.7587	0.3126	-0.2192	0.3874	0.6044	0.0738	-0.4628	-0.6444	0.0156	0.0410	-0.0114	
13.3863	-20.3788	16.7992	0.3127	-0.2193	0.3875	0.6113	0.0517	-0.4531	-0.6471	0.0146	0.0415	-0.0110	
13.4179	-20.4005	16.8360	0.3127	-0.2193	0.3874	0.6175	0.0327	-0.4433	-0.6492	0.0139	0.0417	-0.0106	
13.4490	-20.4219	16.8717	0.3127	-0.2193	0.3873	0.6267	0.0101	-0.4353	-0.6463	0.0132	0.0422	-0.0106	
13.4771	-20.4409	16.9123	0.3126	-0.2192	0.3874	0.6310	-0.0133	-0.4283	-0.6470	0.0121	0.0425	-0.0104	
13.5108	-20.4608	16.9514	0.3127	-0.2191	0.3874	0.6382	-0.0331	-0.4170	-0.6465	0.0116	0.0428	-0.0101	
13.5412	-20.4832	16.9874	0.3127	-0.2191	0.3873	0.6398	-0.0555	-0.4109	-0.6475	0.0105	0.0429	-0.0100	
13.5733	-20.5042	17.0246	0.3127	-0.2191	0.3873	0.6456	-0.0805	-0.4041	-0.6430	0.0096	0.0433	-0.0102	
13.6090	-20.5210	17.0636	0.3128	-0.2189	0.3873	0.6500	-0.1019	-0.3946	-0.6415	0.0089	0.0435	-0.0100	
13.6437	-20.5404	17.1035	0.3130	-0.2188	0.3873	0.6536	-0.1222	-0.3860	-0.6396	0.0082	0.0436	-0.0099	
13.6756	-20.5594	17.1450	0.3130	-0.2187	0.3874	0.6604	-0.1438	-0.3810	-0.6310	0.0077	0.0436	-0.0104	
13.7039	-20.5823	17.1808	0.3129	-0.2188	0.3873	0.6637	-0.1670	-0.3776	-0.6239	0.0070	0.0436	-0.0109	
13.7369	-20.6061	17.2146	0.3130	-0.2188	0.3871	0.6628	-0.1903	-0.3710	-0.6223	0.0060	0.0437	-0.0110	
13.7693	-20.6289	17.2519	0.3130	-0.2189	0.3871	0.6677	-0.2111	-0.3652	-0.6134	0.0056	0.0437	-0.0114	
13.7995	-20.6526	17.2876	0.3130	-0.2189	0.3870	0.6679	-0.2322	-0.3567	-0.6108	0.0048	0.0437	-0.0113	
13.8273	-20.6762	17.3228	0.3128	-0.2190	0.3869	0.6681	-0.2503	-0.3523	-0.6059	0.0042	0.0434	-0.0115	
13.8571	-20.6949	17.3577	0.3128	-0.2189	0.3868	0.6715	-0.2684	-0.3465	-0.5976	0.0040	0.0432	-0.0117	
13.8889	-20.7160	17.3923	0.3128	-0.2189	0.3866	0.6719	-0.2874	-0.3464	-0.5886	0.0035	0.0428	-0.0123	
13.9191	-20.7379	17.4293	0.3128	-0.2189	0.3866	0.6716	-0.3098	-0.3408	-0.5804	0.0029	0.0428	-0.0127	
13.9480	-20.7596	17.4668	0.3127	-0.2188	0.3865	0.6711	-0.3310	-0.3372	-0.5714	0.0024	0.0427	-0.0132	
13.9777	-20.7836	17.5033	0.3127	-0.2189	0.3865	0.6682	-0.3492	-0.3352	-0.5654	0.0018	0.0422	-0.0135	
14.0116	-20.8068	17.5382	0.3127	-0.2190	0.3863	0.6656	-0.3730	-0.3292	-0.5564	0.0011	0.0423	-0.0140	
14.0450	-20.8308	17.5769	0.3128	-0.2190	0.3863	0.6690	-0.3924	-0.3231	-0.5421	0.0011	0.0423	-0.0145	
14.0795	-20.8543	17.6135	0.3129	-0.2191	0.3863	0.6642	-0.4141	-0.3241	-0.5317	0.0006	0.0420	-0.0153	
14.1098	-20.8780	17.6479	0.3129	-0.2191	0.3861	0.6629	-0.4336	-0.3227	-0.5183	0.0004	0.0417	-0.0160	
14.1413	-20.9003	17.6860	0.3129	-0.2192	0.3861	0.6629	-0.4526	-0.3200	-0.5032	0.0004	0.0415	-0.0166	
14.1715	-20.9245	17.7278	0.3129	-0.2192	0.3862	0.6629	-0.4694	-0.3186	-0.4889	0.0005	0.0411	-0.0172	
14.2009	-20.9505	17.7682	0.3128	-0.2194	0.3863	0.6607	-0.4879	-0.3164	-0.4748	0.0003	0.0409	-0.0178	
14.2277	-20.9726	17.8061	0.3127	-0.2194	0.3863	0.6583	-0.5065	-0.3145	-0.4596	0.0003	0.0407	-0.0185	
14.2573	-20.9958	17.8411	0.3126	-0.2194	0.3861	0.6544	-0.5248	-0.3149	-0.4442	0.0002	0.0404	-0.0192	
14.2879	-21.0194	17.8810	0.3126	-0.2195	0.3862	0.6518	-0.5391	-0.3154	-0.4305	0.0003	0.0398	-0.0197	
14.3188	-21.0434	17.9236	0.3126	-0.2195	0.3863	0.6468	-0.5571	-0.3136	-0.4161	0.0001	0.0396	-0.0203	
14.3498	-21.0688	17.9627	0.3126	-0.2196	0.3863	0.6392	-0.5756	-0.3144	-0.4019	-0.0002	0.0392	-0.0210	
14.3818	-21.0960	18.0036	0.3126	-0.2198	0.3864	0.6325	-0.5920	-0.3148	-0.3881	-0.0004	0.0388	-0.0216	
14.4115	-21.1207	18.0440	0.3126	-0.2199	0.3865	0.6289	-0.6044	-0.3180	-0.3719	-0.0001	0.0382	-0.0222	
14.4431	-21.1446	18.0827	0.3126	-0.2200	0.3865	0.6252	-0.6168	-0.3197	-0.3559	0.0002	0.0376	-0.0227	
14.4736	-21.1663	18.1205	0.3125	-0.2199	0.3864	0.6202	-0.6298	-0.3215	-0.3399	0.0004	0.0371	-0.0232	
14.5037	-21.1896	18.1580	0.3125	-0.2200	0.3864	0.6167	-0.6436	-0.3192	-0.3217	0.0006	0.0369	-0.0236	
14.5333	-21.2152	18.1991	0.3125	-0.2201	0.3865	0.6136	-0.6532	-0.3211	-0.3069	0.0010	0.0363	-0.0238	
14.5657	-21.2366	18.2343	0.3125	-0.2201	0.3864	0.6094	-0.6650	-0.3200	-0.2901	0.0012	0.0360	-0.0241	
14.5950	-21.2646	18.2732	0.3124	-0.2203	0.3864	0.6033	-0.6750	-0.3222	-0.2777	0.0012	0.0353	-0.0244	
14.6241	-21.2897	18.3117	0.3124	-0.2204	0.3864	0.5994	-0.6833	-0.3261	-0.2605	0.0017	0.0347	-0.0247	
14.6534	-21.3127	18.3510	0.3123	-0.2204	0.3864	0.5951	-0.6922	-0.3258	-0.2469	0.0019	0.0342	-0.0248	
14.6858	-21.3362	18.3895	0.3123	-0.2204	0.3864	0.5892	-0.7032	-0.3258	-0.2287	0.0021	0.0339	-0.0252	
14.7146	-21.3637	18.4276	0.3123	-0.2206	0.3864	0.5857	-0.7117	-0.3264	-0.2099	0.0026	0.0336	-0.0255	
14.7455	-21.3897	18.4655	0.3123	-0.2207	0.3863	0.5812	-0.7177	-0.3315	-0.1939	0.0032	0.0328	-0.0257	
14.7755	-21.4104	18.5057	0.3122	-0.2207	0.3864	0.5788	-0.7237	-0.3348	-0.1712	0.0041	0.0325	-0.0261	
14.8074	-21.4316	18.5449	0.3122	-0.2207	0.3864	0.5753	-0.7298	-0.3369	-0.1516	0.0047	0.0321	-0.0263	
14.8391	-21.4531	18.5836	0.3123	-0.2206	0.3864	0.5742	-0.7355	-0.3364	-0.1272	0.0055	0.0321	-0.0264	
14.8672	-21.4745	18.6233	0.3122	-0.2206	0.3864	0.5680	-0.7423	-0.3395	-0.1056	0.0061	0.0317	-0.0269	
14.9008	-21.4965	18.6630	0.3122	-0.2206	0.3865	0.5623	-0.7478	-0.3430	-0.0841	0.0067	0.0314	-0.0273	
14.9361	-21.5218	18.7012	0.3124	-0.2207	0.3865	0.5563	-0.7544	-0.3430	-0.0608	0.0073	0.0312	-0.0276	
14.9648	-21.5442	18.7385	0.3123	-0.2207	0.3864	0.5512	-0.7575	-0.3477	-0.0397	0.0080	0.0308	-0.0279	
14.9962	-21.5682	18.7807	0.3123	-0.2208	0.3865	0.5457	-0.7609	-0.3507	-0.0216	0.0085	0.0303	-0.0279	
15.0284	-21.5904	18.8207	0.3123	-0.2208	0.3866	0.5420	-0.7637	-0.3506	0.0016	0.0092	0.0302	-0.0280	
15.0619	-21.6131	18.8565	0.3124	-0.2208	0.3865	0.5406	-0.7644	-0.3504	0.0265	0.0101	0.0302	-0.0279	
15.0913	-21.6336	18.8961	0.3123	-0.2208	0.3865	0.5353	-0.7655	-0.3532	0.0516	0.0110	0.0301	-0.0282	
15.1207	-21.6578	18.9372	0.3123	-0.2208	0.3866	0.5302	-0.7665	-0.3556	0.0709	0.0115	0.0297	-0.0281	
15.1489	-21.6811	18.9767	0.3122	-0.2209	0.3866	0.5285	-0.7658	-0.3555	0.0899	0.0120	0.0295	-0.0278	
15.1796	-21.7029	19.0145	0.3122	-0.2209	0.3866	0.5249	-0.7658	-0.3566	0.1058	0.0123	0.0290	-0.0275	
15.2110	-21.7248	19.0545	0.3122	-0.2209	0.3866	0.5254	-0.7639	-0.3538	0.1245	0.0128	0.0290	-0.0270	
15.2404	-21.7496	19.0932	0.3121	-0.2209	0.3866	0.5258	-0.7615	-0.3489	0.1482	0.0135	0.0293	-0.0265	
15.2716	-21.7720	19.1348	0.3121	-0.2209	0.3867	0.5245	-0.7583	-0.3478	0.1703	0.0142	0.0293	-0.0262	
15.3018	-21.7966	19.1743	0.3121	-0.2210	0.3867	0.5265	-0.7548	-0.3409	0.1920	0.0146	0.0297	-0.0255	
15.3298	-21.8204	19.2131	0.3120	-0.2211	0.3867	0.5262	-0.7509	-0.3377	0.2129	0.0151	0.0298	-0.0250	
15.3610	-21.8439	19.2501	0.3120	-0.2211	0.3867	0.5260	-0.7488	-0.3311	0.2306	0.0152	0.0299	-0.0245	
15.3938	-21.8682	19.2846	0.3120	-0.2212	0.3866	0.5230	-0.7459	-0.3274	0.2510	0.0156	0.0299	-0.0242	
15.4277	-21.8909	19.3227	0.3121	-0.2212	0.3865	0.5234	-0.7410	-0.3209	0.2721	0.0160	0.0302	-0.0237	
15.4573	-21.9131	19.3587	0.3121	-0.2212	0.3865	0.5247	-0.7353	-0.3131	0.2932	0.0163	0.0306	-0.0230	
15.4886	-21.9328	19.3966	0.3121	-0.2211	0.3864	0.5258	-0.7299	-0.3062	0.3118	0.0165	0.0309	-0.0224	
