0.9574	-9.5910	0.4333	0.0000	0.0000	0.0000	0.6016	-0.1954	0.5186	0.5753	0.0000	0.0000	0.0000	
0.7625	-10.1844	0.2953	-0.0193	-0.0588	-0.0137	0.6248	-0.1681	0.5395	0.5415	-0.0208	0.0038	-0.0035	
0.6818	-10.3468	0.2634	-0.0362	-0.0976	-0.0211	0.6443	-0.1560	0.5549	0.5032	-0.0490	0.0060	-0.0155	
0.5992	-10.5675	0.1628	-0.0652	-0.1897	-0.0632	0.6588	-0.0717	0.5572	0.5059	-0.0783	0.0349	0.0334	
0.4986	-10.7631	0.0235	-0.1222	-0.3016	-0.1435	0.6830	-0.0740	0.5648	0.4631	-0.0803	0.0111	0.0067	
0.4100	-10.8475	-0.0036	-0.1772	-0.3424	-0.1549	0.6940	-0.0448	0.5249	0.5004	-0.0498	-0.0018	0.0399	
0.4076	-10.9436	-0.0783	-0.1689	-0.4016	-0.2079	0.7139	0.0079	0.5117	0.4770	-0.0667	0.0021	0.0468	
0.3925	-11.0677	-0.1539	-0.1533	-0.4832	-0.2582	0.7135	0.0054	0.5084	0.4882	-0.0430	-0.0002	0.0387	
0.5125	-11.2491	-0.2644	-0.0095	-0.6205	-0.3405	0.6975	0.0369	0.5082	0.5059	-0.0301	0.0097	0.0430	
0.5371	-11.3162	-0.2297	0.0030	-0.6258	-0.2738	0.7032	0.0904	0.4982	0.4985	-0.0398	0.0146	0.0484	
0.6049	-11.3713	-0.3109	0.0731	-0.6192	-0.3243	0.7044	0.1116	0.5014	0.4910	-0.0382	0.0157	0.0431	
0.5800	-11.3548	-0.3472	0.0290	-0.5425	-0.3270	0.7017	0.1572	0.5017	0.4803	-0.0435	0.0211	0.0443	
0.5935	-11.4284	-0.3742	0.0228	-0.5632	-0.3200	0.7141	0.1845	0.5170	0.4368	-0.0536	0.0230	0.0326	
0.7958	-11.5052	-0.3573	0.2052	-0.5813	-0.2742	0.7206	0.2120	0.5179	0.4095	-0.0559	0.0226	0.0285	
0.8610	-11.5865	-0.3873	0.2444	-0.6006	-0.2764	0.6996	0.2704	0.5103	0.4224	-0.0520	0.0281	0.0385	
0.9489	-11.6880	-0.3787	0.3021	-0.6352	-0.2452	0.6863	0.3074	0.5060	0.4227	-0.0489	0.0299	0.0404	
1.0399	-11.7525	-0.4336	0.3467	-0.6353	-0.2707	0.6925	0.3438	0.4933	0.3983	-0.0526	0.0283	0.0405	
1.0634	-11.7919	-0.4504	0.3388	-0.6189	-0.2593	0.6855	0.3615	0.5086	0.3778	-0.0516	0.0304	0.0339	
1.0968	-11.8889	-0.4351	0.3356	-0.6454	-0.2265	0.6699	0.3960	0.5140	0.3610	-0.0516	0.0335	0.0325	
1.1863	-11.9865	-0.4322	0.3754	-0.6678	-0.2084	0.6561	0.4377	0.5019	0.3547	-0.0510	0.0340	0.0359	
1.2960	-12.0410	-0.4964	0.4240	-0.6619	-0.2342	0.6439	0.4584	0.5180	0.3291	-0.0506	0.0365	0.0310	
1.3750	-12.0915	-0.5317	0.4488	-0.6531	-0.2394	0.6223	0.4896	0.5201	0.3208	-0.0488	0.0383	0.0315	
1.5480	-12.2029	-0.5375	0.5283	-0.6801	-0.2276	0.6094	0.5287	0.5070	0.3023	-0.0501	0.0384	0.0334	
1.7110	-12.3289	-0.5812	0.5959	-0.7151	-0.2393	0.5932	0.5609	0.5006	0.2877	-0.0498	0.0388	0.0341	
1.8127	-12.4117	-0.6634	0.6198	-0.7220	-0.2713	0.5681	0.5980	0.4917	0.2784	-0.0492	0.0398	0.0363	
1.8750	-12.5092	-0.7715	0.6190	-0.7370	-0.3152	0.5451	0.6295	0.4865	0.2640	-0.0488	0.0408	0.0369	
1.9259	-12.5567	-0.7905	0.6126	-0.7242	-0.3063	0.5189	0.6594	0.4814	0.2536	-0.0478	0.0419	0.0376	
2.0169	-12.6603	-0.8098	0.6262	-0.7394	-0.2980	0.4902	0.6978	0.4653	0.2353	-0.0488	0.0431	0.0394	
2.1271	-12.7554	-0.8077	0.6512	-0.7511	-0.2808	0.4662	0.7246	0.4552	0.2245	-0.0480	0.0433	0.0401	
2.1382	-12.7969	-0.8437	0.6241	-0.7377	-0.2819	0.4337	0.7477	0.4548	0.2158	-0.0461	0.0448	0.0401	
2.2660	-12.8915	-0.8382	0.6565	-0.7491	-0.2655	0.4143	0.7651	0.4515	0.1996	-0.0452	0.0450	0.0390	
2.3508	-12.9393	-0.9255	0.6644	-0.7377	-0.2914	0.3864	0.7865	0.4483	0.1768	-0.0452	0.0463	0.0383	
2.4094	-13.0323	-0.9716	0.6602	-0.7486	-0.2963	0.3515	0.8073	0.4447	0.1650	-0.0439	0.0475	0.0386	
2.4901	-13.1339	-0.9827	0.6660	-0.7614	-0.2855	0.3174	0.8280	0.4384	0.1462	-0.0434	0.0489	0.0387	
2.5756	-13.1743	-1.0319	0.6742	-0.7496	-0.2930	0.2864	0.8425	0.4349	0.1417	-0.0415	0.0491	0.0391	
2.6631	-13.2703	-1.0693	0.6824	-0.7603	-0.2950	0.2557	0.8565	0.4298	0.1294	-0.0403	0.0496	0.0391	
2.6872	-13.3567	-1.1251	0.6637	-0.7665	-0.3036	0.2200	0.8712	0.4225	0.1203	-0.0391	0.0501	0.0398	
2.7902	-13.4399	-1.2320	0.6775	-0.7718	-0.3310	0.1804	0.8842	0.4162	0.1127	-0.0377	0.0507	0.0406	
2.8543	-13.5069	-1.2710	0.6755	-0.7701	-0.3314	0.1431	0.8968	0.4051	0.1061	-0.0366	0.0509	0.0416	
2.9289	-13.5667	-1.2985	0.6775	-0.7662	-0.3276	0.1054	0.9073	0.3946	0.1010	-0.0354	0.0511	0.0426	
3.0171	-13.6845	-1.3494	0.6846	-0.7823	-0.3323	0.0659	0.9189	0.3774	0.0929	-0.0349	0.0512	0.0439	
3.1154	-13.7266	-1.3817	0.6944	-0.7728	-0.3300	0.0260	0.9247	0.3701	0.0882	-0.0335	0.0516	0.0446	
3.1390	-13.8642	-1.4314	0.6792	-0.7904	-0.3368	0.0090	-0.9288	-0.3620	-0.0829	-0.0352	0.0511	0.0446	
3.2197	-13.9878	-1.4720	0.6844	-0.8031	-0.3405	0.0449	-0.9335	-0.3478	-0.0756	-0.0364	0.0504	0.0444	
3.2890	-14.1166	-1.5222	0.6853	-0.8171	-0.3463	0.0768	-0.9380	-0.3316	-0.0685	-0.0375	0.0499	0.0444	
3.3765	-14.2187	-1.5437	0.6922	-0.8217	-0.3435	0.1115	-0.9402	-0.3168	-0.0578	-0.0384	0.0488	0.0450	
3.4452	-14.2749	-1.6201	0.6922	-0.8126	-0.3568	0.1399	-0.9440	-0.2949	-0.0492	-0.0392	0.0484	0.0451	
3.5223	-14.3822	-1.6606	0.6954	-0.8184	-0.3593	0.1745	-0.9439	-0.2774	-0.0443	-0.0403	0.0472	0.0459	
3.5958	-14.5107	-1.7088	0.6971	-0.8308	-0.3634	0.2059	-0.9434	-0.2578	-0.0389	-0.0412	0.0462	0.0466	
3.6577	-14.6357	-1.8042	0.6954	-0.8405	-0.3815	0.2391	-0.9397	-0.2430	-0.0378	-0.0423	0.0446	0.0482	
3.7433	-14.7252	-1.8418	0.7007	-0.8402	-0.3818	0.2733	-0.9347	-0.2253	-0.0373	-0.0433	0.0430	0.0497	
3.8309	-14.8134	-1.9055	0.7061	-0.8399	-0.3892	0.3049	-0.9296	-0.2046	-0.0366	-0.0439	0.0417	0.0509	
3.8906	-14.8893	-1.9390	0.7034	-0.8358	-0.3880	0.3400	-0.9208	-0.1894	-0.0383	-0.0444	0.0400	0.0528	
3.9813	-14.9422	-1.9641	0.7092	-0.8265	-0.3843	0.3731	-0.9119	-0.1664	-0.0418	-0.0451	0.0386	0.0542	
4.0699	-15.0033	-2.0266	0.7143	-0.8197	-0.3914	0.4082	-0.9000	-0.1479	-0.0446	-0.0453	0.0373	0.0560	
4.1716	-15.0775	-2.0637	0.7226	-0.8166	-0.3913	0.4459	-0.8841	-0.1318	-0.0530	-0.0456	0.0355	0.0583	
4.2352	-15.1315	-2.0864	0.7204	-0.8084	-0.3871	0.4822	-0.8665	-0.1148	-0.0631	-0.0457	0.0338	0.0604	
4.3245	-15.1908	-2.1540	0.7248	-0.8022	-0.3945	0.5147	-0.8493	-0.0921	-0.0744	-0.0461	0.0323	0.0618	
4.4173	-15.2385	-2.1815	0.7301	-0.7934	-0.3918	0.5511	-0.8268	-0.0774	-0.0850	-0.0457	0.0308	0.0639	
4.4853	-15.2814	-2.2284	0.7288	-0.7838	-0.3941	0.5842	-0.8043	-0.0610	-0.0930	-0.0452	0.0298	0.0653	
4.5806	-15.3072	-2.2832	0.7344	-0.7706	-0.3984	0.6173	-0.7790	-0.0447	-0.1023	-0.0447	0.0288	0.0668	
4.6652	-15.3080	-2.3306	0.7370	-0.7516	-0.4004	0.6508	-0.7496	-0.0331	-0.1195	-0.0441	0.0270	0.0686	
4.7442	-15.3313	-2.3745	0.7381	-0.7388	-0.4015	0.6817	-0.7195	-0.0230	-0.1342	-0.0432	0.0255	0.0701	
4.8338	-15.3439	-2.4303	0.7416	-0.7240	-0.4053	0.7104	-0.6878	-0.0132	-0.1515	-0.0423	0.0240	0.0714	
4.9264	-15.3866	-2.4991	0.7459	-0.7168	-0.4122	0.7375	-0.6563	-0.0036	-0.1619	-0.0411	0.0231	0.0724	
5.0209	-15.4216	-2.5341	0.7503	-0.7081	-0.4109	0.7594	-0.6269	0.0088	-0.1762	-0.0403	0.0219	0.0728	
5.1279	-15.4480	-2.5671	0.7576	-0.6976	-0.4094	0.7811	-0.5970	0.0148	-0.1857	-0.0387	0.0210	0.0731	
5.2352	-15.4670	-2.6151	0.7646	-0.6859	-0.4114	0.8027	-0.5644	0.0160	-0.1958	-0.0369	0.0200	0.0736	
5.3620	-15.5051	-2.6126	0.7754	-0.6790	-0.4018	0.8216	-0.5290	0.0170	-0.2148	-0.0354	0.0183	0.0743	
5.4723	-15.5434	-2.6495	0.7823	-0.6727	-0.4012	0.8404	-0.4915	0.0188	-0.2301	-0.0339	0.0170	0.0751	
5.5935	-15.5837	-2.6700	0.7912	-0.6668	-0.3970	0.8537	-0.4579	0.0274	-0.2479	-0.0331	0.0157	0.0754	
5.6895	-15.6151	-2.7009	0.7945	-0.6594	-0.3953	0.8671	-0.4231	0.0321	-0.2626	-0.0319	0.0145	0.0757	
5.7958	-15.6537	-2.7239	0.8000	-0.6538	-0.3920	0.8798	-0.3878	0.0291	-0.2761	-0.0301	0.0132	0.0759	
5.9068	-15.6900	-2.7600	0.8062	-0.6481	-0.3914	0.8917	-0.3473	0.0355	-0.2887	-0.0290	0.0122	0.0766	
5.9975	-15.7413	-2.7938	0.8083	-0.6454	-0.3905	0.9017	-0.3133	0.0415	-0.2966	-0.0279	0.0116	0.0766	
6.1244	-15.7841	-2.8111	0.8172	-0.6413	-0.3862	0.9083	-0.2744	0.0451	-0.3135	-0.0268	0.0102	0.0771	
6.2300	-15.8550	-2.8079	0.8217	-0.6429	-0.3779	0.9140	-0.2372	0.0493	-0.3264	-0.0258	0.0091	0.0773	
6.3493	-15.8689	-2.8092	0.8288	-0.6333	-0.3709	0.9182	-0.1986	0.0528	-0.3394	-0.0247	0.0080	0.0776	
6.4295	-15.9110	-2.8393	0.8282	-0.6296	-0.3696	0.9216	-0.1603	0.0544	-0.3503	-0.0236	0.0069	0.0778	
6.5295	-15.9826	-2.8640	0.8314	-0.6314	-0.3673	0.9232	-0.1269	0.0589	-0.3591	-0.0226	0.0059	0.0775	
6.6289	-16.0333	-2.8744	0.8342	-0.6294	-0.3623	0.9228	-0.0853	0.0610	-0.3713	-0.0216	0.0046	0.0780	
6.7403	-16.0776	-2.9075	0.8393	-0.6262	-0.3618	0.9214	-0.0474	0.0656	-0.3807	-0.0208	0.0037	0.0781	
6.8149	-16.1315	-2.9511	0.8376	-0.6249	-0.3632	0.9197	-0.0120	0.0655	-0.3881	-0.0197	0.0025	0.0779	
6.9141	-16.2001	-2.9473	0.8403	-0.6264	-0.3558	0.9143	0.0317	0.0707	-0.3975	-0.0190	0.0014	0.0785	
6.9965	-16.2371	-2.9474	0.8399	-0.6222	-0.3495	0.9087	0.0677	0.0702	-0.4069	-0.0181	0.0001	0.0783	
7.0852	-16.3184	-2.9833	0.8405	-0.6258	-0.3497	0.9014	0.0989	0.0690	-0.4173	-0.0173	-0.0014	0.0778	
7.1753	-16.3656	-3.0062	0.8415	-0.6235	-0.3476	0.8921	0.1385	0.0706	-0.4245	-0.0166	-0.0026	0.0780	
7.2686	-16.4228	-3.0395	0.8431	-0.6228	-0.3473	0.8823	0.1745	0.0738	-0.4313	-0.0161	-0.0036	0.0779	
7.3595	-16.4980	-3.0517	0.8441	-0.6254	-0.3434	0.8716	0.2119	0.0750	-0.4361	-0.0153	-0.0048	0.0779	
7.4666	-16.5380	-3.0746	0.8480	-0.6219	-0.3415	0.8572	0.2533	0.0763	-0.4418	-0.0148	-0.0061	0.0782	
7.5662	-16.6075	-3.0974	0.8503	-0.6234	-0.3395	0.8399	0.2932	0.0766	-0.4504	-0.0145	-0.0077	0.0783	
7.6605	-16.6603	-3.1289	0.8518	-0.6222	-0.3391	0.8230	0.3299	0.0754	-0.4566	-0.0141	-0.0091	0.0782	
7.7490	-16.7229	-3.1693	0.8523	-0.6225	-0.3401	0.8045	0.3677	0.0765	-0.4603	-0.0138	-0.0104	0.0783	
7.8301	-16.7934	-3.2074	0.8517	-0.6241	-0.3407	0.7871	0.4008	0.0755	-0.4633	-0.0134	-0.0116	0.0780	
7.9243	-16.8580	-3.2211	0.8531	-0.6247	-0.3374	0.7657	0.4375	0.0767	-0.4652	-0.0131	-0.0128	0.0780	
8.0004	-16.9253	-3.2380	0.8517	-0.6258	-0.3347	0.7458	0.4693	0.0740	-0.4676	-0.0128	-0.0141	0.0776	
8.0964	-16.9789	-3.2608	0.8534	-0.6246	-0.3330	0.7234	0.5020	0.0736	-0.4685	-0.0127	-0.0152	0.0774	
8.1817	-17.0192	-3.3085	0.8535	-0.6214	-0.3353	0.7005	0.5320	0.0733	-0.4704	-0.0127	-0.0162	0.0770	
8.2823	-17.0586	-3.3386	0.8560	-0.6184	-0.3348	0.6794	0.5594	0.0653	-0.4715	-0.0125	-0.0177	0.0763	
8.3846	-17.1154	-3.3738	0.8587	-0.6179	-0.3350	0.6536	0.5918	0.0584	-0.4686	-0.0123	-0.0193	0.0760	
8.4727	-17.1729	-3.4061	0.8592	-0.6176	-0.3348	0.6279	0.6214	0.0519	-0.4662	-0.0122	-0.0208	0.0756	
8.5645	-17.2258	-3.4303	0.8602	-0.6165	-0.3334	0.6035	0.6468	0.0473	-0.4646	-0.0122	-0.0218	0.0750	
8.6630	-17.2893	-3.4649	0.8621	-0.6171	-0.3335	0.5753	0.6736	0.0406	-0.4627	-0.0124	-0.0232	0.0745	
8.7506	-17.3677	-3.5003	0.8625	-0.6199	-0.3337	0.5451	0.6994	0.0309	-0.4618	-0.0128	-0.0248	0.0739	
8.8523	-17.4332	-3.5463	0.8650	-0.6207	-0.3355	0.5135	0.7236	0.0204	-0.4614	-0.0134	-0.0265	0.0732	
8.9455	-17.5132	-3.5977	0.8661	-0.6235	-0.3380	0.4834	0.7466	0.0129	-0.4574	-0.0137	-0.0277	0.0726	
9.0567	-17.5791	-3.6174	0.8697	-0.6242	-0.3359	0.4516	0.7688	0.0035	-0.4531	-0.0141	-0.0291	0.0720	
9.1586	-17.6597	-3.6421	0.8720	-0.6270	-0.3346	0.4183	0.7887	-0.0030	-0.4509	-0.0147	-0.0301	0.0714	
9.2444	-17.7485	-3.6762	0.8720	-0.6310	-0.3346	0.3844	0.8061	-0.0144	-0.4504	-0.0157	-0.0314	0.0704	
9.3385	-17.8242	-3.7233	0.8731	-0.6329	-0.3364	0.3503	0.8232	-0.0242	-0.4467	-0.0165	-0.0325	0.0697	
9.4287	-17.8951	-3.7629	0.8737	-0.6342	-0.3371	0.3139	0.8390	-0.0320	-0.4437	-0.0174	-0.0334	0.0691	
9.5196	-17.9665	-3.8035	0.8745	-0.6355	-0.3379	0.2781	0.8521	-0.0427	-0.4419	-0.0186	-0.0343	0.0682	
9.6020	-18.0317	-3.8323	0.8741	-0.6361	-0.3372	0.2406	0.8647	-0.0584	-0.4377	-0.0197	-0.0356	0.0673	
9.6928	-18.0996	-3.8683	0.8748	-0.6369	-0.3373	0.1996	0.8770	-0.0704	-0.4316	-0.0209	-0.0367	0.0668	
9.7684	-18.1764	-3.9153	0.8735	-0.6388	-0.3390	0.1625	0.8864	-0.0817	-0.4263	-0.0219	-0.0375	0.0660	
9.8416	-18.2330	-3.9506	0.8719	-0.6381	-0.3391	0.1228	0.8941	-0.0907	-0.4214	-0.0230	-0.0380	0.0654	
9.9304	-18.3059	-3.9894	0.8723	-0.6395	-0.3397	0.0857	0.8990	-0.1022	-0.4180	-0.0243	-0.0385	0.0645	
10.0089	-18.3937	-4.0467	0.8715	-0.6428	-0.3424	0.0398	0.9022	-0.1135	-0.4144	-0.0261	-0.0391	0.0640	
10.1388	-18.4699	-4.0975	0.8766	-0.6440	-0.3446	-0.0003	0.9040	-0.1263	-0.4091	-0.0244	-0.0389	0.0646	
10.2190	-18.5357	-4.1358	0.8760	-0.6444	-0.3450	0.0413	-0.9039	0.1355	0.4039	-0.0257	-0.0392	0.0640	
10.3055	-18.6010	-4.1821	0.8761	-0.6447	-0.3464	0.0828	-0.9016	0.1419	0.4006	-0.0272	-0.0392	0.0634	
10.3914	-18.6756	-4.2422	0.8761	-0.6461	-0.3495	0.1240	-0.8985	0.1495	0.3940	-0.0286	-0.0393	0.0629	
10.4629	-18.7308	-4.2955	0.8743	-0.6451	-0.3516	0.1677	-0.8950	0.1532	0.3837	-0.0295	-0.0395	0.0628	
10.5487	-18.7890	-4.3397	0.8743	-0.6445	-0.3527	0.2042	-0.8901	0.1604	0.3752	-0.0304	-0.0396	0.0621	
10.6217	-18.8563	-4.3675	0.8728	-0.6450	-0.3517	0.2463	-0.8815	0.1695	0.3656	-0.0318	-0.0398	0.0617	
10.7001	-18.9180	-4.4151	0.8720	-0.6449	-0.3532	0.2843	-0.8716	0.1764	0.3590	-0.0330	-0.0395	0.0612	
10.7850	-18.9688	-4.4606	0.8719	-0.6434	-0.3543	0.3230	-0.8608	0.1820	0.3489	-0.0340	-0.0395	0.0608	
10.8709	-19.0253	-4.5015	0.8719	-0.6426	-0.3550	0.3583	-0.8486	0.1907	0.3401	-0.0351	-0.0393	0.0601	
10.9513	-19.0734	-4.5618	0.8713	-0.6409	-0.3579	0.3949	-0.8337	0.1933	0.3348	-0.0361	-0.0385	0.0598	
11.0450	-19.1323	-4.6031	0.8723	-0.6404	-0.3585	0.4301	-0.8178	0.2026	0.3249	-0.0373	-0.0384	0.0591	
11.1352	-19.1909	-4.6576	0.8728	-0.6399	-0.3606	0.4657	-0.8011	0.2093	0.3127	-0.0384	-0.0382	0.0587	
11.2210	-19.2412	-4.6860	0.8728	-0.6385	-0.3598	0.4977	-0.7830	0.2208	0.3019	-0.0395	-0.0381	0.0579	
11.3036	-19.3049	-4.7385	0.8724	-0.6387	-0.3616	0.5307	-0.7613	0.2289	0.2949	-0.0408	-0.0374	0.0574	
11.3804	-19.3610	-4.7790	0.8714	-0.6379	-0.3621	0.5631	-0.7404	0.2331	0.2839	-0.0416	-0.0371	0.0570	
11.4683	-19.4208	-4.8205	0.8716	-0.6376	-0.3627	0.5935	-0.7183	0.2397	0.2737	-0.0425	-0.0366	0.0565	
11.5381	-19.4809	-4.8621	0.8698	-0.6373	-0.3633	0.6202	-0.6964	0.2500	0.2619	-0.0435	-0.0363	0.0556	
11.6178	-19.5389	-4.9056	0.8692	-0.6368	-0.3641	0.6491	-0.6701	0.2608	0.2491	-0.0448	-0.0361	0.0550	
11.6855	-19.6006	-4.9447	0.8672	-0.6366	-0.3643	0.6741	-0.6451	0.2726	0.2362	-0.0460	-0.0358	0.0540	
11.7713	-19.6419	-4.9859	0.8672	-0.6343	-0.3649	0.7025	-0.6150	0.2793	0.2249	-0.0471	-0.0352	0.0538	
11.8610	-19.6940	-5.0329	0.8676	-0.6332	-0.3660	0.7276	-0.5836	0.2927	0.2120	-0.0487	-0.0347	0.0530	
11.9359	-19.7627	-5.0765	0.8665	-0.6338	-0.3667	0.7465	-0.5578	0.3030	0.2025	-0.0496	-0.0340	0.0520	
12.0008	-19.8196	-5.1124	0.8643	-0.6332	-0.3666	0.7672	-0.5255	0.3143	0.1930	-0.0509	-0.0332	0.0512	
12.0620	-19.8772	-5.1500	0.8617	-0.6327	-0.3667	0.7851	-0.4940	0.3272	0.1833	-0.0521	-0.0324	0.0503	
12.1402	-19.9242	-5.2017	0.8610	-0.6310	-0.3683	0.8023	-0.4613	0.3396	0.1700	-0.0535	-0.0317	0.0493	
12.2227	-19.9828	-5.2410	0.8607	-0.6306	-0.3685	0.8190	-0.4270	0.3492	0.1608	-0.0546	-0.0307	0.0487	
12.2978	-20.0403	-5.2831	0.8597	-0.6302	-0.3691	0.8352	-0.3912	0.3567	0.1512	-0.0557	-0.0297	0.0483	
12.3751	-20.0896	-5.3233	0.8588	-0.6288	-0.3694	0.8491	-0.3539	0.3682	0.1371	-0.0572	-0.0289	0.0476	
12.4393	-20.1358	-5.3543	0.8567	-0.6272	-0.3688	0.8618	-0.3147	0.3777	0.1276	-0.0584	-0.0278	0.0471	
12.5185	-20.1895	-5.4054	0.8561	-0.6263	-0.3702	0.8727	-0.2784	0.3842	0.1190	-0.0592	-0.0266	0.0467	
12.5850	-20.2464	-5.4363	0.8543	-0.6258	-0.3696	0.8805	-0.2398	0.3947	0.1116	-0.0604	-0.0252	0.0460	
12.6583	-20.2924	-5.4696	0.8531	-0.6241	-0.3692	0.8876	-0.2022	0.4026	0.0995	-0.0615	-0.0242	0.0454	
12.7380	-20.3453	-5.4922	0.8526	-0.6232	-0.3678	0.8957	-0.1633	0.4047	0.0870	-0.0622	-0.0233	0.0452	
12.8062	-20.3946	-5.5069	0.8510	-0.6221	-0.3656	0.9033	-0.1203	0.4050	0.0767	-0.0630	-0.0223	0.0453	
12.8762	-20.4569	-5.5309	0.8496	-0.6221	-0.3643	0.9062	-0.0846	0.4099	0.0680	-0.0636	-0.0210	0.0448	
12.9440	-20.5125	-5.5499	0.8480	-0.6215	-0.3627	0.9096	-0.0450	0.4095	0.0589	-0.0641	-0.0200	0.0448	
13.0250	-20.5609	-5.5727	0.8476	-0.6202	-0.3613	0.9093	-0.0063	0.4143	0.0465	-0.0649	-0.0187	0.0443	
13.0925	-20.6208	-5.5938	0.8460	-0.6201	-0.3598	0.9087	0.0342	0.4151	0.0381	-0.0655	-0.0174	0.0442	
13.1587	-20.6861	-5.6056	0.8442	-0.6204	-0.3574	0.9050	0.0759	0.4183	0.0257	-0.0665	-0.0161	0.0439	
13.2341	-20.7350	-5.6203	0.8434	-0.6192	-0.3554	0.8986	0.1181	0.4231	0.0144	-0.0675	-0.0145	0.0436	
13.3161	-20.8089	-5.6508	0.8431	-0.6203	-0.3548	0.8921	0.1586	0.4238	0.0044	-0.0680	-0.0131	0.0436	
13.3921	-20.8709	-5.6683	0.8423	-0.6203	-0.3531	0.8832	0.1998	0.4252	-0.0035	-0.0686	-0.0115	0.0436	
13.4556	-20.9391	-5.6828	0.8404	-0.6210	-0.3510	0.8723	0.2365	0.4294	-0.0096	-0.0689	-0.0096	0.0432	
13.5429	-21.0038	-5.6999	0.8407	-0.6212	-0.3493	0.8580	0.2790	0.4319	-0.0169	-0.0695	-0.0076	0.0433	
13.6206	-21.0640	-5.7213	0.8400	-0.6211	-0.3479	0.8408	0.3243	0.4340	-0.0203	-0.0701	-0.0053	0.0438	
13.7048	-21.1306	-5.7468	0.8400	-0.6215	-0.3470	0.8220	0.3676	0.4348	-0.0280	-0.0708	-0.0034	0.0440	
13.7874	-21.2030	-5.7813	0.8398	-0.6224	-0.3469	0.8011	0.4107	0.4350	-0.0333	-0.0712	-0.0013	0.0445	
13.8742	-21.2736	-5.8067	0.8400	-0.6232	-0.3459	0.7805	0.4500	0.4336	-0.0362	-0.0711	0.0007	0.0449	
13.9587	-21.3468	-5.8296	0.8399	-0.6242	-0.3447	0.7560	0.4887	0.4347	-0.0407	-0.0713	0.0029	0.0452	
14.0463	-21.4146	-5.8568	0.8401	-0.6247	-0.3440	0.7296	0.5276	0.4342	-0.0421	-0.0712	0.0051	0.0458	
14.1180	-21.4859	-5.8740	0.8390	-0.6255	-0.3423	0.7008	0.5681	0.4305	-0.0400	-0.0709	0.0074	0.0468	
14.1975	-21.5542	-5.9030	0.8385	-0.6260	-0.3418	0.6709	0.6068	0.4248	-0.0418	-0.0708	0.0093	0.0477	
14.2709	-21.6168	-5.9210	0.8374	-0.6260	-0.3403	0.6376	0.6456	0.4198	-0.0375	-0.0704	0.0117	0.0489	
14.3497	-21.6865	-5.9454	0.8369	-0.6266	-0.3393	0.6015	0.6846	0.4099	-0.0406	-0.0705	0.0135	0.0501	
14.4295	-21.7569	-5.9644	0.8365	-0.6273	-0.3379	0.5669	0.7201	0.3985	-0.0398	-0.0701	0.0151	0.0513	
14.5209	-21.8363	-5.9942	0.8370	-0.6287	-0.3374	0.5252	0.7571	0.3866	-0.0396	-0.0699	0.0169	0.0528	
14.5969	-21.9171	-6.0211	0.8362	-0.6303	-0.3367	0.4839	0.7894	0.3760	-0.0415	-0.0696	0.0187	0.0540	
14.6714	-21.9957	-6.0558	0.8352	-0.6316	-0.3367	0.4428	0.8190	0.3627	-0.0434	-0.0693	0.0202	0.0551	
14.7651	-22.0842	-6.0903	0.8360	-0.6337	-0.3367	0.4005	0.8474	0.3455	-0.0449	-0.0689	0.0212	0.0564	
14.8545	-22.1733	-6.1279	0.8363	-0.6359	-0.3369	0.3562	0.8729	0.3304	-0.0462	-0.0684	0.0225	0.0576	
14.9224	-22.2560	-6.1553	0.8348	-0.6375	-0.3362	0.3081	0.8979	0.3117	-0.0419	-0.0677	0.0238	0.0594	
15.0029	-22.3296	-6.1937	0.8344	-0.6383	-0.3365	0.2625	0.9182	0.2940	-0.0412	-0.0671	0.0247	0.0607	
15.0781	-22.4061	-6.2336	0.8336	-0.6393	-0.3369	0.2141	0.9363	0.2749	-0.0432	-0.0667	0.0258	0.0619	
15.1607	-22.4826	-6.2762	0.8334	-0.6404	-0.3375	0.1634	0.9518	0.2551	-0.0453	-0.0664	0.0268	0.0632	
15.2415	-22.5705	-6.3277	0.8330	-0.6423	-0.3389	0.1146	0.9644	0.2333	-0.0476	-0.0660	0.0274	0.0643	
15.3270	-22.6438	-6.3670	0.8331	-0.6430	-0.3392	0.0684	0.9731	0.2168	-0.0458	-0.0650	0.0281	0.0654	
15.3726	-22.7450	-6.3790	0.8302	-0.6461	-0.3375	0.0201	0.9790	0.2000	-0.0420	-0.0663	0.0265	0.0644	
15.4583	-22.8120	-6.4274	0.8303	-0.6462	-0.3386	0.0245	-0.9834	-0.1766	0.0380	-0.0655	0.0266	0.0655	
15.5329	-22.8866	-6.4634	0.8295	-0.6470	-0.3387	0.0702	-0.9851	-0.1538	0.0357	-0.0648	0.0269	0.0666	
15.6098	-22.9564	-6.5066	0.8289	-0.6474	-0.3394	0.1159	-0.9842	-0.1310	0.0325	-0.0641	0.0271	0.0676	
15.6806	-23.0220	-6.5478	0.8278	-0.6475	-0.3399	0.1590	-0.9810	-0.1107	0.0284	-0.0631	0.0271	0.0685	
15.7555	-23.0866	-6.5892	0.8271	-0.6475	-0.3404	0.2040	-0.9745	-0.0918	0.0276	-0.0623	0.0276	0.0693	
15.8332	-23.1484	-6.6301	0.8266	-0.6472	-0.3409	0.2473	-0.9663	-0.0708	0.0239	-0.0616	0.0276	0.0702	
15.9098	-23.2174	-6.6849	0.8260	-0.6476	-0.3424	0.2913	-0.9554	-0.0477	0.0188	-0.0609	0.0275	0.0712	
15.9873	-23.2756	-6.7320	0.8255	-0.6470	-0.3434	0.3280	-0.9447	-0.0291	0.0139	-0.0599	0.0272	0.0716	
16.0670	-23.3342	-6.7698	0.8252	-0.6466	-0.3436	0.3648	-0.9314	-0.0100	0.0114	-0.0592	0.0271	0.0719	
16.1451	-23.3982	-6.8189	0.8247	-0.6465	-0.3447	0.4034	-0.9152	0.0104	0.0060	-0.0584	0.0268	0.0726	
16.2271	-23.4558	-6.8588	0.8246	-0.6459	-0.3451	0.4435	-0.8959	0.0314	-0.0005	-0.0577	0.0266	0.0735	
16.2974	-23.5183	-6.9028	0.8236	-0.6458	-0.3457	0.4784	-0.8772	0.0498	-0.0068	-0.0568	0.0262	0.0740	
16.3681	-23.5810	-6.9458	0.8226	-0.6456	-0.3464	0.5143	-0.8557	0.0643	-0.0129	-0.0557	0.0260	0.0746	
16.4459	-23.6466	-6.9835	0.8222	-0.6457	-0.3466	0.5493	-0.8322	0.0790	-0.0188	-0.0546	0.0258	0.0753	
16.5255	-23.7000	-7.0330	0.8219	-0.6448	-0.3476	0.5818	-0.8086	0.0909	-0.0271	-0.0534	0.0254	0.0758	
16.6008	-23.7589	-7.0803	0.8213	-0.6444	-0.3486	0.6167	-0.7803	0.1026	-0.0350	-0.0522	0.0252	0.0767	
16.6759	-23.8100	-7.1258	0.8207	-0.6434	-0.3493	0.6493	-0.7514	0.1138	-0.0434	-0.0510	0.0249	0.0774	
16.7591	-23.8665	-7.1725	0.8207	-0.6428	-0.3502	0.6793	-0.7220	0.1255	-0.0503	-0.0499	0.0246	0.0780	
16.8465	-23.9275	-7.2123	0.8211	-0.6426	-0.3506	0.7060	-0.6934	0.1372	-0.0560	-0.0488	0.0244	0.0783	
16.9372	-23.9802	-7.2512	0.8217	-0.6417	-0.3509	0.7327	-0.6614	0.1496	-0.0635	-0.0478	0.0241	0.0788	
17.0191	-24.0304	-7.2962	0.8216	-0.6407	-0.3516	0.7586	-0.6267	0.1632	-0.0759	-0.0470	0.0232	0.0796	
17.1061	-24.0776	-7.3385	0.8219	-0.6394	-0.3521	0.7829	-0.5940	0.1692	-0.0834	-0.0455	0.0228	0.0801	
17.1911	-24.1262	-7.3691	0.8220	-0.6383	-0.3518	0.8036	-0.5626	0.1756	-0.0912	-0.0442	0.0223	0.0804	
17.2750	-24.1826	-7.4080	0.8221	-0.6378	-0.3521	0.8254	-0.5260	0.1818	-0.1003	-0.0428	0.0216	0.0811	
17.3611	-24.2346	-7.4474	0.8223	-0.6369	-0.3524	0.8455	-0.4885	0.1878	-0.1101	-0.0416	0.0209	0.0817	
17.4517	-24.2755	-7.4809	0.8229	-0.6353	-0.3523	0.8628	-0.4529	0.1934	-0.1189	-0.0403	0.0202	0.0821	
17.5330	-24.3225	-7.5105	0.8228	-0.6340	-0.3520	0.8802	-0.4140	0.1954	-0.1297	-0.0388	0.0192	0.0829	
17.6371	-24.3772	-7.5396	0.8243	-0.6334	-0.3516	0.8959	-0.3774	0.1919	-0.1409	-0.0369	0.0181	0.0835	
17.7376	-24.4344	-7.5664	0.8255	-0.6329	-0.3511	0.9102	-0.3408	0.1864	-0.1502	-0.0347	0.0170	0.0841	
17.8247	-24.4881	-7.5936	0.8258	-0.6322	-0.3506	0.9219	-0.3044	0.1828	-0.1604	-0.0330	0.0157	0.0845	
17.9192	-24.5437	-7.6256	0.8266	-0.6316	-0.3504	0.9313	-0.2658	0.1815	-0.1740	-0.0316	0.0142	0.0850	
18.0250	-24.6001	-7.6522	0.8281	-0.6311	-0.3499	0.9399	-0.2267	0.1779	-0.1870	-0.0301	0.0126	0.0855	
18.1227	-24.6635	-7.6660	0.8291	-0.6311	-0.3485	0.9461	-0.1883	0.1765	-0.1988	-0.0288	0.0112	0.0858	
18.2202	-24.7154	-7.6960	0.8301	-0.6303	-0.3482	0.9507	-0.1497	0.1729	-0.2123	-0.0275	0.0094	0.0861	
18.3083	-24.7750	-7.7244	0.8304	-0.6300	-0.3478	0.9542	-0.1084	0.1674	-0.2256	-0.0262	0.0075	0.0865	
18.3960	-24.8302	-7.7536	0.8307	-0.6294	-0.3475	0.9553	-0.0659	0.1626	-0.2397	-0.0251	0.0056	0.0870	
18.4920	-24.8904	-7.7793	0.8316	-0.6292	-0.3469	0.9552	-0.0251	0.1568	-0.2519	-0.0239	0.0037	0.0872	
18.5865	-24.9400	-7.8030	0.8324	-0.6282	-0.3462	0.9530	0.0204	0.1503	-0.2635	-0.0228	0.0018	0.0878	
18.6680	-25.0030	-7.8277	0.8323	-0.6282	-0.3456	0.9494	0.0635	0.1473	-0.2712	-0.0219	0.0003	0.0880	
18.7619	-25.0643	-7.8451	0.8330	-0.6280	-0.3445	0.9429	0.1086	0.1392	-0.2835	-0.0209	-0.0019	0.0885	
18.8509	-25.1221	-7.8672	0.8334	-0.6277	-0.3438	0.9335	0.1521	0.1327	-0.2974	-0.0203	-0.0040	0.0887	
18.9355	-25.1903	-7.8951	0.8335	-0.6280	-0.3434	0.9239	0.1917	0.1238	-0.3089	-0.0195	-0.0062	0.0885	
19.0200	-25.2526	-7.9184	0.8336	-0.6279	-0.3427	0.9109	0.2367	0.1199	-0.3163	-0.0190	-0.0077	0.0888	
19.1106	-25.3172	-7.9406	0.8341	-0.6280	-0.3419	0.8963	0.2806	0.1145	-0.3240	-0.0185	-0.0094	0.0889	
19.1962	-25.3783	-7.9641	0.8343	-0.6278	-0.3413	0.8801	0.3201	0.1082	-0.3344	-0.0182	-0.0113	0.0887	
19.2801	-25.4381	-7.9958	0.8344	-0.6276	-0.3411	0.8617	0.3608	0.1022	-0.3423	-0.0179	-0.0130	0.0886	
19.3632	-25.5057	-8.0267	0.8344	-0.6279	-0.3410	0.8443	0.3986	0.0944	-0.3465	-0.0173	-0.0146	0.0882	
19.4445	-25.5669	-8.0482	0.8343	-0.6277	-0.3402	0.8222	0.4369	0.0854	-0.3556	-0.0173	-0.0166	0.0879	
19.5305	-25.6290	-8.0731	0.8345	-0.6276	-0.3396	0.7998	0.4736	0.0790	-0.3610	-0.0171	-0.0181	0.0876	
19.6147	-25.6875	-8.1070	0.8346	-0.6273	-0.3396	0.7737	0.5132	0.0735	-0.3642	-0.0170	-0.0195	0.0875	
19.6993	-25.7565	-8.1371	0.8347	-0.6277	-0.3394	0.7484	0.5481	0.0671	-0.3681	-0.0170	-0.0209	0.0871	
19.7772	-25.8169	-8.1723	0.8344	-0.6275	-0.3395	0.7188	0.5839	0.0580	-0.3732	-0.0172	-0.0227	0.0868	
19.8580	-25.8791	-8.2125	0.8343	-0.6274	-0.3399	0.6910	0.6156	0.0490	-0.3765	-0.0174	-0.0242	0.0861	
19.9437	-25.9374	-8.2413	0.8345	-0.6271	-0.3396	0.6615	0.6470	0.0414	-0.3776	-0.0174	-0.0255	0.0856	
20.0263	-26.0048	-8.2737	0.8345	-0.6274	-0.3395	0.6268	0.6794	0.0326	-0.3803	-0.0179	-0.0270	0.0853	
20.1134	-26.0726	-8.3013	0.8348	-0.6277	-0.3392	0.5952	0.7080	0.0220	-0.3801	-0.0180	-0.0285	0.0847	
20.1928	-26.1299	-8.3346	0.8346	-0.6273	-0.3392	0.5644	0.7346	0.0114	-0.3773	-0.0179	-0.0298	0.0840	
20.2727	-26.1911	-8.3633	0.8345	-0.6272	-0.3388	0.5330	0.7585	0.0018	-0.3759	-0.0181	-0.0309	0.0831	
20.3538	-26.2534	-8.3937	0.8344	-0.6272	-0.3386	0.4973	0.7820	-0.0112	-0.3764	-0.0187	-0.0324	0.0823	
20.4374	-26.3129	-8.4266	0.8345	-0.6270	-0.3386	0.4603	0.8031	-0.0242	-0.3785	-0.0196	-0.0338	0.0814	
20.5164	-26.3796	-8.4565	0.8343	-0.6272	-0.3384	0.4248	0.8230	-0.0364	-0.3761	-0.0201	-0.0350	0.0805	
20.5941	-26.4427	-8.4960	0.8340	-0.6272	-0.3387	0.3879	0.8401	-0.0499	-0.3769	-0.0210	-0.0363	0.0794	
20.6831	-26.5023	-8.5312	0.8345	-0.6270	-0.3388	0.3517	0.8544	-0.0666	-0.3781	-0.0221	-0.0376	0.0781	
20.7635	-26.5636	-8.5583	0.8344	-0.6269	-0.3384	0.3134	0.8682	-0.0791	-0.3773	-0.0231	-0.0385	0.0771	
20.8451	-26.6217	-8.6008	0.8343	-0.6266	-0.3389	0.2777	0.8792	-0.0920	-0.3776	-0.0242	-0.0393	0.0758	
20.9325	-26.6932	-8.6347	0.8346	-0.6272	-0.3389	0.2378	0.8903	-0.1046	-0.3748	-0.0251	-0.0402	0.0749	
21.0145	-26.7525	-8.6770	0.8346	-0.6270	-0.3394	0.1995	0.8977	-0.1176	-0.3762	-0.0266	-0.0408	0.0736	
21.0987	-26.8136	-8.7141	0.8347	-0.6269	-0.3396	0.1632	0.9040	-0.1290	-0.3748	-0.0276	-0.0412	0.0725	
21.1750	-26.8719	-8.7597	0.8344	-0.6266	-0.3403	0.1250	0.9087	-0.1401	-0.3741	-0.0288	-0.0415	0.0714	
21.2517	-26.9318	-8.7907	0.8341	-0.6265	-0.3401	0.0857	0.9115	-0.1519	-0.3735	-0.0301	-0.0417	0.0703	
21.3329	-26.9866	-8.8250	0.8340	-0.6261	-0.3402	0.0503	0.9114	-0.1625	-0.3767	-0.0316	-0.0415	0.0690	
21.4335	-27.0435	-8.8661	0.8349	-0.6257	-0.3406	0.0127	0.9132	-0.1729	-0.3696	-0.0305	-0.0416	0.0697	
21.5181	-27.0926	-8.8980	0.8351	-0.6250	-0.3405	0.0230	-0.9133	0.1817	0.3650	-0.0312	-0.0416	0.0687	
21.6023	-27.1545	-8.9369	0.8351	-0.6249	-0.3407	0.0632	-0.9130	0.1897	0.3560	-0.0318	-0.0419	0.0681	
21.6869	-27.2060	-8.9693	0.8352	-0.6243	-0.3406	0.1001	-0.9096	0.1985	0.3523	-0.0328	-0.0418	0.0671	
21.7718	-27.2631	-9.0093	0.8354	-0.6240	-0.3410	0.1396	-0.9042	0.2060	0.3480	-0.0339	-0.0415	0.0665	
21.8561	-27.3218	-9.0407	0.8354	-0.6238	-0.3408	0.1754	-0.8968	0.2153	0.3458	-0.0350	-0.0412	0.0655	
21.9361	-27.3788	-9.0739	0.8353	-0.6236	-0.3408	0.2116	-0.8897	0.2230	0.3384	-0.0357	-0.0411	0.0647	
22.0169	-27.4309	-9.0989	0.8352	-0.6230	-0.3403	0.2475	-0.8811	0.2291	0.3326	-0.0364	-0.0407	0.0641	
22.1040	-27.4873	-9.1382	0.8354	-0.6227	-0.3406	0.2808	-0.8723	0.2350	0.3252	-0.0369	-0.0404	0.0633	
22.1863	-27.5470	-9.1795	0.8354	-0.6226	-0.3410	0.3196	-0.8601	0.2414	0.3162	-0.0378	-0.0404	0.0628	
22.2722	-27.6013	-9.2090	0.8355	-0.6221	-0.3408	0.3552	-0.8452	0.2491	0.3133	-0.0389	-0.0397	0.0622	
22.3530	-27.6550	-9.2455	0.8354	-0.6217	-0.3409	0.3905	-0.8292	0.2574	0.3069	-0.0399	-0.0393	0.0615	
22.4380	-27.7085	-9.2814	0.8355	-0.6212	-0.3410	0.4223	-0.8122	0.2691	0.3010	-0.0410	-0.0389	0.0605	
22.5174	-27.7670	-9.3169	0.8353	-0.6210	-0.3411	0.4539	-0.7944	0.2767	0.2953	-0.0419	-0.0384	0.0598	
22.6032	-27.8220	-9.3544	0.8355	-0.6207	-0.3413	0.4864	-0.7755	0.2817	0.2886	-0.0426	-0.0378	0.0593	
22.6848	-27.8777	-9.3909	0.8354	-0.6203	-0.3414	0.5174	-0.7559	0.2911	0.2767	-0.0434	-0.0378	0.0585	
22.7671	-27.9332	-9.4238	0.8354	-0.6200	-0.3414	0.5471	-0.7345	0.2967	0.2717	-0.0442	-0.0370	0.0579	
22.8480	-27.9924	-9.4521	0.8353	-0.6199	-0.3411	0.5753	-0.7138	0.2997	0.2654	-0.0445	-0.0363	0.0575	
22.9258	-28.0485	-9.4860	0.8350	-0.6196	-0.3411	0.6037	-0.6898	0.3068	0.2573	-0.0454	-0.0358	0.0569	
23.0086	-28.1090	-9.5249	0.8350	-0.6195	-0.3413	0.6301	-0.6649	0.3139	0.2513	-0.0462	-0.0350	0.0562	
23.0893	-28.1655	-9.5565	0.8348	-0.6192	-0.3412	0.6538	-0.6417	0.3197	0.2437	-0.0467	-0.0344	0.0555	
23.1738	-28.2253	-9.5915	0.8349	-0.6191	-0.3412	0.6778	-0.6164	0.3273	0.2327	-0.0475	-0.0341	0.0547	
23.2448	-28.2820	-9.6291	0.8343	-0.6189	-0.3414	0.7026	-0.5864	0.3371	0.2222	-0.0487	-0.0337	0.0539	
23.3256	-28.3384	-9.6686	0.8341	-0.6186	-0.3417	0.7256	-0.5564	0.3459	0.2117	-0.0497	-0.0332	0.0532	
23.3987	-28.3988	-9.7032	0.8336	-0.6185	-0.3417	0.7448	-0.5276	0.3562	0.2021	-0.0507	-0.0326	0.0522	
23.4755	-28.4556	-9.7425	0.8333	-0.6183	-0.3420	0.7650	-0.4956	0.3651	0.1910	-0.0519	-0.0321	0.0515	
23.5581	-28.5094	-9.7768	0.8333	-0.6179	-0.3420	0.7850	-0.4629	0.3706	0.1807	-0.0527	-0.0315	0.0510	
23.6339	-28.5717	-9.8155	0.8329	-0.6179	-0.3423	0.8009	-0.4317	0.3786	0.1725	-0.0535	-0.0306	0.0502	
23.7129	-28.6276	-9.8445	0.8327	-0.6176	-0.3420	0.8153	-0.3994	0.3862	0.1661	-0.0543	-0.0296	0.0495	
23.7873	-28.6834	-9.8786	0.8322	-0.6173	-0.3420	0.8293	-0.3669	0.3911	0.1603	-0.0549	-0.0285	0.0489	
23.8662	-28.7346	-9.9117	0.8320	-0.6168	-0.3419	0.8419	-0.3320	0.3987	0.1508	-0.0559	-0.0276	0.0482	
23.9445	-28.7917	-9.9499	0.8318	-0.6165	-0.3421	0.8523	-0.2994	0.4058	0.1422	-0.0566	-0.0266	0.0475	
24.0209	-28.8471	-9.9843	0.8314	-0.6162	-0.3421	0.8624	-0.2610	0.4141	0.1314	-0.0579	-0.0256	0.0468	
24.1002	-28.9023	-10.0127	0.8312	-0.6159	-0.3418	0.8715	-0.2282	0.4179	0.1202	-0.0584	-0.0249	0.0462	
24.1809	-28.9558	-10.0395	0.8311	-0.6155	-0.3415	0.8808	-0.1886	0.4207	0.1092	-0.0593	-0.0240	0.0460	
24.2556	-29.0088	-10.0629	0.8307	-0.6151	-0.3409	0.8867	-0.1519	0.4256	0.1029	-0.0600	-0.0227	0.0455	
24.3316	-29.0653	-10.0894	0.8303	-0.6148	-0.3405	0.8915	-0.1111	0.4299	0.0930	-0.0610	-0.0215	0.0452	
24.4071	-29.1247	-10.1173	0.8300	-0.6147	-0.3402	0.8954	-0.0713	0.4323	0.0823	-0.0619	-0.0205	0.0449	
24.4852	-29.1828	-10.1443	0.8297	-0.6146	-0.3398	0.8972	-0.0302	0.4350	0.0736	-0.0627	-0.0193	0.0447	
24.5627	-29.2386	-10.1707	0.8294	-0.6143	-0.3394	0.8963	0.0115	0.4397	0.0602	-0.0639	-0.0181	0.0443	
24.6479	-29.2950	-10.2030	0.8295	-0.6141	-0.3393	0.8961	0.0506	0.4385	0.0510	-0.0643	-0.0170	0.0442	
24.7318	-29.3551	-10.2291	0.8296	-0.6140	-0.3389	0.8931	0.0891	0.4399	0.0388	-0.0650	-0.0159	0.0438	
24.8121	-29.4220	-10.2568	0.8294	-0.6143	-0.3386	0.8876	0.1284	0.4422	0.0312	-0.0656	-0.0144	0.0436	
24.8874	-29.4828	-10.2803	0.8291	-0.6143	-0.3381	0.8805	0.1681	0.4433	0.0221	-0.0662	-0.0129	0.0434	
24.9675	-29.5403	-10.3072	0.8289	-0.6141	-0.3377	0.8695	0.2099	0.4479	0.0133	-0.0671	-0.0110	0.0431	
25.0527	-29.6001	-10.3318	0.8290	-0.6140	-0.3373	0.8570	0.2529	0.4498	0.0071	-0.0678	-0.0091	0.0432	
25.1307	-29.6572	-10.3611	0.8287	-0.6138	-0.3370	0.8425	0.2937	0.4525	0.0004	-0.0684	-0.0072	0.0432	
25.2167	-29.7201	-10.3871	0.8289	-0.6139	-0.3366	0.8263	0.3351	0.4530	-0.0119	-0.0692	-0.0056	0.0431	
25.2992	-29.7799	-10.4194	0.8288	-0.6138	-0.3366	0.8091	0.3732	0.4549	-0.0163	-0.0694	-0.0036	0.0431	
25.3812	-29.8403	-10.4518	0.8288	-0.6138	-0.3365	0.7904	0.4131	0.4522	-0.0241	-0.0698	-0.0019	0.0433	
25.4616	-29.8985	-10.4814	0.8286	-0.6136	-0.3363	0.7688	0.4522	0.4518	-0.0318	-0.0702	-0.0000	0.0435	
25.5450	-29.9614	-10.5114	0.8286	-0.6137	-0.3361	0.7442	0.4924	0.4507	-0.0362	-0.0705	0.0021	0.0439	
25.6324	-30.0234	-10.5434	0.8288	-0.6138	-0.3360	0.7165	0.5326	0.4500	-0.0376	-0.0705	0.0044	0.0446	
25.7157	-30.0853	-10.5712	0.8288	-0.6138	-0.3357	0.6871	0.5730	0.4457	-0.0396	-0.0706	0.0066	0.0454	
25.8002	-30.1497	-10.5994	0.8289	-0.6139	-0.3354	0.6566	0.6127	0.4386	-0.0403	-0.0706	0.0085	0.0464	
25.8838	-30.2193	-10.6330	0.8288	-0.6143	-0.3354	0.6220	0.6522	0.4316	-0.0423	-0.0707	0.0106	0.0474	
25.9708	-30.2842	-10.6645	0.8290	-0.6145	-0.3353	0.5835	0.6914	0.4241	-0.0438	-0.0708	0.0128	0.0486	
26.0564	-30.3474	-10.6985	0.8291	-0.6146	-0.3353	0.5481	0.7254	0.4143	-0.0455	-0.0706	0.0144	0.0495	
26.1415	-30.4146	-10.7305	0.8292	-0.6149	-0.3352	0.5106	0.7577	0.4043	-0.0472	-0.0703	0.0161	0.0505	
26.2245	-30.4840	-10.7660	0.8291	-0.6153	-0.3353	0.4711	0.7881	0.3945	-0.0444	-0.0696	0.0179	0.0518	
26.3062	-30.5530	-10.8007	0.8290	-0.6156	-0.3353	0.4306	0.8176	0.3798	-0.0450	-0.0693	0.0192	0.0530	
26.3902	-30.6237	-10.8390	0.8290	-0.6161	-0.3355	0.3889	0.8440	0.3672	-0.0449	-0.0687	0.0207	0.0541	
26.4742	-30.6939	-10.8697	0.8291	-0.6165	-0.3353	0.3431	0.8712	0.3484	-0.0427	-0.0683	0.0220	0.0557	
26.5533	-30.7580	-10.9075	0.8289	-0.6166	-0.3355	0.3040	0.8925	0.3309	-0.0436	-0.0677	0.0227	0.0566	
26.6317	-30.8296	-10.9412	0.8286	-0.6170	-0.3355	0.2568	0.9130	0.3139	-0.0444	-0.0673	0.0240	0.0579	
26.7134	-30.9009	-10.9740	0.8285	-0.6175	-0.3355	0.2139	0.9304	0.2952	-0.0420	-0.0665	0.0247	0.0591	
26.7920	-30.9692	-11.0076	0.8283	-0.6178	-0.3354	0.1652	0.9452	0.2786	-0.0436	-0.0660	0.0259	0.0603	
26.8736	-31.0329	-11.0411	0.8282	-0.6179	-0.3354	0.1214	0.9569	0.2614	-0.0423	-0.0651	0.0266	0.0613	
26.9561	-31.1004	-11.0810	0.8282	-0.6181	-0.3357	0.0755	0.9667	0.2410	-0.0427	-0.0646	0.0272	0.0624	
27.0368	-31.1701	-11.1241	0.8280	-0.6185	-0.3361	0.0303	0.9735	0.2232	-0.0444	-0.0640	0.0279	0.0632	
27.0973	-31.2549	-11.1504	0.8271	-0.6196	-0.3358	0.0126	-0.9777	-0.2065	0.0444	-0.0649	0.0263	0.0628	
27.1582	-31.3344	-11.1685	0.8261	-0.6204	-0.3351	0.0553	-0.9801	-0.1879	0.0413	-0.0658	0.0247	0.0626	
27.2222	-31.4122	-11.1869	0.8253	-0.6211	-0.3345	0.0976	-0.9807	-0.1659	0.0384	-0.0662	0.0231	0.0625	
27.2868	-31.4912	-11.2068	0.8245	-0.6218	-0.3339	0.1373	-0.9796	-0.1454	0.0337	-0.0667	0.0215	0.0626	
27.3523	-31.5653	-11.2340	0.8238	-0.6224	-0.3336	0.1767	-0.9764	-0.1235	0.0264	-0.0671	0.0197	0.0629	
27.4206	-31.6383	-11.2591	0.8232	-0.6228	-0.3333	0.2146	-0.9716	-0.1014	0.0189	-0.0673	0.0180	0.0633	
27.4954	-31.7040	-11.2883	0.8229	-0.6230	-0.3331	0.2515	-0.9649	-0.0785	0.0143	-0.0671	0.0167	0.0640	
27.5651	-31.7793	-11.3162	0.8223	-0.6236	-0.3329	0.2896	-0.9557	-0.0605	0.0057	-0.0669	0.0149	0.0650	
27.6380	-31.8510	-11.3440	0.8219	-0.6240	-0.3326	0.3277	-0.9442	-0.0419	-0.0061	-0.0665	0.0131	0.0659	
27.7122	-31.9167	-11.3745	0.8215	-0.6241	-0.3325	0.3641	-0.9313	-0.0200	-0.0165	-0.0661	0.0117	0.0668	
27.7882	-31.9859	-11.4030	0.8213	-0.6244	-0.3323	0.4039	-0.9149	-0.0047	-0.0285	-0.0652	0.0101	0.0682	
27.8679	-32.0536	-11.4359	0.8212	-0.6246	-0.3323	0.4413	-0.8968	0.0110	-0.0406	-0.0644	0.0087	0.0694	
27.9406	-32.1134	-11.4683	0.8208	-0.6245	-0.3323	0.4776	-0.8766	0.0272	-0.0571	-0.0636	0.0071	0.0705	
28.0196	-32.1775	-11.4998	0.8206	-0.6246	-0.3322	0.5160	-0.8532	0.0426	-0.0684	-0.0625	0.0062	0.0719	
28.1009	-32.2450	-11.5363	0.8206	-0.6248	-0.3324	0.5515	-0.8288	0.0538	-0.0831	-0.0613	0.0049	0.0731	
28.1794	-32.3061	-11.5712	0.8204	-0.6247	-0.3325	0.5855	-0.8028	0.0619	-0.1001	-0.0599	0.0036	0.0742	
28.2615	-32.3628	-11.6090	0.8204	-0.6244	-0.3327	0.6191	-0.7744	0.0711	-0.1136	-0.0584	0.0027	0.0753	
28.3462	-32.4232	-11.6445	0.8205	-0.6243	-0.3328	0.6540	-0.7416	0.0780	-0.1302	-0.0570	0.0016	0.0767	
28.4311	-32.4799	-11.6816	0.8206	-0.6241	-0.3330	0.6876	-0.7069	0.0826	-0.1465	-0.0554	0.0005	0.0781	
28.5117	-32.5368	-11.7180	0.8205	-0.6238	-0.3331	0.7190	-0.6719	0.0862	-0.1585	-0.0536	-0.0001	0.0792	
28.5966	-32.5891	-11.7533	0.8206	-0.6234	-0.3332	0.7470	-0.6365	0.0885	-0.1733	-0.0518	-0.0009	0.0800	
28.6857	-32.6470	-11.7913	0.8209	-0.6232	-0.3334	0.7714	-0.6014	0.0935	-0.1879	-0.0503	-0.0016	0.0805	
28.7710	-32.7030	-11.8303	0.8210	-0.6229	-0.3337	0.7975	-0.5610	0.0933	-0.2033	-0.0485	-0.0024	0.0815	
28.8571	-32.7566	-11.8645	0.8212	-0.6225	-0.3337	0.8197	-0.5214	0.0909	-0.2210	-0.0467	-0.0035	0.0822	
28.9396	-32.8101	-11.8940	0.8212	-0.6222	-0.3335	0.8376	-0.4834	0.0938	-0.2379	-0.0453	-0.0044	0.0825	
29.0267	-32.8674	-11.9262	0.8214	-0.6219	-0.3335	0.8542	-0.4472	0.0899	-0.2522	-0.0433	-0.0052	0.0825	
29.1158	-32.9212	-11.9591	0.8217	-0.6216	-0.3335	0.8705	-0.4079	0.0859	-0.2639	-0.0413	-0.0058	0.0828	
29.1993	-32.9770	-11.9921	0.8217	-0.6213	-0.3334	0.8840	-0.3678	0.0793	-0.2795	-0.0393	-0.0068	0.0831	
29.2878	-33.0349	-12.0233	0.8220	-0.6211	-0.3333	0.8953	-0.3296	0.0741	-0.2924	-0.0374	-0.0076	0.0831	
29.3797	-33.0899	-12.0588	0.8223	-0.6208	-0.3334	0.9032	-0.2925	0.0646	-0.3096	-0.0354	-0.0089	0.0830	
29.4712	-33.1450	-12.0857	0.8227	-0.6205	-0.3332	0.9092	-0.2529	0.0563	-0.3275	-0.0336	-0.0103	0.0830	
29.5615	-33.1994	-12.1115	0.8230	-0.6202	-0.3328	0.9131	-0.2139	0.0478	-0.3453	-0.0319	-0.0116	0.0829	
29.6535	-33.2554	-12.1378	0.8234	-0.6199	-0.3325	0.9177	-0.1738	0.0435	-0.3557	-0.0303	-0.0123	0.0829	
29.7438	-33.3133	-12.1717	0.8237	-0.6197	-0.3326	0.9185	-0.1343	0.0386	-0.3709	-0.0290	-0.0134	0.0828	
29.8321	-33.3762	-12.1976	0.8240	-0.6198	-0.3323	0.9177	-0.0962	0.0365	-0.3845	-0.0279	-0.0143	0.0825	
29.9209	-33.4321	-12.2249	0.8242	-0.6195	-0.3320	0.9165	-0.0556	0.0321	-0.3955	-0.0265	-0.0152	0.0825	
30.0083	-33.4880	-12.2535	0.8244	-0.6193	-0.3318	0.9126	-0.0129	0.0285	-0.4079	-0.0255	-0.0162	0.0826	
30.0953	-33.5510	-12.2852	0.8246	-0.6193	-0.3318	0.9073	0.0285	0.0229	-0.4194	-0.0242	-0.0174	0.0826	
30.1833	-33.6092	-12.3127	0.8248	-0.6192	-0.3315	0.9003	0.0716	0.0194	-0.4291	-0.0232	-0.0183	0.0826	
30.2704	-33.6620	-12.3433	0.8250	-0.6188	-0.3314	0.8922	0.1119	0.0150	-0.4377	-0.0221	-0.0193	0.0825	
30.3601	-33.7186	-12.3700	0.8253	-0.6186	-0.3311	0.8831	0.1508	0.0126	-0.4447	-0.0212	-0.0201	0.0822	
30.4443	-33.7743	-12.3993	0.8253	-0.6183	-0.3310	0.8730	0.1882	0.0113	-0.4504	-0.0203	-0.0207	0.0819	
30.5334	-33.8342	-12.4356	0.8256	-0.6183	-0.3311	0.8621	0.2233	0.0089	-0.4556	-0.0195	-0.0214	0.0813	
30.6214	-33.8928	-12.4715	0.8258	-0.6181	-0.3312	0.8494	0.2609	0.0060	-0.4593	-0.0186	-0.0221	0.0810	
30.7061	-33.9530	-12.5002	0.8259	-0.6181	-0.3310	0.8338	0.3009	0.0040	-0.4629	-0.0179	-0.0229	0.0809	
30.7859	-34.0140	-12.5335	0.8258	-0.6180	-0.3310	0.8202	0.3356	0.0006	-0.4641	-0.0170	-0.0236	0.0805	
30.8697	-34.0726	-12.5670	0.8258	-0.6179	-0.3310	0.8013	0.3728	0.0003	-0.4681	-0.0166	-0.0243	0.0802	
30.9523	-34.1305	-12.5972	0.8258	-0.6177	-0.3309	0.7788	0.4123	-0.0037	-0.4727	-0.0163	-0.0255	0.0801	
31.0369	-34.1915	-12.6268	0.8259	-0.6177	-0.3308	0.7583	0.4498	-0.0077	-0.4721	-0.0156	-0.0265	0.0799	
31.1251	-34.2519	-12.6591	0.8261	-0.6177	-0.3307	0.7389	0.4824	-0.0136	-0.4710	-0.0148	-0.0274	0.0794	
31.2106	-34.3094	-12.6921	0.8262	-0.6175	-0.3307	0.7160	0.5157	-0.0169	-0.4705	-0.0144	-0.0282	0.0790	
31.2947	-34.3623	-12.7247	0.8263	-0.6171	-0.3307	0.6917	0.5490	-0.0177	-0.4690	-0.0141	-0.0288	0.0787	
31.3766	-34.4145	-12.7591	0.8262	-0.6168	-0.3308	0.6673	0.5803	-0.0238	-0.4667	-0.0137	-0.0297	0.0782	
31.4584	-34.4715	-12.7913	0.8262	-0.6166	-0.3307	0.6387	0.6149	-0.0282	-0.4616	-0.0133	-0.0307	0.0781	
31.5420	-34.5265	-12.8268	0.8262	-0.6163	-0.3308	0.6139	0.6423	-0.0324	-0.4584	-0.0130	-0.0314	0.0774	
31.6247	-34.5788	-12.8540	0.8262	-0.6160	-0.3306	0.5865	0.6690	-0.0378	-0.4556	-0.0129	-0.0322	0.0768	
31.7091	-34.6403	-12.8858	0.8263	-0.6160	-0.3305	0.5582	0.6955	-0.0421	-0.4509	-0.0128	-0.0330	0.0762	
31.7929	-34.6955	-12.9217	0.8263	-0.6157	-0.3306	0.5285	0.7202	-0.0478	-0.4475	-0.0128	-0.0338	0.0756	
31.8815	-34.7558	-12.9555	0.8266	-0.6157	-0.3307	0.4988	0.7433	-0.0529	-0.4432	-0.0129	-0.0345	0.0749	
31.9651	-34.8082	-12.9885	0.8266	-0.6153	-0.3307	0.4708	0.7644	-0.0608	-0.4371	-0.0128	-0.0353	0.0740	
32.0486	-34.8635	-13.0200	0.8266	-0.6151	-0.3306	0.4383	0.7851	-0.0679	-0.4329	-0.0132	-0.0362	0.0733	
32.1343	-34.9197	-13.0510	0.8267	-0.6149	-0.3305	0.4067	0.8047	-0.0729	-0.4269	-0.0133	-0.0367	0.0726	
32.2181	-34.9744	-13.0836	0.8268	-0.6146	-0.3305	0.3778	0.8207	-0.0788	-0.4224	-0.0136	-0.0372	0.0717	
32.3017	-35.0325	-13.1195	0.8268	-0.6145	-0.3306	0.3428	0.8370	-0.0857	-0.4184	-0.0143	-0.0379	0.0710	
32.3836	-35.0884	-13.1507	0.8268	-0.6143	-0.3305	0.3095	0.8519	-0.0940	-0.4127	-0.0147	-0.0385	0.0702	
32.4682	-35.1445	-13.1803	0.8269	-0.6141	-0.3304	0.2753	0.8653	-0.1028	-0.4067	-0.0153	-0.0392	0.0693	
32.5475	-35.2007	-13.2172	0.8267	-0.6139	-0.3305	0.2389	0.8780	-0.1121	-0.3997	-0.0160	-0.0400	0.0686	
32.6319	-35.2587	-13.2472	0.8268	-0.6138	-0.3304	0.2043	0.8900	-0.1164	-0.3912	-0.0163	-0.0403	0.0681	
32.7172	-35.3160	-13.2824	0.8269	-0.6136	-0.3305	0.1669	0.9009	-0.1236	-0.3813	-0.0167	-0.0410	0.0676	
32.7965	-35.3766	-13.3215	0.8268	-0.6136	-0.3307	0.1306	0.9075	-0.1329	-0.3775	-0.0178	-0.0413	0.0667	
32.8783	-35.4378	-13.3551	0.8268	-0.6136	-0.3307	0.0964	0.9133	-0.1435	-0.3697	-0.0185	-0.0419	0.0658	
32.9631	-35.4956	-13.3923	0.8268	-0.6135	-0.3309	0.0620	0.9164	-0.1501	-0.3669	-0.0196	-0.0418	0.0650	
33.0565	-35.5600	-13.4300	0.8272	-0.6136	-0.3310	0.0252	0.9186	-0.1581	-0.3620	-0.0180	-0.0419	0.0656	
33.1389	-35.6152	-13.4651	0.8272	-0.6134	-0.3311	0.0080	-0.9212	0.1625	0.3545	-0.0185	-0.0420	0.0648	
33.2189	-35.6716	-13.5004	0.8271	-0.6132	-0.3312	0.0449	-0.9214	0.1700	0.3472	-0.0194	-0.0422	0.0642	
33.3011	-35.7303	-13.5396	0.8271	-0.6131	-0.3314	0.0830	-0.9212	0.1749	0.3379	-0.0202	-0.0424	0.0637	
33.3884	-35.7877	-13.5733	0.8273	-0.6129	-0.3314	0.1157	-0.9186	0.1816	0.3329	-0.0211	-0.0423	0.0629	
33.4694	-35.8502	-13.6077	0.8272	-0.6130	-0.3315	0.1481	-0.9150	0.1878	0.3261	-0.0218	-0.0422	0.0620	
33.5533	-35.9068	-13.6389	0.8273	-0.6128	-0.3314	0.1835	-0.9096	0.1949	0.3187	-0.0228	-0.0422	0.0614	
33.6359	-35.9680	-13.6735	0.8273	-0.6128	-0.3315	0.2196	-0.9027	0.2052	0.3088	-0.0238	-0.0425	0.0607	
33.7192	-36.0262	-13.7071	0.8273	-0.6127	-0.3315	0.2552	-0.8945	0.2112	0.3011	-0.0248	-0.0424	0.0602	
33.8036	-36.0861	-13.7430	0.8274	-0.6127	-0.3316	0.2901	-0.8837	0.2222	0.2936	-0.0261	-0.0425	0.0594	
33.8831	-36.1449	-13.7753	0.8273	-0.6126	-0.3315	0.3269	-0.8714	0.2307	0.2845	-0.0272	-0.0426	0.0590	
33.9651	-36.2061	-13.8084	0.8272	-0.6126	-0.3315	0.3590	-0.8589	0.2400	0.2765	-0.0282	-0.0425	0.0582	
34.0462	-36.2611	-13.8409	0.8272	-0.6124	-0.3315	0.3888	-0.8453	0.2468	0.2729	-0.0292	-0.0418	0.0575	
34.1284	-36.3197	-13.8757	0.8272	-0.6123	-0.3316	0.4187	-0.8302	0.2580	0.2641	-0.0303	-0.0418	0.0565	
34.2071	-36.3813	-13.9109	0.8270	-0.6123	-0.3316	0.4509	-0.8120	0.2657	0.2599	-0.0315	-0.0412	0.0561	
34.2912	-36.4409	-13.9469	0.8271	-0.6123	-0.3318	0.4833	-0.7936	0.2729	0.2501	-0.0325	-0.0411	0.0556	
34.3729	-36.4997	-13.9809	0.8271	-0.6122	-0.3318	0.5146	-0.7737	0.2795	0.2428	-0.0336	-0.0407	0.0552	
34.4534	-36.5561	-14.0166	0.8270	-0.6120	-0.3319	0.5456	-0.7525	0.2849	0.2353	-0.0346	-0.0403	0.0548	
34.5392	-36.6141	-14.0520	0.8271	-0.6119	-0.3320	0.5743	-0.7295	0.2923	0.2309	-0.0357	-0.0395	0.0544	
34.6181	-36.6734	-14.0862	0.8270	-0.6118	-0.3320	0.5993	-0.7062	0.3053	0.2235	-0.0371	-0.0392	0.0534	
34.6998	-36.7307	-14.1238	0.8270	-0.6117	-0.3321	0.6272	-0.6836	0.3055	0.2150	-0.0376	-0.0387	0.0533	
34.7835	-36.7919	-14.1633	0.8270	-0.6117	-0.3324	0.6537	-0.6579	0.3119	0.2076	-0.0386	-0.0381	0.0528	
34.8640	-36.8506	-14.1995	0.8269	-0.6116	-0.3325	0.6790	-0.6312	0.3183	0.1998	-0.0396	-0.0376	0.0524	
34.9413	-36.9066	-14.2357	0.8267	-0.6115	-0.3326	0.7044	-0.5992	0.3289	0.1931	-0.0412	-0.0369	0.0519	
35.0191	-36.9641	-14.2693	0.8266	-0.6113	-0.3326	0.7264	-0.5696	0.3389	0.1840	-0.0425	-0.0364	0.0512	
35.0978	-37.0232	-14.3056	0.8264	-0.6113	-0.3327	0.7454	-0.5410	0.3494	0.1749	-0.0437	-0.0359	0.0503	
35.1767	-37.0823	-14.3420	0.8263	-0.6112	-0.3328	0.7641	-0.5107	0.3577	0.1680	-0.0448	-0.0351	0.0497	
35.2583	-37.1407	-14.3788	0.8263	-0.6111	-0.3329	0.7837	-0.4757	0.3684	0.1559	-0.0465	-0.0346	0.0490	
35.3358	-37.1992	-14.4135	0.8261	-0.6110	-0.3330	0.8002	-0.4430	0.3783	0.1453	-0.0478	-0.0340	0.0482	
35.4165	-37.2544	-14.4471	0.8260	-0.6108	-0.3330	0.8132	-0.4113	0.3893	0.1384	-0.0490	-0.0330	0.0473	
35.4963	-37.3052	-14.4840	0.8259	-0.6104	-0.3331	0.8281	-0.3725	0.3993	0.1295	-0.0506	-0.0321	0.0468	
35.5763	-37.3606	-14.5173	0.8259	-0.6102	-0.3331	0.8444	-0.3336	0.4029	0.1156	-0.0519	-0.0317	0.0467	
35.6551	-37.4160	-14.5503	0.8257	-0.6101	-0.3331	0.8598	-0.2978	0.4016	0.1043	-0.0525	-0.0312	0.0467	
35.7297	-37.4702	-14.5784	0.8255	-0.6098	-0.3329	0.8713	-0.2592	0.4061	0.0973	-0.0536	-0.0301	0.0465	
35.8051	-37.5252	-14.6117	0.8252	-0.6096	-0.3329	0.8800	-0.2214	0.4122	0.0847	-0.0548	-0.0293	0.0459	
35.8883	-37.5825	-14.6428	0.8252	-0.6095	-0.3328	0.8881	-0.1850	0.4148	0.0743	-0.0556	-0.0285	0.0455	
35.9689	-37.6397	-14.6715	0.8252	-0.6094	-0.3327	0.8939	-0.1455	0.4201	0.0625	-0.0569	-0.0275	0.0450	
36.0451	-37.6961	-14.7017	0.8250	-0.6092	-0.3326	0.8970	-0.1059	0.4270	0.0489	-0.0583	-0.0265	0.0444	
36.1224	-37.7571	-14.7357	0.8248	-0.6092	-0.3326	0.8985	-0.0676	0.4330	0.0387	-0.0594	-0.0252	0.0438	
36.2058	-37.8160	-14.7637	0.8248	-0.6091	-0.3324	0.8998	-0.0258	0.4351	0.0312	-0.0603	-0.0239	0.0438	
36.2863	-37.8711	-14.7958	0.8248	-0.6089	-0.3324	0.8991	0.0160	0.4375	0.0191	-0.0614	-0.0228	0.0435	
36.3627	-37.9314	-14.8283	0.8245	-0.6089	-0.3324	0.8955	0.0548	0.4425	0.0105	-0.0624	-0.0213	0.0431	
36.4455	-37.9916	-14.8574	0.8246	-0.6089	-0.3322	0.8893	0.0978	0.4477	0.0042	-0.0634	-0.0195	0.0429	
36.5287	-38.0541	-14.8878	0.8246	-0.6089	-0.3321	0.8819	0.1391	0.4513	-0.0033	-0.0643	-0.0178	0.0428	
36.6072	-38.1134	-14.9161	0.8245	-0.6089	-0.3319	0.8732	0.1785	0.4547	-0.0076	-0.0649	-0.0160	0.0427	
36.6911	-38.1725	-14.9459	0.8245	-0.6088	-0.3318	0.8615	0.2194	0.4588	-0.0135	-0.0657	-0.0141	0.0425	
36.7724	-38.2358	-14.9769	0.8245	-0.6089	-0.3317	0.8467	0.2630	0.4634	-0.0167	-0.0665	-0.0118	0.0427	
36.8524	-38.2978	-15.0021	0.8244	-0.6089	-0.3315	0.8299	0.3066	0.4667	-0.0206	-0.0674	-0.0096	0.0429	
36.9376	-38.3566	-15.0331	0.8245	-0.6089	-0.3314	0.8115	0.3505	0.4671	-0.0281	-0.0683	-0.0077	0.0431	
37.0190	-38.4216	-15.0604	0.8244	-0.6090	-0.3312	0.7908	0.3922	0.4694	-0.0345	-0.0690	-0.0055	0.0432	
37.1033	-38.4831	-15.0915	0.8245	-0.6090	-0.3311	0.7689	0.4355	0.4670	-0.0389	-0.0696	-0.0036	0.0437	
37.1844	-38.5452	-15.1196	0.8244	-0.6091	-0.3310	0.7445	0.4795	0.4630	-0.0427	-0.0702	-0.0017	0.0444	
37.2703	-38.6106	-15.1501	0.8245	-0.6092	-0.3309	0.7168	0.5233	0.4590	-0.0459	-0.0708	0.0004	0.0452	
37.3518	-38.6713	-15.1841	0.8245	-0.6092	-0.3309	0.6893	0.5641	0.4526	-0.0478	-0.0710	0.0023	0.0460	
37.4368	-38.7345	-15.2147	0.8246	-0.6093	-0.3308	0.6562	0.6071	0.4460	-0.0477	-0.0713	0.0045	0.0471	
37.5201	-38.8010	-15.2445	0.8246	-0.6095	-0.3307	0.6218	0.6470	0.4385	-0.0524	-0.0718	0.0065	0.0479	
37.6047	-38.8687	-15.2784	0.8247	-0.6097	-0.3307	0.5854	0.6849	0.4309	-0.0540	-0.0719	0.0085	0.0489	
37.6880	-38.9355	-15.3112	0.8247	-0.6099	-0.3307	0.5477	0.7224	0.4193	-0.0523	-0.0719	0.0104	0.0502	
37.7722	-39.0010	-15.3419	0.8247	-0.6100	-0.3306	0.5093	0.7568	0.4063	-0.0539	-0.0719	0.0120	0.0513	
37.8561	-39.0694	-15.3739	0.8248	-0.6103	-0.3306	0.4676	0.7900	0.3927	-0.0555	-0.0719	0.0137	0.0525	
37.9353	-39.1365	-15.4063	0.8247	-0.6105	-0.3305	0.4239	0.8217	0.3768	-0.0556	-0.0718	0.0153	0.0538	
38.0170	-39.2036	-15.4397	0.8246	-0.6107	-0.3306	0.3784	0.8498	0.3629	-0.0567	-0.0717	0.0171	0.0550	
38.1022	-39.2721	-15.4740	0.8247	-0.6109	-0.3306	0.3343	0.8757	0.3433	-0.0579	-0.0716	0.0182	0.0562	
38.1830	-39.3387	-15.5079	0.8246	-0.6111	-0.3306	0.2916	0.8978	0.3247	-0.0595	-0.0712	0.0192	0.0572	
38.2678	-39.4066	-15.5410	0.8247	-0.6113	-0.3306	0.2423	0.9182	0.3086	-0.0570	-0.0706	0.0207	0.0587	
38.3513	-39.4737	-15.5775	0.8247	-0.6115	-0.3307	0.1945	0.9352	0.2906	-0.0580	-0.0703	0.0219	0.0598	
38.4350	-39.5432	-15.6147	0.8248	-0.6118	-0.3308	0.1483	0.9491	0.2717	-0.0598	-0.0699	0.0229	0.0607	
38.5201	-39.6133	-15.6537	0.8248	-0.6120	-0.3310	0.0993	0.9605	0.2538	-0.0595	-0.0693	0.0239	0.0618	
38.6013	-39.6786	-15.6906	0.8248	-0.6122	-0.3311	0.0503	0.9700	0.2308	-0.0570	-0.0688	0.0246	0.0632	
38.6688	-39.7521	-15.7127	0.8243	-0.6126	-0.3308	0.0083	0.9756	0.2149	-0.0550	-0.0701	0.0232	0.0627	
38.7543	-39.8148	-15.7508	0.8244	-0.6126	-0.3309	0.0362	-0.9796	-0.1927	0.0494	-0.0692	0.0236	0.0638	
38.8378	-39.8772	-15.7882	0.8244	-0.6126	-0.3311	0.0812	-0.9811	-0.1705	0.0471	-0.0686	0.0240	0.0647	
38.9200	-39.9402	-15.8221	0.8244	-0.6127	-0.3311	0.1199	-0.9810	-0.1488	0.0428	-0.0677	0.0240	0.0653	
39.0009	-40.0042	-15.8580	0.8243	-0.6128	-0.3312	0.1623	-0.9782	-0.1261	0.0364	-0.0669	0.0240	0.0663	
39.0815	-40.0703	-15.8927	0.8243	-0.6129	-0.3312	0.2046	-0.9730	-0.1055	0.0304	-0.0659	0.0241	0.0672	
39.1592	-40.1325	-15.9297	0.8241	-0.6130	-0.3313	0.2485	-0.9650	-0.0819	0.0247	-0.0652	0.0242	0.0682	
39.2443	-40.1933	-15.9685	0.8242	-0.6130	-0.3315	0.2871	-0.9562	-0.0614	0.0189	-0.0644	0.0241	0.0688	
39.3262	-40.2540	-16.0087	0.8242	-0.6129	-0.3317	0.3296	-0.9434	-0.0425	0.0139	-0.0635	0.0244	0.0697	
39.4062	-40.3151	-16.0472	0.8241	-0.6129	-0.3319	0.3662	-0.9308	-0.0256	0.0089	-0.0625	0.0244	0.0701	
39.4870	-40.3762	-16.0811	0.8240	-0.6129	-0.3319	0.4022	-0.9160	-0.0060	0.0030	-0.0616	0.0243	0.0706	
39.5700	-40.4376	-16.1164	0.8240	-0.6129	-0.3320	0.4421	-0.8973	0.0114	-0.0008	-0.0607	0.0247	0.0714	
39.6494	-40.4979	-16.1513	0.8239	-0.6129	-0.3320	0.4795	-0.8774	0.0302	-0.0077	-0.0599	0.0246	0.0721	
39.7292	-40.5560	-16.1876	0.8239	-0.6128	-0.3321	0.5168	-0.8552	0.0459	-0.0166	-0.0587	0.0245	0.0731	
39.8116	-40.6150	-16.2273	0.8239	-0.6127	-0.3323	0.5506	-0.8333	0.0586	-0.0199	-0.0576	0.0248	0.0734	
39.8944	-40.6748	-16.2641	0.8239	-0.6127	-0.3325	0.5835	-0.8093	0.0722	-0.0236	-0.0566	0.0251	0.0739	
39.9761	-40.7339	-16.3024	0.8238	-0.6126	-0.3326	0.6175	-0.7813	0.0883	-0.0326	-0.0556	0.0249	0.0747	
40.0593	-40.7911	-16.3385	0.8239	-0.6125	-0.3327	0.6488	-0.7532	0.1045	-0.0390	-0.0547	0.0248	0.0754	
40.1430	-40.8523	-16.3767	0.8239	-0.6125	-0.3329	0.6797	-0.7231	0.1184	-0.0445	-0.0537	0.0249	0.0760	
40.2258	-40.9100	-16.4143	0.8239	-0.6124	-0.3330	0.7083	-0.6925	0.1311	-0.0503	-0.0526	0.0249	0.0766	
40.3102	-40.9680	-16.4527	0.8240	-0.6123	-0.3332	0.7343	-0.6622	0.1426	-0.0568	-0.0514	0.0247	0.0770	
40.3932	-41.0276	-16.4893	0.8240	-0.6122	-0.3333	0.7598	-0.6302	0.1512	-0.0628	-0.0501	0.0246	0.0776	
40.4745	-41.0868	-16.5248	0.8239	-0.6122	-0.3333	0.7832	-0.5973	0.1604	-0.0718	-0.0488	0.0241	0.0782	
40.5588	-41.1446	-16.5579	0.8240	-0.6121	-0.3333	0.8068	-0.5612	0.1697	-0.0792	-0.0476	0.0238	0.0789	
40.6461	-41.2008	-16.5904	0.8241	-0.6119	-0.3333	0.8274	-0.5285	0.1739	-0.0867	-0.0460	0.0234	0.0794	
40.7321	-41.2563	-16.6248	0.8242	-0.6117	-0.3333	0.8468	-0.4921	0.1810	-0.0949	-0.0447	0.0229	0.0800	
40.8187	-41.3129	-16.6557	0.8244	-0.6116	-0.3333	0.8642	-0.4577	0.1854	-0.1032	-0.0432	0.0223	0.0804	
40.9014	-41.3729	-16.6899	0.8244	-0.6116	-0.3333	0.8809	-0.4205	0.1893	-0.1124	-0.0417	0.0215	0.0810	
40.9863	-41.4342	-16.7242	0.8244	-0.6116	-0.3333	0.8956	-0.3862	0.1910	-0.1181	-0.0400	0.0209	0.0813	
41.0690	-41.4916	-16.7559	0.8244	-0.6114	-0.3333	0.9094	-0.3459	0.1941	-0.1289	-0.0387	0.0199	0.0821	
41.1588	-41.5514	-16.7870	0.8247	-0.6114	-0.3332	0.9222	-0.3085	0.1912	-0.1395	-0.0369	0.0187	0.0827	
41.2481	-41.6112	-16.8166	0.8249	-0.6113	-0.3331	0.9326	-0.2760	0.1826	-0.1526	-0.0348	0.0170	0.0830	
41.3381	-41.6684	-16.8453	0.8251	-0.6112	-0.3330	0.9421	-0.2365	0.1750	-0.1661	-0.0329	0.0153	0.0838	
