-0.4610	-12.4171	-0.2063	0.0000	0.0000	0.0000	0.4688	-0.0158	-0.6757	0.5687	0.0000	0.0000	0.0000	
-0.2662	-11.9821	-0.1011	0.0193	0.0431	0.0104	0.4897	-0.0357	-0.6796	0.5463	-0.0143	0.0002	0.0034	
-0.2353	-11.8713	-0.0646	0.0315	0.0665	0.0137	0.5147	-0.0961	-0.6403	0.5669	-0.0630	0.0350	-0.0619	
-0.2800	-11.7813	0.0057	0.0162	0.0992	0.0429	0.5020	-0.1355	-0.6461	0.5647	-0.0385	-0.0276	-0.0407	
-0.1201	-11.7156	-0.0204	0.1171	0.1415	0.0316	0.5374	-0.1044	-0.6431	0.5443	-0.0328	0.0171	-0.0059	
0.0152	-11.6741	-0.1085	0.1978	0.1629	-0.0350	0.5759	-0.1217	-0.6244	0.5135	-0.0591	0.0281	-0.0016	
0.0625	-11.5594	-0.1472	0.2872	0.2487	-0.0467	0.5612	-0.1743	-0.5753	0.5811	-0.0330	0.0199	-0.0552	
0.1964	-11.5382	-0.1700	0.3765	0.2501	-0.0706	0.5702	-0.1744	-0.5730	0.5654	-0.0337	0.0179	-0.0377	
0.2806	-11.5844	-0.2110	0.4387	0.1866	-0.1031	0.5582	-0.1721	-0.5788	0.5720	-0.0226	0.0120	-0.0302	
0.3539	-11.6103	-0.2901	0.4260	0.1439	-0.1838	0.5803	-0.1827	-0.5766	0.5468	-0.0327	0.0118	-0.0201	
0.4214	-11.6104	-0.3206	0.4242	0.1283	-0.2152	0.5972	-0.1824	-0.5888	0.5153	-0.0367	0.0097	-0.0065	
0.5061	-11.6744	-0.2901	0.4897	0.0620	-0.1457	0.5956	-0.2002	-0.5601	0.5421	-0.0309	0.0106	-0.0192	
0.5923	-11.6857	-0.3981	0.5248	0.0480	-0.2279	0.5991	-0.2165	-0.5491	0.5411	-0.0308	0.0094	-0.0206	
0.7135	-11.7472	-0.5064	0.5900	-0.0152	-0.3152	0.6194	-0.2061	-0.5489	0.5236	-0.0309	0.0127	-0.0120	
0.6710	-11.7703	-0.5057	0.5128	-0.0356	-0.2870	0.6266	-0.2045	-0.5409	0.5230	-0.0282	0.0137	-0.0109	
0.7001	-11.8927	-0.4330	0.4908	-0.1316	-0.2031	0.6421	-0.2052	-0.5219	0.5228	-0.0282	0.0161	-0.0117	
0.7189	-12.0007	-0.5237	0.4730	-0.2069	-0.2589	0.6494	-0.2020	-0.5162	0.5211	-0.0263	0.0166	-0.0101	
0.7961	-12.0200	-0.6135	0.5021	-0.2044	-0.3032	0.6492	-0.2111	-0.5084	0.5254	-0.0245	0.0153	-0.0115	
0.8244	-12.0960	-0.6228	0.4752	-0.2440	-0.2929	0.6627	-0.2165	-0.5019	0.5120	-0.0261	0.0149	-0.0098	
0.8636	-12.2064	-0.6660	0.4758	-0.3008	-0.2952	0.6625	-0.2238	-0.4859	0.5249	-0.0239	0.0150	-0.0128	
0.9118	-12.3349	-0.6919	0.4719	-0.3645	-0.2941	0.6661	-0.2291	-0.4810	0.5223	-0.0235	0.0140	-0.0124	
0.9089	-12.4129	-0.6771	0.4357	-0.3894	-0.2644	0.6747	-0.2373	-0.4666	0.5203	-0.0238	0.0142	-0.0132	
0.9320	-12.4957	-0.7231	0.4201	-0.4155	-0.2771	0.6805	-0.2452	-0.4591	0.5158	-0.0240	0.0136	-0.0130	
0.9854	-12.6038	-0.7941	0.4271	-0.4571	-0.3059	0.6941	-0.2426	-0.4503	0.5068	-0.0242	0.0145	-0.0113	
1.0481	-12.7178	-0.8472	0.4339	-0.4941	-0.3185	0.6969	-0.2553	-0.4424	0.5035	-0.0244	0.0134	-0.0120	
1.0757	-12.8045	-0.8725	0.4263	-0.5165	-0.3169	0.7097	-0.2523	-0.4323	0.4959	-0.0243	0.0143	-0.0107	
1.1565	-12.8563	-0.9000	0.4481	-0.5162	-0.3119	0.7176	-0.2596	-0.4138	0.4964	-0.0242	0.0149	-0.0118	
1.2225	-12.8851	-0.9629	0.4619	-0.5046	-0.3277	0.7214	-0.2651	-0.4038	0.4964	-0.0235	0.0147	-0.0120	
1.2802	-12.9368	-0.9945	0.4698	-0.5078	-0.3302	0.7327	-0.2602	-0.3976	0.4875	-0.0233	0.0151	-0.0103	
1.3329	-13.0453	-1.0464	0.4752	-0.5376	-0.3395	0.7430	-0.2563	-0.3840	0.4846	-0.0229	0.0161	-0.0098	
1.3486	-13.0940	-1.1462	0.4602	-0.5363	-0.3723	0.7539	-0.2573	-0.3747	0.4744	-0.0232	0.0163	-0.0089	
1.3516	-13.1723	-1.1850	0.4400	-0.5478	-0.3733	0.7638	-0.2586	-0.3623	0.4674	-0.0234	0.0166	-0.0086	
1.3691	-13.2261	-1.2127	0.4281	-0.5470	-0.3704	0.7669	-0.2628	-0.3592	0.4627	-0.0230	0.0158	-0.0082	
1.3883	-13.2993	-1.3009	0.4168	-0.5553	-0.3935	0.7762	-0.2665	-0.3483	0.4529	-0.0235	0.0158	-0.0078	
1.3928	-13.3413	-1.3389	0.3990	-0.5479	-0.3922	0.7819	-0.2769	-0.3361	0.4461	-0.0239	0.0155	-0.0084	
1.4359	-13.4066	-1.3467	0.4004	-0.5517	-0.3783	0.7868	-0.2820	-0.3233	0.4438	-0.0237	0.0155	-0.0088	
1.4902	-13.4646	-1.3286	0.4087	-0.5524	-0.3539	0.7879	-0.2843	-0.3110	0.4495	-0.0226	0.0156	-0.0095	
1.4911	-13.5611	-1.3366	0.3942	-0.5685	-0.3431	0.7918	-0.2846	-0.3018	0.4485	-0.0221	0.0156	-0.0094	
1.5324	-13.5982	-1.3463	0.3948	-0.5603	-0.3328	0.7963	-0.2902	-0.2885	0.4455	-0.0221	0.0157	-0.0098	
1.5638	-13.6991	-1.3811	0.3914	-0.5770	-0.3334	0.8022	-0.2935	-0.2763	0.4404	-0.0221	0.0157	-0.0098	
1.5910	-13.7645	-1.3974	0.3866	-0.5793	-0.3268	0.8077	-0.2983	-0.2630	0.4352	-0.0222	0.0158	-0.0099	
1.5865	-13.8554	-1.4996	0.3703	-0.5910	-0.3526	0.8135	-0.3037	-0.2543	0.4259	-0.0225	0.0155	-0.0096	
1.6591	-13.9643	-1.5002	0.3828	-0.6089	-0.3408	0.8184	-0.3047	-0.2446	0.4215	-0.0223	0.0154	-0.0095	
1.6784	-14.0324	-1.5497	0.3760	-0.6110	-0.3458	0.8237	-0.3096	-0.2310	0.4151	-0.0224	0.0155	-0.0096	
1.7222	-14.0958	-1.5766	0.3776	-0.6112	-0.3417	0.8295	-0.3149	-0.2098	0.4106	-0.0226	0.0161	-0.0102	
1.7298	-14.1804	-1.6193	0.3686	-0.6180	-0.3429	0.8297	-0.3214	-0.1930	0.4138	-0.0222	0.0162	-0.0110	
1.7669	-14.3015	-1.6404	0.3682	-0.6368	-0.3383	0.8343	-0.3249	-0.1778	0.4083	-0.0223	0.0164	-0.0111	
1.7844	-14.3680	-1.6661	0.3625	-0.6384	-0.3364	0.8421	-0.3218	-0.1664	0.3995	-0.0223	0.0167	-0.0105	
1.8492	-14.4244	-1.7254	0.3721	-0.6363	-0.3438	0.8437	-0.3250	-0.1530	0.3990	-0.0219	0.0167	-0.0107	
1.8714	-14.5069	-1.7817	0.3675	-0.6419	-0.3503	0.8476	-0.3281	-0.1386	0.3933	-0.0220	0.0169	-0.0108	
1.8984	-14.5781	-1.8234	0.3646	-0.6439	-0.3522	0.8516	-0.3304	-0.1254	0.3870	-0.0220	0.0169	-0.0107	
1.9676	-14.6594	-1.8185	0.3745	-0.6499	-0.3410	0.8589	-0.3247	-0.1129	0.3797	-0.0219	0.0173	-0.0101	
1.9816	-14.7647	-1.8527	0.3685	-0.6621	-0.3415	0.8656	-0.3191	-0.1018	0.3723	-0.0218	0.0176	-0.0094	
1.9950	-14.8414	-1.8892	0.3616	-0.6649	-0.3423	0.8699	-0.3212	-0.0894	0.3634	-0.0220	0.0176	-0.0093	
2.0531	-14.9215	-1.9152	0.3674	-0.6691	-0.3406	0.8748	-0.3211	-0.0795	0.3539	-0.0221	0.0175	-0.0090	
2.0737	-15.0039	-1.9869	0.3631	-0.6734	-0.3513	0.8778	-0.3232	-0.0708	0.3466	-0.0221	0.0172	-0.0088	
2.0999	-15.0657	-2.0488	0.3608	-0.6718	-0.3584	0.8791	-0.3259	-0.0592	0.3428	-0.0219	0.0171	-0.0089	
2.1485	-15.1566	-2.0785	0.3637	-0.6785	-0.3571	0.8849	-0.3236	-0.0471	0.3317	-0.0221	0.0173	-0.0084	
2.1770	-15.2104	-2.1396	0.3619	-0.6747	-0.3632	0.8868	-0.3250	-0.0298	0.3270	-0.0221	0.0176	-0.0086	
2.2206	-15.2782	-2.1659	0.3640	-0.6747	-0.3601	0.8887	-0.3246	-0.0124	0.3235	-0.0219	0.0180	-0.0087	
2.2668	-15.3333	-2.2001	0.3664	-0.6715	-0.3595	0.8895	-0.3282	0.0010	0.3180	-0.0219	0.0179	-0.0090	
2.3119	-15.4004	-2.2137	0.3685	-0.6716	-0.3538	0.8920	-0.3270	0.0162	0.3117	-0.0218	0.0182	-0.0089	
2.3449	-15.4707	-2.2707	0.3679	-0.6723	-0.3589	0.8923	-0.3283	0.0300	0.3086	-0.0216	0.0183	-0.0090	
2.3817	-15.5675	-2.2893	0.3684	-0.6796	-0.3548	0.8933	-0.3267	0.0415	0.3061	-0.0213	0.0183	-0.0089	
2.4023	-15.6415	-2.3285	0.3648	-0.6810	-0.3558	0.8950	-0.3262	0.0516	0.2998	-0.0212	0.0182	-0.0087	
2.4512	-15.7228	-2.3840	0.3678	-0.6844	-0.3605	0.8980	-0.3222	0.0653	0.2926	-0.0212	0.0185	-0.0084	
2.4838	-15.8043	-2.4342	0.3667	-0.6874	-0.3638	0.8999	-0.3218	0.0787	0.2836	-0.0213	0.0185	-0.0082	
2.5271	-15.8632	-2.4603	0.3681	-0.6854	-0.3618	0.9027	-0.3200	0.0874	0.2741	-0.0214	0.0183	-0.0079	
2.5581	-15.9349	-2.5146	0.3668	-0.6861	-0.3658	0.9044	-0.3185	0.1012	0.2653	-0.0215	0.0184	-0.0077	
2.5914	-16.0226	-2.5516	0.3659	-0.6902	-0.3657	0.9049	-0.3183	0.1169	0.2572	-0.0216	0.0186	-0.0078	
2.6038	-16.1049	-2.5856	0.3607	-0.6930	-0.3655	0.9066	-0.3186	0.1261	0.2464	-0.0218	0.0184	-0.0076	
2.6305	-16.1805	-2.6394	0.3592	-0.6944	-0.3691	0.9054	-0.3185	0.1377	0.2449	-0.0214	0.0184	-0.0077	
2.6734	-16.2707	-2.6700	0.3608	-0.6989	-0.3676	0.9063	-0.3125	0.1540	0.2391	-0.0214	0.0188	-0.0074	
2.6966	-16.3424	-2.7291	0.3579	-0.6992	-0.3721	0.9070	-0.3114	0.1690	0.2273	-0.0218	0.0190	-0.0073	
2.7384	-16.4070	-2.7671	0.3592	-0.6983	-0.3724	0.9084	-0.3073	0.1794	0.2198	-0.0217	0.0189	-0.0070	
2.7697	-16.4715	-2.8119	0.3583	-0.6972	-0.3740	0.9080	-0.3064	0.1914	0.2123	-0.0217	0.0189	-0.0069	
2.7938	-16.5439	-2.8579	0.3560	-0.6976	-0.3757	0.9068	-0.3075	0.2043	0.2036	-0.0218	0.0189	-0.0070	
2.8304	-16.6159	-2.9014	0.3561	-0.6981	-0.3769	0.9079	-0.3031	0.2160	0.1927	-0.0220	0.0189	-0.0067	
2.8657	-16.6884	-2.9438	0.3559	-0.6987	-0.3781	0.9099	-0.2995	0.2234	0.1808	-0.0221	0.0186	-0.0062	
2.9166	-16.7648	-3.0026	0.3587	-0.7002	-0.3823	0.9112	-0.2942	0.2327	0.1705	-0.0222	0.0185	-0.0057	
2.9594	-16.8442	-3.0323	0.3599	-0.7020	-0.3808	0.9109	-0.2924	0.2438	0.1589	-0.0224	0.0184	-0.0056	
3.0018	-16.9315	-3.0943	0.3609	-0.7053	-0.3853	0.9114	-0.2882	0.2539	0.1477	-0.0226	0.0183	-0.0053	
3.0391	-17.0075	-3.1405	0.3611	-0.7064	-0.3869	0.9123	-0.2834	0.2622	0.1368	-0.0227	0.0181	-0.0049	
3.0831	-17.0884	-3.1653	0.3624	-0.7083	-0.3844	0.9122	-0.2782	0.2735	0.1252	-0.0229	0.0181	-0.0046	
3.1155	-17.1563	-3.1813	0.3617	-0.7076	-0.3803	0.9094	-0.2770	0.2881	0.1145	-0.0230	0.0183	-0.0048	
3.1662	-17.2398	-3.2304	0.3641	-0.7100	-0.3822	0.9074	-0.2736	0.3011	0.1050	-0.0231	0.0184	-0.0047	
3.1953	-17.3248	-3.2789	0.3630	-0.7125	-0.3841	0.9063	-0.2688	0.3113	0.0977	-0.0230	0.0183	-0.0044	
3.2216	-17.4021	-3.3105	0.3612	-0.7136	-0.3830	0.9055	-0.2643	0.3205	0.0863	-0.0232	0.0182	-0.0042	
3.2536	-17.4686	-3.3394	0.3605	-0.7126	-0.3813	0.9038	-0.2590	0.3322	0.0749	-0.0234	0.0182	-0.0040	
3.3036	-17.5418	-3.3659	0.3628	-0.7131	-0.3794	0.9028	-0.2546	0.3405	0.0659	-0.0234	0.0180	-0.0038	
3.3352	-17.6306	-3.3813	0.3621	-0.7160	-0.3756	0.9009	-0.2473	0.3520	0.0574	-0.0234	0.0182	-0.0035	
3.3904	-17.7033	-3.4220	0.3649	-0.7161	-0.3761	0.8990	-0.2406	0.3637	0.0392	-0.0240	0.0181	-0.0031	
3.4294	-17.7706	-3.4665	0.3653	-0.7154	-0.3772	0.8967	-0.2326	0.3755	0.0290	-0.0242	0.0182	-0.0028	
3.4810	-17.8566	-3.5231	0.3676	-0.7179	-0.3804	0.8952	-0.2285	0.3824	0.0183	-0.0242	0.0179	-0.0025	
3.5278	-17.9377	-3.5509	0.3692	-0.7195	-0.3788	0.8927	-0.2213	0.3924	0.0079	-0.0243	0.0179	-0.0022	
3.5526	-18.0213	-3.5896	0.3673	-0.7213	-0.3789	0.8889	-0.2158	0.4039	-0.0028	-0.0245	0.0179	-0.0022	
3.5824	-18.1022	-3.6274	0.3663	-0.7227	-0.3789	0.8878	-0.2083	0.4103	-0.0109	-0.0244	0.0177	-0.0017	
3.6271	-18.1600	-3.6456	0.3676	-0.7204	-0.3759	0.8869	-0.2008	0.4156	-0.0230	-0.0246	0.0173	-0.0014	
3.6555	-18.2405	-3.6781	0.3663	-0.7217	-0.3751	0.8835	-0.1944	0.4247	-0.0358	-0.0248	0.0172	-0.0012	
3.6980	-18.3162	-3.7139	0.3671	-0.7222	-0.3750	0.8833	-0.1889	0.4262	-0.0518	-0.0252	0.0165	-0.0009	
3.7401	-18.4075	-3.7621	0.3678	-0.7251	-0.3766	0.8802	-0.1828	0.4335	-0.0631	-0.0252	0.0163	-0.0007	
3.7675	-18.4806	-3.7955	0.3665	-0.7251	-0.3760	0.8763	-0.1760	0.4418	-0.0770	-0.0256	0.0161	-0.0005	
3.8057	-18.5503	-3.8471	0.3667	-0.7247	-0.3780	0.8702	-0.1696	0.4543	-0.0871	-0.0257	0.0164	-0.0005	
3.8510	-18.6180	-3.8821	0.3679	-0.7240	-0.3776	0.8669	-0.1594	0.4623	-0.0966	-0.0258	0.0163	-0.0000	
3.8935	-18.6951	-3.9081	0.3687	-0.7246	-0.3759	0.8648	-0.1480	0.4667	-0.1118	-0.0262	0.0159	0.0005	
3.9433	-18.7733	-3.9517	0.3704	-0.7254	-0.3767	0.8596	-0.1426	0.4735	-0.1282	-0.0266	0.0156	0.0005	
3.9908	-18.8425	-4.0011	0.3718	-0.7248	-0.3784	0.8533	-0.1376	0.4813	-0.1457	-0.0270	0.0154	0.0005	
4.0302	-18.9160	-4.0469	0.3721	-0.7248	-0.3794	0.8473	-0.1289	0.4890	-0.1622	-0.0275	0.0153	0.0006	
4.0648	-19.0019	-4.0854	0.3717	-0.7266	-0.3795	0.8418	-0.1202	0.4955	-0.1774	-0.0279	0.0151	0.0008	
4.0948	-19.0683	-4.1260	0.3708	-0.7258	-0.3799	0.8393	-0.1094	0.4983	-0.1885	-0.0281	0.0146	0.0013	
4.1375	-19.1344	-4.1648	0.3715	-0.7249	-0.3800	0.8360	-0.0976	0.5017	-0.2001	-0.0282	0.0142	0.0018	
4.1755	-19.2061	-4.2099	0.3716	-0.7246	-0.3809	0.8286	-0.0907	0.5067	-0.2198	-0.0289	0.0139	0.0017	
4.2168	-19.2723	-4.2378	0.3722	-0.7237	-0.3796	0.8252	-0.0803	0.5090	-0.2315	-0.0290	0.0134	0.0020	
4.2632	-19.3262	-4.2659	0.3734	-0.7212	-0.3783	0.8220	-0.0692	0.5106	-0.2430	-0.0291	0.0130	0.0024	
4.3036	-19.3843	-4.2997	0.3739	-0.7193	-0.3777	0.8176	-0.0582	0.5119	-0.2574	-0.0294	0.0124	0.0027	
4.3411	-19.4619	-4.3404	0.3739	-0.7200	-0.3781	0.8119	-0.0510	0.5147	-0.2708	-0.0296	0.0121	0.0027	
4.3678	-19.5275	-4.3749	0.3725	-0.7191	-0.3777	0.8061	-0.0433	0.5184	-0.2823	-0.0296	0.0119	0.0028	
4.4192	-19.6049	-4.4148	0.3743	-0.7198	-0.3780	0.8000	-0.0355	0.5203	-0.2968	-0.0298	0.0115	0.0028	
4.4542	-19.6911	-4.4552	0.3740	-0.7217	-0.3784	0.7962	-0.0292	0.5181	-0.3112	-0.0299	0.0108	0.0028	
4.4840	-19.7680	-4.4849	0.3731	-0.7223	-0.3774	0.7936	-0.0186	0.5166	-0.3212	-0.0299	0.0101	0.0031	
4.5276	-19.8391	-4.5166	0.3738	-0.7221	-0.3766	0.7875	-0.0086	0.5170	-0.3355	-0.0301	0.0097	0.0032	
4.5709	-19.8990	-4.5646	0.3746	-0.7205	-0.3779	0.7812	0.0008	0.5187	-0.3475	-0.0303	0.0094	0.0033	
4.6252	-19.9723	-4.6150	0.3766	-0.7206	-0.3795	0.7733	0.0112	0.5190	-0.3639	-0.0307	0.0090	0.0034	
4.6614	-20.0423	-4.6516	0.3765	-0.7203	-0.3793	0.7664	0.0226	0.5191	-0.3776	-0.0310	0.0086	0.0036	
4.6922	-20.1116	-4.7005	0.3757	-0.7200	-0.3807	0.7612	0.0306	0.5173	-0.3900	-0.0311	0.0080	0.0036	
4.7274	-20.1882	-4.7344	0.3754	-0.7206	-0.3802	0.7578	0.0405	0.5128	-0.4017	-0.0311	0.0073	0.0037	
4.7683	-20.2661	-4.7883	0.3758	-0.7213	-0.3822	0.7525	0.0476	0.5096	-0.4147	-0.0311	0.0066	0.0036	
4.8139	-20.3510	-4.8290	0.3767	-0.7228	-0.3825	0.7464	0.0583	0.5067	-0.4276	-0.0312	0.0061	0.0037	
4.8497	-20.4311	-4.8668	0.3765	-0.7238	-0.3825	0.7400	0.0643	0.5040	-0.4408	-0.0312	0.0056	0.0035	
4.8879	-20.5065	-4.8984	0.3766	-0.7241	-0.3817	0.7313	0.0768	0.5019	-0.4553	-0.0317	0.0053	0.0037	
4.9297	-20.5721	-4.9364	0.3770	-0.7233	-0.3817	0.7260	0.0911	0.4993	-0.4641	-0.0317	0.0048	0.0041	
4.9714	-20.6425	-4.9752	0.3775	-0.7230	-0.3817	0.7183	0.1016	0.4942	-0.4790	-0.0321	0.0042	0.0041	
4.9994	-20.7159	-5.0217	0.3765	-0.7231	-0.3827	0.7097	0.1082	0.4921	-0.4924	-0.0322	0.0039	0.0038	
5.0446	-20.7921	-5.0537	0.3774	-0.7235	-0.3820	0.7021	0.1196	0.4840	-0.5084	-0.0326	0.0031	0.0038	
5.0763	-20.8671	-5.0897	0.3767	-0.7238	-0.3818	0.6963	0.1288	0.4779	-0.5199	-0.0326	0.0025	0.0037	
5.1129	-20.9592	-5.1317	0.3766	-0.7260	-0.3822	0.6854	0.1368	0.4748	-0.5347	-0.0328	0.0023	0.0035	
5.1514	-21.0273	-5.1685	0.3767	-0.7255	-0.3821	0.6775	0.1424	0.4709	-0.5469	-0.0328	0.0020	0.0033	
5.1831	-21.1039	-5.1987	0.3761	-0.7259	-0.3812	0.6672	0.1497	0.4657	-0.5617	-0.0331	0.0017	0.0030	
5.2210	-21.1745	-5.2388	0.3762	-0.7257	-0.3815	0.6584	0.1592	0.4591	-0.5748	-0.0333	0.0012	0.0029	
5.2521	-21.2364	-5.2753	0.3755	-0.7245	-0.3813	0.6529	0.1640	0.4518	-0.5856	-0.0331	0.0007	0.0025	
5.2836	-21.3229	-5.3184	0.3749	-0.7260	-0.3819	0.6441	0.1670	0.4429	-0.6010	-0.0331	0.0002	0.0019	
5.3291	-21.4075	-5.3476	0.3757	-0.7273	-0.3810	0.6348	0.1714	0.4365	-0.6142	-0.0331	-0.0000	0.0015	
5.3702	-21.4764	-5.3769	0.3761	-0.7269	-0.3801	0.6264	0.1789	0.4313	-0.6242	-0.0331	-0.0003	0.0014	
5.3993	-21.5539	-5.4216	0.3752	-0.7274	-0.3808	0.6186	0.1854	0.4256	-0.6340	-0.0329	-0.0006	0.0012	
5.4419	-21.6280	-5.4531	0.3758	-0.7275	-0.3801	0.6083	0.1912	0.4158	-0.6484	-0.0332	-0.0010	0.0008	
5.4735	-21.6938	-5.5039	0.3752	-0.7268	-0.3815	0.6008	0.1980	0.4074	-0.6587	-0.0331	-0.0015	0.0005	
5.5133	-21.7826	-5.5504	0.3754	-0.7285	-0.3824	0.5904	0.2065	0.3970	-0.6717	-0.0334	-0.0020	0.0003	
5.5507	-21.8644	-5.5883	0.3755	-0.7294	-0.3824	0.5786	0.2068	0.3860	-0.6881	-0.0336	-0.0023	-0.0006	
5.5905	-21.9303	-5.6245	0.3757	-0.7287	-0.3822	0.5683	0.2128	0.3755	-0.7005	-0.0337	-0.0027	-0.0010	
5.6189	-22.0166	-5.6705	0.3748	-0.7300	-0.3830	0.5575	0.2195	0.3651	-0.7125	-0.0339	-0.0031	-0.0013	
5.6545	-22.0930	-5.7042	0.3747	-0.7304	-0.3826	0.5448	0.2189	0.3525	-0.7287	-0.0341	-0.0033	-0.0022	
5.6895	-22.1789	-5.7486	0.3745	-0.7316	-0.3832	0.5337	0.2234	0.3392	-0.7417	-0.0342	-0.0038	-0.0028	
5.7358	-22.2492	-5.7850	0.3754	-0.7314	-0.3830	0.5209	0.2253	0.3323	-0.7533	-0.0343	-0.0036	-0.0032	
5.7767	-22.3304	-5.8141	0.3757	-0.7322	-0.3822	0.5094	0.2299	0.3202	-0.7649	-0.0344	-0.0040	-0.0036	
5.8121	-22.4041	-5.8451	0.3755	-0.7322	-0.3815	0.5006	0.2311	0.3066	-0.7759	-0.0343	-0.0043	-0.0043	
5.8443	-22.4827	-5.8770	0.3751	-0.7327	-0.3809	0.4864	0.2342	0.2931	-0.7890	-0.0346	-0.0045	-0.0048	
5.8804	-22.5722	-5.9062	0.3750	-0.7343	-0.3801	0.4750	0.2359	0.2819	-0.7995	-0.0345	-0.0046	-0.0053	
5.9191	-22.6508	-5.9395	0.3751	-0.7348	-0.3797	0.4626	0.2384	0.2665	-0.8112	-0.0347	-0.0049	-0.0059	
5.9567	-22.7221	-5.9722	0.3751	-0.7346	-0.3792	0.4534	0.2365	0.2526	-0.8215	-0.0345	-0.0050	-0.0067	
5.9953	-22.7850	-6.0066	0.3752	-0.7337	-0.3789	0.4440	0.2386	0.2411	-0.8294	-0.0343	-0.0052	-0.0071	
6.0345	-22.8586	-6.0506	0.3754	-0.7337	-0.3795	0.4364	0.2393	0.2299	-0.8364	-0.0340	-0.0053	-0.0075	
6.0709	-22.9334	-6.0899	0.3753	-0.7339	-0.3797	0.4252	0.2379	0.2140	-0.8467	-0.0340	-0.0054	-0.0083	
6.1113	-23.0131	-6.1269	0.3755	-0.7345	-0.3796	0.4157	0.2359	0.2018	-0.8550	-0.0337	-0.0054	-0.0089	
6.1406	-23.0920	-6.1605	0.3748	-0.7350	-0.3792	0.4069	0.2358	0.1855	-0.8628	-0.0335	-0.0057	-0.0096	
6.1796	-23.1709	-6.1988	0.3749	-0.7355	-0.3793	0.3962	0.2345	0.1730	-0.8707	-0.0333	-0.0056	-0.0101	
6.2220	-23.2350	-6.2425	0.3753	-0.7347	-0.3798	0.3864	0.2332	0.1614	-0.8777	-0.0331	-0.0055	-0.0105	
6.2642	-23.3000	-6.2806	0.3757	-0.7339	-0.3799	0.3762	0.2321	0.1490	-0.8846	-0.0330	-0.0055	-0.0109	
6.3092	-23.3693	-6.3158	0.3764	-0.7336	-0.3796	0.3654	0.2311	0.1335	-0.8918	-0.0329	-0.0056	-0.0115	
6.3429	-23.4526	-6.3609	0.3761	-0.7345	-0.3803	0.3517	0.2352	0.1226	-0.8977	-0.0330	-0.0057	-0.0115	
6.3892	-23.5157	-6.3918	0.3768	-0.7336	-0.3797	0.3466	0.2310	0.1100	-0.9026	-0.0324	-0.0055	-0.0120	
6.4243	-23.5840	-6.4323	0.3766	-0.7331	-0.3799	0.3344	0.2329	0.0940	-0.9083	-0.0325	-0.0058	-0.0124	
6.4652	-23.6554	-6.4633	0.3768	-0.7330	-0.3793	0.3268	0.2279	0.0749	-0.9142	-0.0323	-0.0059	-0.0134	
6.5028	-23.7252	-6.5010	0.3768	-0.7327	-0.3793	0.3232	0.2277	0.0616	-0.9166	-0.0317	-0.0060	-0.0137	
6.5347	-23.7984	-6.5335	0.3763	-0.7327	-0.3789	0.3131	0.2233	0.0491	-0.9218	-0.0314	-0.0057	-0.0141	
6.5777	-23.8642	-6.5555	0.3767	-0.7321	-0.3775	0.3028	0.2166	0.0379	-0.9274	-0.0312	-0.0053	-0.0144	
6.6170	-23.9380	-6.5969	0.3768	-0.7321	-0.3779	0.2943	0.2140	0.0221	-0.9312	-0.0309	-0.0053	-0.0150	
6.6579	-24.0188	-6.6285	0.3771	-0.7328	-0.3773	0.2813	0.2103	0.0115	-0.9362	-0.0309	-0.0050	-0.0151	
6.6980	-24.0885	-6.6592	0.3773	-0.7325	-0.3768	0.2759	0.2068	-0.0018	-0.9388	-0.0304	-0.0049	-0.0155	
6.7337	-24.1603	-6.6924	0.3771	-0.7324	-0.3764	0.2692	0.2038	-0.0115	-0.9413	-0.0299	-0.0047	-0.0155	
6.7689	-24.2319	-6.7348	0.3769	-0.7322	-0.3768	0.2623	0.1968	-0.0289	-0.9443	-0.0296	-0.0046	-0.0163	
6.8029	-24.3031	-6.7739	0.3766	-0.7321	-0.3769	0.2506	0.1922	-0.0405	-0.9480	-0.0294	-0.0043	-0.0166	
6.8403	-24.3828	-6.8177	0.3765	-0.7326	-0.3775	0.2416	0.1823	-0.0561	-0.9515	-0.0292	-0.0038	-0.0174	
6.8824	-24.4521	-6.8505	0.3769	-0.7323	-0.3771	0.2352	0.1802	-0.0722	-0.9524	-0.0289	-0.0040	-0.0177	
6.9160	-24.5279	-6.8794	0.3765	-0.7325	-0.3764	0.2255	0.1719	-0.0830	-0.9554	-0.0286	-0.0035	-0.0180	
6.9452	-24.5941	-6.9257	0.3758	-0.7319	-0.3771	0.2183	0.1678	-0.0964	-0.9566	-0.0282	-0.0034	-0.0183	
6.9803	-24.6704	-6.9632	0.3756	-0.7322	-0.3770	0.2114	0.1641	-0.1077	-0.9576	-0.0278	-0.0033	-0.0184	
7.0136	-24.7488	-7.0069	0.3753	-0.7326	-0.3775	0.1981	0.1555	-0.1213	-0.9601	-0.0279	-0.0028	-0.0189	
7.0489	-24.8209	-7.0427	0.3751	-0.7325	-0.3774	0.1865	0.1455	-0.1329	-0.9625	-0.0278	-0.0022	-0.0192	
7.0805	-24.8868	-7.0757	0.3746	-0.7319	-0.3770	0.1783	0.1412	-0.1424	-0.9634	-0.0274	-0.0020	-0.0191	
7.1192	-24.9653	-7.1095	0.3747	-0.7323	-0.3767	0.1727	0.1362	-0.1577	-0.9627	-0.0271	-0.0020	-0.0195	
7.1542	-25.0381	-7.1513	0.3745	-0.7323	-0.3770	0.1645	0.1297	-0.1697	-0.9630	-0.0268	-0.0018	-0.0197	
7.1834	-25.1186	-7.1861	0.3739	-0.7329	-0.3768	0.1514	0.1180	-0.1866	-0.9635	-0.0269	-0.0013	-0.0204	
7.2241	-25.1958	-7.2177	0.3741	-0.7332	-0.3764	0.1412	0.1091	-0.1992	-0.9636	-0.0268	-0.0009	-0.0207	
7.2534	-25.2667	-7.2546	0.3735	-0.7330	-0.3763	0.1335	0.1043	-0.2127	-0.9623	-0.0265	-0.0009	-0.0209	
7.2974	-25.3349	-7.2854	0.3740	-0.7326	-0.3758	0.1251	0.0906	-0.2254	-0.9620	-0.0262	-0.0002	-0.0213	
7.3336	-25.4075	-7.3181	0.3739	-0.7326	-0.3754	0.1170	0.0812	-0.2367	-0.9611	-0.0260	0.0002	-0.0215	
7.3709	-25.4768	-7.3528	0.3739	-0.7323	-0.3752	0.1047	0.0678	-0.2459	-0.9613	-0.0260	0.0010	-0.0216	
7.4041	-25.5417	-7.3811	0.3735	-0.7316	-0.3745	0.0962	0.0563	-0.2584	-0.9596	-0.0257	0.0015	-0.0218	
7.4380	-25.6182	-7.4145	0.3733	-0.7319	-0.3742	0.0889	0.0491	-0.2705	-0.9574	-0.0255	0.0017	-0.0220	
7.4736	-25.6843	-7.4605	0.3731	-0.7313	-0.3749	0.0796	0.0400	-0.2818	-0.9554	-0.0253	0.0020	-0.0222	
7.5088	-25.7599	-7.5006	0.3730	-0.7315	-0.3751	0.0657	0.0292	-0.2936	-0.9532	-0.0255	0.0024	-0.0224	
7.5474	-25.8389	-7.5350	0.3731	-0.7320	-0.3748	0.0544	0.0182	-0.3026	-0.9514	-0.0254	0.0029	-0.0224	
7.5871	-25.9049	-7.5696	0.3732	-0.7314	-0.3746	0.0511	0.0070	-0.3144	-0.9480	-0.0249	0.0034	-0.0226	
7.6250	-25.9808	-7.6003	0.3733	-0.7316	-0.3741	0.0426	-0.0010	-0.3227	-0.9456	-0.0247	0.0036	-0.0225	
7.6548	-26.0614	-7.6385	0.3727	-0.7321	-0.3742	0.0349	-0.0066	-0.3340	-0.9419	-0.0245	0.0036	-0.0226	
7.6891	-26.1298	-7.6732	0.3725	-0.7318	-0.3740	0.0289	-0.0177	-0.3413	-0.9394	-0.0241	0.0041	-0.0224	
7.7249	-26.2060	-7.7081	0.3724	-0.7320	-0.3738	0.0207	-0.0308	-0.3495	-0.9362	-0.0239	0.0048	-0.0224	
7.7503	-26.2860	-7.7492	0.3716	-0.7325	-0.3741	0.0139	-0.0414	-0.3592	-0.9323	-0.0241	0.0046	-0.0224	
7.7909	-26.3555	-7.7932	0.3718	-0.7322	-0.3746	-0.0006	-0.0510	-0.3672	-0.9287	-0.0244	0.0049	-0.0223	
7.8084	-26.4273	-7.8217	0.3704	-0.7321	-0.3739	0.0067	0.0619	0.3739	0.9255	-0.0246	0.0046	-0.0223	
7.8326	-26.4998	-7.8664	0.3696	-0.7321	-0.3744	0.0141	0.0715	0.3818	0.9214	-0.0248	0.0045	-0.0223	
7.8622	-26.5637	-7.8996	0.3691	-0.7314	-0.3741	0.0215	0.0826	0.3895	0.9171	-0.0251	0.0042	-0.0222	
7.9075	-26.6300	-7.9388	0.3697	-0.7309	-0.3743	0.0330	0.0901	0.3970	0.9128	-0.0252	0.0042	-0.0223	
7.9400	-26.7011	-7.9766	0.3694	-0.7308	-0.3743	0.0454	0.1005	0.4043	0.9080	-0.0252	0.0040	-0.0222	
7.9649	-26.7839	-8.0187	0.3685	-0.7314	-0.3746	0.0551	0.1103	0.4136	0.9021	-0.0253	0.0040	-0.0221	
7.9864	-26.8572	-8.0543	0.3675	-0.7315	-0.3745	0.0646	0.1196	0.4197	0.8975	-0.0255	0.0040	-0.0220	
8.0181	-26.9233	-8.0842	0.3672	-0.7310	-0.3740	0.0750	0.1277	0.4257	0.8927	-0.0257	0.0040	-0.0218	
8.0484	-27.0001	-8.1271	0.3668	-0.7312	-0.3743	0.0849	0.1364	0.4331	0.8869	-0.0258	0.0041	-0.0217	
8.0772	-27.0717	-8.1576	0.3662	-0.7311	-0.3738	0.0964	0.1472	0.4387	0.8813	-0.0261	0.0042	-0.0215	
8.1043	-27.1499	-8.1982	0.3656	-0.7315	-0.3740	0.1048	0.1567	0.4464	0.8748	-0.0262	0.0045	-0.0214	
8.1279	-27.2251	-8.2400	0.3648	-0.7316	-0.3743	0.1129	0.1684	0.4533	0.8680	-0.0264	0.0050	-0.0212	
8.1556	-27.2934	-8.2798	0.3642	-0.7313	-0.3745	0.1203	0.1780	0.4590	0.8622	-0.0265	0.0053	-0.0209	
8.1929	-27.3626	-8.3215	0.3643	-0.7310	-0.3748	0.1291	0.1866	0.4652	0.8557	-0.0265	0.0056	-0.0208	
8.2249	-27.4350	-8.3550	0.3640	-0.7310	-0.3745	0.1413	0.1950	0.4692	0.8496	-0.0266	0.0056	-0.0205	
8.2587	-27.5105	-8.3992	0.3639	-0.7311	-0.3750	0.1487	0.2067	0.4748	0.8425	-0.0267	0.0061	-0.0203	
8.2921	-27.5835	-8.4450	0.3637	-0.7311	-0.3755	0.1576	0.2173	0.4794	0.8356	-0.0268	0.0065	-0.0200	
8.3273	-27.6549	-8.4805	0.3636	-0.7310	-0.3754	0.1678	0.2282	0.4815	0.8294	-0.0270	0.0067	-0.0195	
8.3565	-27.7232	-8.5209	0.3632	-0.7307	-0.3756	0.1759	0.2395	0.4861	0.8219	-0.0270	0.0072	-0.0193	
8.3926	-27.7968	-8.5616	0.3632	-0.7307	-0.3758	0.1828	0.2485	0.4917	0.8144	-0.0267	0.0076	-0.0192	
8.4314	-27.8722	-8.6059	0.3634	-0.7309	-0.3762	0.1886	0.2568	0.4958	0.8080	-0.0263	0.0078	-0.0189	
8.4686	-27.9491	-8.6440	0.3634	-0.7311	-0.3762	0.1979	0.2657	0.5030	0.7983	-0.0262	0.0081	-0.0191	
8.5051	-28.0231	-8.6829	0.3635	-0.7312	-0.3763	0.2049	0.2809	0.5040	0.7907	-0.0264	0.0088	-0.0186	
8.5425	-28.0991	-8.7224	0.3636	-0.7314	-0.3764	0.2091	0.2954	0.5074	0.7821	-0.0263	0.0096	-0.0183	
8.5859	-28.1701	-8.7582	0.3640	-0.7312	-0.3763	0.2144	0.3127	0.5094	0.7725	-0.0264	0.0106	-0.0180	
8.6241	-28.2456	-8.7929	0.3641	-0.7314	-0.3761	0.2237	0.3228	0.5129	0.7634	-0.0264	0.0108	-0.0179	
8.6577	-28.3208	-8.8218	0.3640	-0.7315	-0.3755	0.2277	0.3371	0.5153	0.7544	-0.0263	0.0115	-0.0177	
8.6957	-28.3894	-8.8577	0.3641	-0.7312	-0.3754	0.2342	0.3520	0.5160	0.7451	-0.0264	0.0121	-0.0173	
8.7282	-28.4584	-8.8996	0.3638	-0.7310	-0.3757	0.2412	0.3630	0.5157	0.7377	-0.0263	0.0122	-0.0169	
8.7724	-28.5348	-8.9325	0.3643	-0.7312	-0.3754	0.2452	0.3754	0.5172	0.7291	-0.0260	0.0127	-0.0166	
8.8148	-28.6113	-8.9690	0.3647	-0.7314	-0.3754	0.2477	0.3864	0.5163	0.7232	-0.0256	0.0130	-0.0160	
8.8563	-28.6778	-9.0050	0.3650	-0.7310	-0.3753	0.2563	0.3980	0.5118	0.7170	-0.0258	0.0130	-0.0153	
8.8946	-28.7495	-9.0477	0.3652	-0.7309	-0.3756	0.2600	0.4118	0.5139	0.7062	-0.0256	0.0136	-0.0152	
8.9381	-28.8197	-9.0928	0.3656	-0.7307	-0.3761	0.2650	0.4222	0.5138	0.6984	-0.0254	0.0137	-0.0148	
8.9709	-28.8938	-9.1292	0.3654	-0.7308	-0.3760	0.2658	0.4327	0.5117	0.6933	-0.0249	0.0139	-0.0142	
9.0063	-28.9609	-9.1666	0.3653	-0.7304	-0.3760	0.2742	0.4421	0.5092	0.6857	-0.0250	0.0138	-0.0138	
9.0467	-29.0402	-9.2028	0.3655	-0.7308	-0.3759	0.2756	0.4541	0.5058	0.6799	-0.0247	0.0141	-0.0132	
9.0834	-29.1110	-9.2413	0.3656	-0.7306	-0.3760	0.2794	0.4641	0.5045	0.6725	-0.0245	0.0143	-0.0129	
9.1218	-29.1879	-9.2837	0.3657	-0.7309	-0.3763	0.2839	0.4765	0.5033	0.6626	-0.0244	0.0146	-0.0127	
9.1643	-29.2607	-9.3242	0.3660	-0.7308	-0.3764	0.2850	0.4909	0.4989	0.6550	-0.0243	0.0150	-0.0121	
9.2011	-29.3347	-9.3630	0.3660	-0.7309	-0.3765	0.2857	0.5026	0.4987	0.6459	-0.0240	0.0154	-0.0119	
9.2425	-29.4127	-9.4025	0.3663	-0.7312	-0.3766	0.2892	0.5120	0.4947	0.6401	-0.0238	0.0154	-0.0114	
9.2750	-29.4898	-9.4462	0.3661	-0.7314	-0.3770	0.2936	0.5189	0.4952	0.6321	-0.0235	0.0153	-0.0113	
9.3132	-29.5602	-9.4850	0.3662	-0.7312	-0.3770	0.2958	0.5285	0.4937	0.6242	-0.0233	0.0154	-0.0111	
9.3533	-29.6329	-9.5224	0.3664	-0.7312	-0.3770	0.3023	0.5377	0.4921	0.6143	-0.0233	0.0154	-0.0110	
9.3897	-29.7062	-9.5614	0.3664	-0.7312	-0.3771	0.3050	0.5518	0.4878	0.6039	-0.0234	0.0159	-0.0106	
9.4346	-29.7812	-9.5922	0.3668	-0.7314	-0.3767	0.3159	0.5600	0.4893	0.5892	-0.0236	0.0158	-0.0110	
9.4756	-29.8572	-9.6308	0.3671	-0.7315	-0.3767	0.3168	0.5670	0.4899	0.5817	-0.0231	0.0158	-0.0109	
9.5182	-29.9264	-9.6649	0.3674	-0.7313	-0.3765	0.3218	0.5729	0.4872	0.5753	-0.0229	0.0155	-0.0106	
9.5608	-29.9962	-9.7009	0.3678	-0.7311	-0.3764	0.3268	0.5842	0.4852	0.5625	-0.0231	0.0158	-0.0106	
9.5972	-30.0679	-9.7343	0.3677	-0.7310	-0.3762	0.3278	0.5953	0.4828	0.5525	-0.0229	0.0161	-0.0103	
9.6355	-30.1459	-9.7678	0.3678	-0.7313	-0.3760	0.3329	0.6037	0.4799	0.5426	-0.0229	0.0161	-0.0102	
9.6720	-30.2198	-9.8036	0.3678	-0.7313	-0.3759	0.3368	0.6121	0.4775	0.5329	-0.0228	0.0161	-0.0100	
9.7136	-30.2861	-9.8389	0.3681	-0.7309	-0.3757	0.3368	0.6220	0.4775	0.5213	-0.0225	0.0165	-0.0100	
9.7526	-30.3625	-9.8737	0.3682	-0.7311	-0.3756	0.3372	0.6313	0.4764	0.5107	-0.0223	0.0168	-0.0098	
9.7954	-30.4344	-9.9080	0.3685	-0.7311	-0.3754	0.3378	0.6403	0.4736	0.5018	-0.0221	0.0169	-0.0096	
9.8389	-30.5120	-9.9490	0.3689	-0.7313	-0.3756	0.3430	0.6502	0.4689	0.4895	-0.0223	0.0170	-0.0094	
9.8838	-30.5827	-9.9907	0.3694	-0.7312	-0.3758	0.3470	0.6595	0.4665	0.4765	-0.0223	0.0171	-0.0094	
9.9274	-30.6577	-10.0300	0.3697	-0.7313	-0.3759	0.3506	0.6660	0.4649	0.4663	-0.0222	0.0170	-0.0094	
9.9672	-30.7248	-10.0729	0.3699	-0.7309	-0.3762	0.3516	0.6746	0.4621	0.4559	-0.0220	0.0171	-0.0092	
10.0007	-30.8000	-10.1130	0.3697	-0.7311	-0.3763	0.3538	0.6827	0.4585	0.4455	-0.0220	0.0172	-0.0090	
10.0388	-30.8741	-10.1471	0.3697	-0.7311	-0.3761	0.3593	0.6913	0.4543	0.4319	-0.0222	0.0173	-0.0090	
10.0730	-30.9530	-10.1803	0.3696	-0.7314	-0.3759	0.3597	0.7019	0.4464	0.4227	-0.0223	0.0174	-0.0085	
10.1107	-31.0293	-10.2194	0.3696	-0.7316	-0.3760	0.3600	0.7102	0.4411	0.4141	-0.0221	0.0174	-0.0081	
10.1506	-31.0996	-10.2569	0.3698	-0.7314	-0.3760	0.3624	0.7194	0.4342	0.4033	-0.0223	0.0174	-0.0078	
10.1807	-31.1764	-10.2898	0.3694	-0.7316	-0.3757	0.3700	0.7254	0.4266	0.3936	-0.0226	0.0171	-0.0077	
10.2182	-31.2490	-10.3283	0.3694	-0.7316	-0.3758	0.3736	0.7301	0.4221	0.3864	-0.0224	0.0167	-0.0075	
10.2544	-31.3199	-10.3667	0.3694	-0.7315	-0.3758	0.3782	0.7371	0.4163	0.3747	-0.0226	0.0166	-0.0074	
10.2961	-31.4002	-10.4039	0.3697	-0.7319	-0.3758	0.3803	0.7461	0.4094	0.3621	-0.0227	0.0168	-0.0072	
10.3424	-31.4751	-10.4428	0.3702	-0.7320	-0.3759	0.3834	0.7546	0.4023	0.3488	-0.0230	0.0169	-0.0071	
10.3823	-31.5482	-10.4795	0.3703	-0.7320	-0.3758	0.3845	0.7598	0.4005	0.3384	-0.0227	0.0169	-0.0071	
10.4254	-31.6185	-10.5158	0.3706	-0.7318	-0.3758	0.3876	0.7652	0.3977	0.3258	-0.0226	0.0169	-0.0071	
10.4644	-31.6887	-10.5551	0.3707	-0.7316	-0.3759	0.3898	0.7722	0.3914	0.3140	-0.0227	0.0169	-0.0070	
10.4980	-31.7599	-10.5917	0.3706	-0.7315	-0.3758	0.3916	0.7805	0.3854	0.2982	-0.0229	0.0173	-0.0069	
10.5374	-31.8388	-10.6324	0.3707	-0.7318	-0.3760	0.3938	0.7845	0.3803	0.2915	-0.0226	0.0169	-0.0067	
10.5724	-31.9140	-10.6744	0.3706	-0.7320	-0.3762	0.4001	0.7870	0.3775	0.2794	-0.0226	0.0166	-0.0070	
10.6151	-31.9907	-10.7091	0.3709	-0.7321	-0.3760	0.4054	0.7912	0.3729	0.2658	-0.0227	0.0166	-0.0071	
10.6543	-32.0639	-10.7469	0.3710	-0.7321	-0.3761	0.4090	0.7964	0.3675	0.2518	-0.0228	0.0166	-0.0072	
10.6886	-32.1369	-10.7836	0.3708	-0.7321	-0.3760	0.4150	0.7990	0.3636	0.2394	-0.0228	0.0164	-0.0074	
10.7265	-32.2119	-10.8169	0.3709	-0.7322	-0.3758	0.4188	0.8034	0.3561	0.2289	-0.0229	0.0162	-0.0073	
10.7666	-32.2858	-10.8535	0.3710	-0.7323	-0.3757	0.4263	0.8060	0.3485	0.2171	-0.0232	0.0158	-0.0074	
10.8056	-32.3596	-10.8876	0.3711	-0.7323	-0.3756	0.4327	0.8074	0.3437	0.2072	-0.0231	0.0154	-0.0076	
10.8431	-32.4354	-10.9317	0.3711	-0.7324	-0.3759	0.4351	0.8133	0.3329	0.1958	-0.0234	0.0153	-0.0073	
10.8849	-32.5089	-10.9757	0.3714	-0.7324	-0.3762	0.4385	0.8161	0.3287	0.1833	-0.0233	0.0153	-0.0074	
10.9276	-32.5791	-11.0167	0.3717	-0.7323	-0.3764	0.4417	0.8202	0.3192	0.1741	-0.0235	0.0149	-0.0072	
10.9708	-32.6557	-11.0540	0.3720	-0.7324	-0.3764	0.4444	0.8255	0.3097	0.1582	-0.0238	0.0151	-0.0072	
11.0101	-32.7291	-11.0920	0.3721	-0.7325	-0.3764	0.4472	0.8280	0.3038	0.1489	-0.0237	0.0149	-0.0071	
11.0490	-32.8011	-11.1262	0.3722	-0.7324	-0.3762	0.4519	0.8286	0.3001	0.1383	-0.0235	0.0147	-0.0073	
11.0891	-32.8806	-11.1676	0.3723	-0.7327	-0.3764	0.4541	0.8313	0.2943	0.1269	-0.0234	0.0146	-0.0073	
11.1320	-32.9562	-11.2077	0.3726	-0.7328	-0.3765	0.4584	0.8330	0.2859	0.1197	-0.0234	0.0141	-0.0072	
11.1680	-33.0277	-11.2464	0.3725	-0.7327	-0.3766	0.4585	0.8363	0.2794	0.1115	-0.0232	0.0140	-0.0069	
11.2061	-33.1028	-11.2833	0.3726	-0.7328	-0.3766	0.4597	0.8400	0.2717	0.0952	-0.0235	0.0143	-0.0069	
11.2418	-33.1748	-11.3199	0.3725	-0.7328	-0.3765	0.4638	0.8416	0.2631	0.0859	-0.0235	0.0140	-0.0069	
11.2787	-33.2507	-11.3506	0.3725	-0.7329	-0.3762	0.4677	0.8417	0.2596	0.0732	-0.0234	0.0140	-0.0071	
11.3159	-33.3234	-11.3914	0.3725	-0.7329	-0.3763	0.4669	0.8448	0.2538	0.0623	-0.0232	0.0141	-0.0069	
11.3568	-33.3989	-11.4279	0.3726	-0.7330	-0.3763	0.4723	0.8448	0.2459	0.0538	-0.0232	0.0137	-0.0070	
11.3920	-33.4714	-11.4651	0.3725	-0.7329	-0.3762	0.4746	0.8466	0.2377	0.0393	-0.0234	0.0138	-0.0070	
11.4300	-33.5464	-11.5008	0.3726	-0.7330	-0.3761	0.4807	0.8451	0.2327	0.0264	-0.0234	0.0136	-0.0074	
11.4655	-33.6238	-11.5415	0.3725	-0.7332	-0.3763	0.4814	0.8466	0.2267	0.0129	-0.0233	0.0138	-0.0074	
11.5067	-33.6967	-11.5809	0.3727	-0.7332	-0.3764	0.4821	0.8470	0.2244	0.0012	-0.0230	0.0139	-0.0074	
11.5468	-33.7721	-11.6174	0.3728	-0.7333	-0.3763	0.4855	0.8468	0.2165	-0.0152	-0.0233	0.0140	-0.0076	
11.5829	-33.8414	-11.6545	0.3728	-0.7331	-0.3763	0.4944	0.8435	0.2082	-0.0275	-0.0235	0.0136	-0.0082	
11.6180	-33.9164	-11.6881	0.3727	-0.7332	-0.3761	0.4946	0.8439	0.2043	-0.0391	-0.0232	0.0137	-0.0081	
11.6587	-33.9911	-11.7275	0.3728	-0.7333	-0.3762	0.4964	0.8433	0.1990	-0.0525	-0.0232	0.0138	-0.0082	
11.6968	-34.0651	-11.7616	0.3729	-0.7333	-0.3760	0.4978	0.8435	0.1915	-0.0640	-0.0232	0.0138	-0.0081	
11.7333	-34.1403	-11.8019	0.3728	-0.7334	-0.3762	0.5000	0.8425	0.1843	-0.0785	-0.0233	0.0139	-0.0082	
11.7716	-34.2184	-11.8423	0.3729	-0.7336	-0.3763	0.5020	0.8420	0.1748	-0.0916	-0.0235	0.0138	-0.0082	
11.8083	-34.2934	-11.8841	0.3728	-0.7337	-0.3765	0.5045	0.8401	0.1678	-0.1071	-0.0236	0.0139	-0.0084	
11.8512	-34.3669	-11.9198	0.3731	-0.7337	-0.3764	0.5076	0.8382	0.1610	-0.1179	-0.0235	0.0138	-0.0086	
11.8874	-34.4437	-11.9560	0.3731	-0.7338	-0.3763	0.5091	0.8371	0.1536	-0.1283	-0.0234	0.0137	-0.0085	
11.9253	-34.5260	-11.9964	0.3731	-0.7343	-0.3765	0.5108	0.8357	0.1426	-0.1425	-0.0237	0.0137	-0.0086	
11.9585	-34.6014	-12.0330	0.3729	-0.7344	-0.3764	0.5137	0.8324	0.1389	-0.1549	-0.0235	0.0137	-0.0088	
11.9960	-34.6777	-12.0722	0.3729	-0.7345	-0.3765	0.5171	0.8293	0.1299	-0.1675	-0.0236	0.0136	-0.0090	
12.0337	-34.7542	-12.1065	0.3729	-0.7346	-0.3763	0.5182	0.8270	0.1219	-0.1809	-0.0237	0.0137	-0.0090	
12.0692	-34.8258	-12.1425	0.3728	-0.7345	-0.3762	0.5181	0.8257	0.1166	-0.1903	-0.0234	0.0136	-0.0089	
12.1093	-34.8994	-12.1766	0.3730	-0.7346	-0.3761	0.5189	0.8242	0.1048	-0.2012	-0.0237	0.0134	-0.0088	
12.1523	-34.9693	-12.2133	0.3732	-0.7344	-0.3760	0.5185	0.8234	0.0966	-0.2097	-0.0237	0.0132	-0.0086	
12.1897	-35.0460	-12.2529	0.3732	-0.7345	-0.3761	0.5196	0.8206	0.0885	-0.2208	-0.0237	0.0131	-0.0086	
12.2292	-35.1191	-12.2909	0.3733	-0.7345	-0.3761	0.5209	0.8184	0.0816	-0.2288	-0.0235	0.0129	-0.0086	
12.2690	-35.1882	-12.3262	0.3734	-0.7343	-0.3760	0.5231	0.8151	0.0710	-0.2388	-0.0237	0.0127	-0.0087	
12.3103	-35.2630	-12.3655	0.3736	-0.7344	-0.3761	0.5252	0.8101	0.0679	-0.2517	-0.0234	0.0128	-0.0089	
12.3460	-35.3426	-12.4097	0.3735	-0.7347	-0.3764	0.5252	0.8066	0.0595	-0.2646	-0.0235	0.0129	-0.0090	
12.3873	-35.4201	-12.4433	0.3737	-0.7349	-0.3762	0.5250	0.8037	0.0490	-0.2759	-0.0237	0.0128	-0.0089	
12.4247	-35.4958	-12.4744	0.3737	-0.7350	-0.3759	0.5274	0.7992	0.0413	-0.2854	-0.0236	0.0127	-0.0090	
12.4650	-35.5685	-12.5134	0.3739	-0.7349	-0.3760	0.5298	0.7942	0.0299	-0.2961	-0.0238	0.0125	-0.0092	
12.4991	-35.6428	-12.5531	0.3737	-0.7350	-0.3761	0.5295	0.7915	0.0238	-0.3044	-0.0235	0.0124	-0.0091	
12.5324	-35.7199	-12.5864	0.3735	-0.7351	-0.3759	0.5266	0.7884	0.0129	-0.3177	-0.0239	0.0124	-0.0089	
12.5714	-35.7947	-12.6214	0.3736	-0.7352	-0.3758	0.5278	0.7808	0.0044	-0.3340	-0.0241	0.0127	-0.0092	
12.6138	-35.8692	-12.6577	0.3738	-0.7352	-0.3757	0.5276	0.7752	-0.0059	-0.3473	-0.0244	0.0128	-0.0093	
12.6513	-35.9428	-12.6975	0.3738	-0.7352	-0.3758	0.5245	0.7711	-0.0151	-0.3605	-0.0246	0.0129	-0.0091	
12.6912	-36.0132	-12.7351	0.3740	-0.7351	-0.3758	0.5252	0.7672	-0.0219	-0.3678	-0.0244	0.0127	-0.0091	
12.7275	-36.0921	-12.7685	0.3739	-0.7353	-0.3756	0.5243	0.7613	-0.0233	-0.3807	-0.0240	0.0130	-0.0091	
12.7651	-36.1660	-12.8062	0.3739	-0.7353	-0.3757	0.5245	0.7562	-0.0302	-0.3902	-0.0238	0.0129	-0.0091	
12.7967	-36.2379	-12.8451	0.3737	-0.7353	-0.3757	0.5225	0.7519	-0.0425	-0.3998	-0.0241	0.0127	-0.0090	
12.8299	-36.3110	-12.8813	0.3735	-0.7353	-0.3757	0.5225	0.7452	-0.0491	-0.4114	-0.0240	0.0128	-0.0091	
12.8655	-36.3880	-12.9179	0.3734	-0.7354	-0.3756	0.5223	0.7401	-0.0570	-0.4199	-0.0239	0.0127	-0.0091	
12.9051	-36.4632	-12.9498	0.3735	-0.7355	-0.3754	0.5190	0.7363	-0.0610	-0.4300	-0.0237	0.0128	-0.0088	
12.9476	-36.5392	-12.9873	0.3737	-0.7356	-0.3754	0.5216	0.7275	-0.0681	-0.4405	-0.0236	0.0128	-0.0092	
12.9863	-36.6111	-13.0272	0.3738	-0.7355	-0.3755	0.5207	0.7216	-0.0750	-0.4501	-0.0235	0.0128	-0.0093	
13.0283	-36.6851	-13.0643	0.3740	-0.7355	-0.3754	0.5194	0.7138	-0.0822	-0.4625	-0.0236	0.0129	-0.0094	
13.0603	-36.7639	-13.1015	0.3738	-0.7358	-0.3754	0.5185	0.7057	-0.0947	-0.4734	-0.0239	0.0129	-0.0095	
13.0986	-36.8364	-13.1423	0.3738	-0.7357	-0.3756	0.5165	0.6984	-0.1008	-0.4851	-0.0239	0.0130	-0.0095	
13.1365	-36.9103	-13.1777	0.3738	-0.7357	-0.3755	0.5143	0.6933	-0.1102	-0.4928	-0.0239	0.0128	-0.0094	
13.1760	-36.9804	-13.2192	0.3739	-0.7356	-0.3756	0.5122	0.6873	-0.1186	-0.5012	-0.0240	0.0126	-0.0094	
13.2100	-37.0573	-13.2599	0.3738	-0.7357	-0.3758	0.5089	0.6792	-0.1255	-0.5138	-0.0240	0.0129	-0.0094	
13.2415	-37.1358	-13.2997	0.3735	-0.7359	-0.3759	0.5082	0.6731	-0.1312	-0.5212	-0.0238	0.0128	-0.0094	
13.2763	-37.2097	-13.3386	0.3734	-0.7359	-0.3759	0.5070	0.6651	-0.1387	-0.5305	-0.0237	0.0128	-0.0095	
13.3142	-37.2876	-13.3768	0.3734	-0.7361	-0.3760	0.5020	0.6600	-0.1454	-0.5397	-0.0237	0.0127	-0.0092	
13.3511	-37.3629	-13.4143	0.3734	-0.7362	-0.3760	0.4970	0.6519	-0.1537	-0.5517	-0.0240	0.0128	-0.0090	
13.3924	-37.4310	-13.4524	0.3736	-0.7360	-0.3760	0.4941	0.6469	-0.1638	-0.5574	-0.0241	0.0125	-0.0089	
13.4337	-37.5026	-13.4898	0.3737	-0.7359	-0.3760	0.4913	0.6369	-0.1730	-0.5684	-0.0243	0.0126	-0.0091	
13.4732	-37.5766	-13.5209	0.3738	-0.7359	-0.3757	0.4859	0.6275	-0.1830	-0.5801	-0.0247	0.0126	-0.0090	
13.5154	-37.6447	-13.5591	0.3740	-0.7357	-0.3757	0.4833	0.6215	-0.1903	-0.5865	-0.0245	0.0124	-0.0090	
13.5526	-37.7231	-13.5961	0.3740	-0.7359	-0.3757	0.4796	0.6150	-0.1972	-0.5941	-0.0245	0.0123	-0.0088	
13.5901	-37.8006	-13.6373	0.3740	-0.7360	-0.3758	0.4732	0.6084	-0.2067	-0.6027	-0.0247	0.0122	-0.0086	
13.6296	-37.8748	-13.6762	0.3741	-0.7361	-0.3759	0.4719	0.5996	-0.2192	-0.6081	-0.0249	0.0118	-0.0089	
13.6685	-37.9488	-13.7123	0.3742	-0.7361	-0.3758	0.4666	0.5903	-0.2310	-0.6168	-0.0252	0.0117	-0.0089	
13.7054	-38.0197	-13.7527	0.3741	-0.7360	-0.3760	0.4651	0.5813	-0.2365	-0.6244	-0.0250	0.0118	-0.0090	
13.7412	-38.0969	-13.7939	0.3741	-0.7361	-0.3761	0.4593	0.5761	-0.2433	-0.6310	-0.0249	0.0116	-0.0088	
13.7793	-38.1728	-13.8270	0.3741	-0.7362	-0.3759	0.4546	0.5655	-0.2502	-0.6409	-0.0250	0.0118	-0.0088	
13.8166	-38.2514	-13.8621	0.3741	-0.7364	-0.3758	0.4484	0.5574	-0.2542	-0.6509	-0.0250	0.0120	-0.0085	
13.8497	-38.3253	-13.8981	0.3739	-0.7364	-0.3758	0.4421	0.5484	-0.2596	-0.6606	-0.0250	0.0122	-0.0083	
13.8886	-38.3987	-13.9351	0.3740	-0.7364	-0.3757	0.4394	0.5377	-0.2703	-0.6669	-0.0251	0.0120	-0.0086	
13.9272	-38.4730	-13.9722	0.3740	-0.7364	-0.3757	0.4390	0.5295	-0.2774	-0.6709	-0.0248	0.0119	-0.0087	
13.9662	-38.5439	-14.0123	0.3741	-0.7363	-0.3758	0.4343	0.5189	-0.2899	-0.6768	-0.0251	0.0116	-0.0090	
14.0014	-38.6172	-14.0503	0.3740	-0.7363	-0.3758	0.4295	0.5093	-0.2979	-0.6837	-0.0252	0.0116	-0.0090	
14.0398	-38.6883	-14.0902	0.3741	-0.7362	-0.3759	0.4268	0.4972	-0.3075	-0.6899	-0.0253	0.0116	-0.0092	
14.0789	-38.7657	-14.1325	0.3741	-0.7364	-0.3761	0.4194	0.4865	-0.3115	-0.7003	-0.0253	0.0119	-0.0091	
14.1181	-38.8370	-14.1722	0.3742	-0.7363	-0.3762	0.4162	0.4792	-0.3151	-0.7056	-0.0250	0.0119	-0.0089	
14.1558	-38.9132	-14.2150	0.3742	-0.7364	-0.3764	0.4080	0.4716	-0.3233	-0.7118	-0.0252	0.0117	-0.0087	
14.1939	-38.9856	-14.2570	0.3742	-0.7363	-0.3766	0.4007	0.4608	-0.3338	-0.7181	-0.0255	0.0115	-0.0088	
14.2279	-39.0612	-14.2949	0.3741	-0.7364	-0.3766	0.3989	0.4508	-0.3401	-0.7225	-0.0252	0.0115	-0.0089	
14.2685	-39.1360	-14.3354	0.3742	-0.7365	-0.3767	0.3954	0.4435	-0.3434	-0.7275	-0.0249	0.0115	-0.0088	
14.3085	-39.2110	-14.3735	0.3743	-0.7365	-0.3767	0.3903	0.4351	-0.3526	-0.7308	-0.0249	0.0112	-0.0089	
14.3461	-39.2856	-14.4125	0.3743	-0.7365	-0.3768	0.3864	0.4263	-0.3578	-0.7355	-0.0248	0.0112	-0.0088	
14.3836	-39.3542	-14.4509	0.3743	-0.7363	-0.3768	0.3772	0.4156	-0.3632	-0.7437	-0.0250	0.0113	-0.0086	
14.4224	-39.4315	-14.4848	0.3744	-0.7365	-0.3766	0.3707	0.4041	-0.3674	-0.7512	-0.0250	0.0115	-0.0085	
14.4630	-39.5043	-14.5210	0.3745	-0.7365	-0.3766	0.3634	0.3960	-0.3729	-0.7564	-0.0250	0.0114	-0.0083	
14.5000	-39.5749	-14.5645	0.3745	-0.7363	-0.3768	0.3614	0.3879	-0.3798	-0.7582	-0.0247	0.0112	-0.0084	
14.5379	-39.6483	-14.5996	0.3745	-0.7363	-0.3767	0.3566	0.3765	-0.3856	-0.7631	-0.0247	0.0113	-0.0084	
14.5754	-39.7240	-14.6375	0.3745	-0.7364	-0.3767	0.3482	0.3691	-0.3879	-0.7695	-0.0246	0.0113	-0.0080	
14.6134	-39.7956	-14.6748	0.3745	-0.7363	-0.3767	0.3447	0.3592	-0.3937	-0.7728	-0.0245	0.0112	-0.0081	
14.6548	-39.8658	-14.7177	0.3747	-0.7362	-0.3769	0.3395	0.3470	-0.4018	-0.7764	-0.0246	0.0112	-0.0083	
14.6911	-39.9414	-14.7469	0.3746	-0.7363	-0.3766	0.3334	0.3393	-0.4058	-0.7804	-0.0244	0.0111	-0.0081	
14.7283	-40.0163	-14.7844	0.3746	-0.7363	-0.3766	0.3280	0.3328	-0.4104	-0.7832	-0.0242	0.0108	-0.0079	
14.7651	-40.0946	-14.8194	0.3746	-0.7365	-0.3765	0.3184	0.3211	-0.4181	-0.7878	-0.0246	0.0108	-0.0080	
14.8019	-40.1710	-14.8542	0.3746	-0.7366	-0.3764	0.3076	0.3101	-0.4246	-0.7930	-0.0249	0.0107	-0.0078	
14.8415	-40.2448	-14.8973	0.3747	-0.7366	-0.3766	0.3038	0.2985	-0.4308	-0.7956	-0.0248	0.0107	-0.0080	
14.8824	-40.3213	-14.9359	0.3748	-0.7367	-0.3766	0.2994	0.2875	-0.4376	-0.7976	-0.0247	0.0107	-0.0082	
14.9214	-40.3927	-14.9722	0.3748	-0.7366	-0.3765	0.2909	0.2789	-0.4444	-0.8000	-0.0248	0.0104	-0.0082	
14.9622	-40.4711	-15.0096	0.3750	-0.7368	-0.3765	0.2856	0.2705	-0.4517	-0.8008	-0.0247	0.0101	-0.0083	
14.9985	-40.5451	-15.0417	0.3749	-0.7368	-0.3763	0.2789	0.2585	-0.4580	-0.8035	-0.0248	0.0102	-0.0083	
15.0379	-40.6201	-15.0810	0.3750	-0.7369	-0.3764	0.2749	0.2485	-0.4651	-0.8040	-0.0247	0.0100	-0.0086	
15.0801	-40.6918	-15.1219	0.3752	-0.7368	-0.3765	0.2683	0.2389	-0.4688	-0.8070	-0.0246	0.0100	-0.0084	
15.1145	-40.7646	-15.1644	0.3750	-0.7368	-0.3767	0.2570	0.2227	-0.4771	-0.8103	-0.0251	0.0102	-0.0086	
15.1479	-40.8397	-15.2015	0.3749	-0.7368	-0.3767	0.2513	0.2102	-0.4828	-0.8121	-0.0251	0.0102	-0.0087	
15.1891	-40.9104	-15.2413	0.3750	-0.7367	-0.3767	0.2412	0.1991	-0.4928	-0.8120	-0.0254	0.0099	-0.0090	
15.2313	-40.9817	-15.2786	0.3752	-0.7366	-0.3767	0.2351	0.1871	-0.5033	-0.8102	-0.0255	0.0096	-0.0094	
15.2687	-41.0547	-15.3156	0.3752	-0.7366	-0.3767	0.2304	0.1728	-0.5105	-0.8102	-0.0255	0.0098	-0.0097	
15.3073	-41.1311	-15.3540	0.3752	-0.7367	-0.3767	0.2266	0.1604	-0.5151	-0.8109	-0.0253	0.0099	-0.0098	
15.3461	-41.2065	-15.3936	0.3753	-0.7368	-0.3768	0.2155	0.1530	-0.5204	-0.8120	-0.0254	0.0096	-0.0096	
15.3846	-41.2814	-15.4331	0.3753	-0.7368	-0.3769	0.2076	0.1430	-0.5320	-0.8084	-0.0256	0.0091	-0.0101	
15.4246	-41.3546	-15.4703	0.3754	-0.7368	-0.3768	0.2046	0.1316	-0.5389	-0.8065	-0.0253	0.0091	-0.0104	
15.4632	-41.4280	-15.5034	0.3754	-0.7368	-0.3767	0.2032	0.1183	-0.5428	-0.8063	-0.0251	0.0093	-0.0105	
15.4994	-41.5024	-15.5447	0.3754	-0.7368	-0.3768	0.1955	0.1025	-0.5504	-0.8051	-0.0253	0.0095	-0.0108	
15.5386	-41.5755	-15.5810	0.3754	-0.7368	-0.3768	0.1890	0.0896	-0.5585	-0.8027	-0.0253	0.0094	-0.0111	
15.5773	-41.6509	-15.6218	0.3755	-0.7369	-0.3769	0.1811	0.0793	-0.5625	-0.8028	-0.0253	0.0093	-0.0110	
15.6199	-41.7252	-15.6609	0.3757	-0.7369	-0.3769	0.1807	0.0678	-0.5660	-0.8016	-0.0249	0.0095	-0.0111	
15.6545	-41.7978	-15.7018	0.3756	-0.7368	-0.3770	0.1716	0.0523	-0.5720	-0.8004	-0.0252	0.0097	-0.0112	
15.6976	-41.8695	-15.7393	0.3757	-0.7368	-0.3770	0.1661	0.0425	-0.5771	-0.7985	-0.0250	0.0095	-0.0113	
15.7360	-41.9438	-15.7804	0.3758	-0.7368	-0.3771	0.1596	0.0336	-0.5817	-0.7970	-0.0249	0.0094	-0.0112	
15.7737	-42.0206	-15.8219	0.3758	-0.7369	-0.3773	0.1538	0.0242	-0.5872	-0.7944	-0.0247	0.0092	-0.0114	
15.8075	-42.0935	-15.8629	0.3756	-0.7369	-0.3774	0.1475	0.0132	-0.5914	-0.7927	-0.0246	0.0092	-0.0114	
15.8474	-42.1726	-15.8996	0.3757	-0.7371	-0.3774	0.1433	0.0035	-0.5962	-0.7900	-0.0244	0.0091	-0.0115	
15.8879	-42.2465	-15.9356	0.3758	-0.7371	-0.3773	0.1369	-0.0062	-0.6018	-0.7868	-0.0243	0.0090	-0.0116	
15.9229	-42.3183	-15.9763	0.3757	-0.7370	-0.3774	0.1330	-0.0207	-0.6059	-0.7841	-0.0242	0.0092	-0.0117	
15.9627	-42.3892	-16.0120	0.3758	-0.7369	-0.3773	0.1257	-0.0311	-0.6112	-0.7808	-0.0242	0.0091	-0.0118	
16.0006	-42.4597	-16.0536	0.3758	-0.7368	-0.3775	0.1188	-0.0418	-0.6195	-0.7748	-0.0241	0.0089	-0.0123	
16.0347	-42.5324	-16.0878	0.3757	-0.7368	-0.3773	0.1161	-0.0525	-0.6237	-0.7713	-0.0238	0.0089	-0.0124	
16.0740	-42.6003	-16.1203	0.3758	-0.7366	-0.3772	0.1108	-0.0638	-0.6278	-0.7678	-0.0237	0.0089	-0.0124	
16.1150	-42.6728	-16.1552	0.3759	-0.7365	-0.3771	0.1062	-0.0792	-0.6368	-0.7595	-0.0238	0.0090	-0.0131	
16.1559	-42.7474	-16.1953	0.3760	-0.7366	-0.3771	0.0981	-0.0873	-0.6399	-0.7572	-0.0237	0.0088	-0.0129	
16.1912	-42.8189	-16.2341	0.3759	-0.7365	-0.3772	0.0921	-0.1037	-0.6456	-0.7509	-0.0238	0.0091	-0.0133	
16.2299	-42.8914	-16.2719	0.3760	-0.7364	-0.3772	0.0847	-0.1140	-0.6503	-0.7463	-0.0238	0.0089	-0.0134	
16.2701	-42.9655	-16.3120	0.3760	-0.7365	-0.3773	0.0791	-0.1278	-0.6568	-0.7389	-0.0238	0.0090	-0.0138	
16.3035	-43.0395	-16.3507	0.3759	-0.7365	-0.3773	0.0693	-0.1362	-0.6594	-0.7362	-0.0238	0.0088	-0.0136	
16.3415	-43.1163	-16.3923	0.3759	-0.7366	-0.3774	0.0650	-0.1482	-0.6650	-0.7291	-0.0237	0.0089	-0.0139	
16.3783	-43.1903	-16.4330	0.3759	-0.7366	-0.3775	0.0570	-0.1565	-0.6668	-0.7265	-0.0236	0.0087	-0.0137	
16.4165	-43.2666	-16.4722	0.3759	-0.7367	-0.3776	0.0543	-0.1711	-0.6700	-0.7203	-0.0235	0.0091	-0.0138	
16.4573	-43.3403	-16.5089	0.3760	-0.7367	-0.3775	0.0485	-0.1825	-0.6754	-0.7128	-0.0234	0.0090	-0.0141	
16.4992	-43.4116	-16.5476	0.3762	-0.7366	-0.3776	0.0459	-0.1969	-0.6802	-0.7046	-0.0233	0.0093	-0.0145	
16.5398	-43.4857	-16.5839	0.3763	-0.7366	-0.3775	0.0387	-0.2096	-0.6868	-0.6949	-0.0233	0.0093	-0.0150	
16.5790	-43.5598	-16.6180	0.3763	-0.7366	-0.3774	0.0336	-0.2234	-0.6913	-0.6863	-0.0233	0.0094	-0.0153	
16.6188	-43.6306	-16.6578	0.3764	-0.7365	-0.3775	0.0289	-0.2374	-0.6950	-0.6780	-0.0233	0.0096	-0.0155	
16.6571	-43.7064	-16.6945	0.3764	-0.7366	-0.3774	0.0233	-0.2461	-0.6987	-0.6714	-0.0231	0.0095	-0.0156	
16.6934	-43.7806	-16.7288	0.3764	-0.7366	-0.3773	0.0150	-0.2524	-0.7037	-0.6641	-0.0229	0.0092	-0.0157	
16.7330	-43.8540	-16.7660	0.3764	-0.7366	-0.3773	0.0099	-0.2670	-0.7056	-0.6563	-0.0230	0.0094	-0.0158	
16.7771	-43.9265	-16.8015	0.3766	-0.7366	-0.3772	0.0063	-0.2734	-0.7128	-0.6460	-0.0234	0.0096	-0.0153	
16.8157	-44.0040	-16.8434	0.3767	-0.7367	-0.3774	0.0023	-0.2859	-0.7149	-0.6381	-0.0233	0.0098	-0.0154	
16.8539	-44.0769	-16.8773	0.3767	-0.7367	-0.3772	0.0018	0.2967	0.7191	0.6284	-0.0234	0.0098	-0.0151	
16.8961	-44.1524	-16.9137	0.3768	-0.7367	-0.3772	0.0097	0.3057	0.7223	0.6203	-0.0234	0.0101	-0.0150	
16.9355	-44.2266	-16.9510	0.3769	-0.7368	-0.3772	0.0139	0.3168	0.7236	0.6131	-0.0235	0.0101	-0.0150	
16.9735	-44.3005	-16.9924	0.3769	-0.7368	-0.3773	0.0188	0.3264	0.7254	0.6058	-0.0235	0.0102	-0.0149	
17.0086	-44.3732	-17.0261	0.3768	-0.7367	-0.3772	0.0220	0.3394	0.7259	0.5979	-0.0236	0.0102	-0.0148	
17.0477	-44.4468	-17.0602	0.3769	-0.7367	-0.3770	0.0271	0.3508	0.7287	0.5875	-0.0236	0.0104	-0.0147	
17.0878	-44.5213	-17.0963	0.3769	-0.7368	-0.3770	0.0298	0.3615	0.7297	0.5796	-0.0236	0.0105	-0.0146	
17.1276	-44.5970	-17.1321	0.3770	-0.7368	-0.3769	0.0348	0.3728	0.7318	0.5694	-0.0236	0.0107	-0.0145	
17.1690	-44.6756	-17.1699	0.3771	-0.7370	-0.3769	0.0400	0.3824	0.7334	0.5607	-0.0235	0.0109	-0.0146	
17.2074	-44.7519	-17.2081	0.3772	-0.7371	-0.3769	0.0448	0.3922	0.7349	0.5514	-0.0234	0.0111	-0.0146	
17.2492	-44.8285	-17.2450	0.3773	-0.7372	-0.3769	0.0474	0.4031	0.7361	0.5416	-0.0232	0.0115	-0.0146	
17.2816	-44.9057	-17.2817	0.3771	-0.7373	-0.3769	0.0488	0.4167	0.7363	0.5308	-0.0232	0.0119	-0.0146	
17.3196	-44.9829	-17.3140	0.3771	-0.7374	-0.3767	0.0536	0.4279	0.7374	0.5198	-0.0231	0.0121	-0.0148	
17.3613	-45.0575	-17.3511	0.3773	-0.7374	-0.3767	0.0585	0.4371	0.7386	0.5099	-0.0229	0.0123	-0.0149	
17.3979	-45.1342	-17.3847	0.3772	-0.7375	-0.3766	0.0604	0.4484	0.7391	0.4991	-0.0227	0.0127	-0.0150	
17.4351	-45.2076	-17.4232	0.3772	-0.7375	-0.3766	0.0607	0.4585	0.7412	0.4865	-0.0223	0.0133	-0.0151	
17.4703	-45.2792	-17.4612	0.3771	-0.7374	-0.3766	0.0613	0.4711	0.7403	0.4757	-0.0223	0.0138	-0.0151	
17.5044	-45.3524	-17.4991	0.3770	-0.7374	-0.3766	0.0626	0.4847	0.7376	0.4658	-0.0224	0.0141	-0.0150	
17.5455	-45.4256	-17.5410	0.3771	-0.7374	-0.3767	0.0626	0.4947	0.7381	0.4546	-0.0220	0.0145	-0.0150	
17.5838	-45.5004	-17.5788	0.3771	-0.7374	-0.3767	0.0676	0.5050	0.7371	0.4440	-0.0220	0.0144	-0.0151	
17.6203	-45.5718	-17.6170	0.3771	-0.7374	-0.3768	0.0661	0.5159	0.7386	0.4290	-0.0217	0.0152	-0.0154	
17.6615	-45.6457	-17.6511	0.3772	-0.7374	-0.3766	0.0646	0.5261	0.7397	0.4146	-0.0213	0.0159	-0.0157	
17.6999	-45.7216	-17.6854	0.3772	-0.7374	-0.3765	0.0618	0.5325	0.7443	0.3985	-0.0205	0.0166	-0.0161	
17.7399	-45.7980	-17.7182	0.3773	-0.7375	-0.3764	0.0624	0.5437	0.7452	0.3810	-0.0204	0.0172	-0.0166	
17.7735	-45.8756	-17.7535	0.3772	-0.7376	-0.3763	0.0598	0.5547	0.7451	0.3653	-0.0202	0.0178	-0.0168	
17.8106	-45.9457	-17.7870	0.3772	-0.7375	-0.3762	0.0566	0.5629	0.7455	0.3526	-0.0197	0.0182	-0.0167	
17.8475	-46.0188	-17.8286	0.3771	-0.7375	-0.3763	0.0545	0.5730	0.7458	0.3353	-0.0195	0.0188	-0.0171	
17.8867	-46.0894	-17.8643	0.3772	-0.7374	-0.3762	0.0498	0.5831	0.7459	0.3181	-0.0192	0.0195	-0.0173	
17.9210	-46.1642	-17.9014	0.3771	-0.7374	-0.3762	0.0489	0.5898	0.7479	0.3006	-0.0187	0.0198	-0.0177	
17.9587	-46.2421	-17.9401	0.3771	-0.7376	-0.3763	0.0486	0.5952	0.7496	0.2854	-0.0182	0.0199	-0.0180	
17.9969	-46.3128	-17.9788	0.3771	-0.7375	-0.3763	0.0454	0.6056	0.7489	0.2651	-0.0181	0.0206	-0.0184	
18.0332	-46.3866	-18.0171	0.3771	-0.7375	-0.3763	0.0435	0.6112	0.7497	0.2501	-0.0177	0.0207	-0.0185	
18.0716	-46.4610	-18.0563	0.3771	-0.7375	-0.3764	0.0377	0.6178	0.7498	0.2341	-0.0172	0.0212	-0.0185	
18.1104	-46.5364	-18.0943	0.3771	-0.7375	-0.3764	0.0297	0.6218	0.7517	0.2181	-0.0164	0.0217	-0.0185	
18.1489	-46.6094	-18.1322	0.3771	-0.7375	-0.3764	0.0253	0.6279	0.7501	0.2062	-0.0160	0.0218	-0.0183	
18.1859	-46.6853	-18.1718	0.3771	-0.7376	-0.3764	0.0201	0.6364	0.7476	0.1887	-0.0159	0.0223	-0.0183	
18.2245	-46.7592	-18.2120	0.3771	-0.7376	-0.3765	0.0144	0.6415	0.7466	0.1762	-0.0154	0.0225	-0.0181	
18.2643	-46.8346	-18.2506	0.3772	-0.7376	-0.3765	0.0093	0.6481	0.7438	0.1633	-0.0151	0.0227	-0.0178	
18.3022	-46.9123	-18.2886	0.3772	-0.7378	-0.3766	0.0058	0.6544	0.7408	0.1514	-0.0149	0.0227	-0.0176	
18.3364	-46.9855	-18.3240	0.3771	-0.7377	-0.3765	0.0014	0.6621	0.7372	0.1342	-0.0149	0.0231	-0.0177	
18.3745	-47.0629	-18.3610	0.3771	-0.7378	-0.3765	0.0037	-0.6687	-0.7341	-0.1182	-0.0150	0.0228	-0.0177	
18.4104	-47.1384	-18.3989	0.3771	-0.7379	-0.3765	0.0077	-0.6768	-0.7285	-0.1058	-0.0149	0.0227	-0.0179	
18.4539	-47.2138	-18.4340	0.3772	-0.7379	-0.3764	0.0117	-0.6812	-0.7265	-0.0901	-0.0151	0.0226	-0.0178	
18.4917	-47.2884	-18.4712	0.3772	-0.7380	-0.3764	0.0150	-0.6874	-0.7222	-0.0752	-0.0152	0.0225	-0.0177	
18.5343	-47.3634	-18.5071	0.3774	-0.7380	-0.3763	0.0193	-0.6935	-0.7176	-0.0606	-0.0153	0.0224	-0.0177	
18.5708	-47.4396	-18.5447	0.3773	-0.7381	-0.3763	0.0236	-0.6990	-0.7131	-0.0478	-0.0154	0.0224	-0.0177	
18.6097	-47.5143	-18.5862	0.3774	-0.7381	-0.3764	0.0272	-0.7048	-0.7080	-0.0353	-0.0155	0.0224	-0.0177	
18.6487	-47.5901	-18.6211	0.3774	-0.7382	-0.3764	0.0318	-0.7116	-0.7016	-0.0215	-0.0156	0.0224	-0.0177	
18.6906	-47.6655	-18.6580	0.3775	-0.7382	-0.3763	0.0365	-0.7176	-0.6954	-0.0067	-0.0157	0.0224	-0.0176	
18.7330	-47.7427	-18.6922	0.3777	-0.7383	-0.3762	0.0425	-0.7222	-0.6903	0.0083	-0.0159	0.0226	-0.0174	
18.7698	-47.8168	-18.7269	0.3776	-0.7383	-0.3761	0.0468	-0.7276	-0.6840	0.0227	-0.0160	0.0228	-0.0172	
18.8113	-47.8952	-18.7618	0.3778	-0.7385	-0.3761	0.0540	-0.7323	-0.6779	0.0369	-0.0162	0.0231	-0.0168	
18.8472	-47.9699	-18.7982	0.3777	-0.7385	-0.3760	0.0575	-0.7371	-0.6714	0.0505	-0.0162	0.0232	-0.0167	
