0.4869	-11.8250	-0.3455	0.0000	0.0000	0.0000	0.5307	0.7719	0.3059	-0.1703	0.0000	0.0000	0.0000	
0.4109	-11.6805	-0.3477	-0.0075	0.0143	-0.0002	0.5195	0.7484	0.3539	-0.2255	0.0052	0.0302	-0.0050	
0.2821	-11.5630	-0.3283	-0.0250	0.0451	0.0010	0.5241	0.7687	0.2952	-0.2330	-0.0630	-0.0159	-0.0157	
0.2124	-11.5180	-0.3415	-0.0452	0.0658	-0.0049	0.4967	0.8241	0.2191	-0.1831	-0.0841	-0.0935	0.0480	
0.2892	-11.4532	-0.2979	-0.0043	0.1033	0.0365	0.5099	0.8278	0.1770	-0.1706	-0.0756	-0.0829	0.0161	
0.3486	-11.3561	-0.2300	0.0541	0.1497	0.0299	0.4695	0.8641	0.1462	-0.1213	-0.0631	-0.0908	0.0576	
0.4086	-11.3796	-0.2208	0.0722	0.1193	0.0714	0.4660	0.8773	0.0720	-0.0863	-0.0751	-0.1038	0.0435	
0.4123	-11.3688	-0.2744	0.0942	0.1298	0.0317	0.4558	0.8891	0.0676	-0.1094	-0.0653	-0.0704	0.0347	
0.4578	-11.4171	-0.3088	0.0968	0.0620	0.0136	0.4366	0.8951	-0.0015	-0.0798	-0.0741	-0.0808	0.0334	
0.4643	-11.4595	-0.4263	0.1139	0.0227	-0.0757	0.4222	0.9051	-0.0157	-0.1069	-0.0710	-0.0594	0.0283	
0.6118	-11.4910	-0.4324	0.2333	-0.0203	-0.0752	0.4004	0.9106	-0.0396	-0.1059	-0.0695	-0.0537	0.0298	
0.6564	-11.5244	-0.4220	0.2785	-0.0405	-0.0465	0.3963	0.9118	-0.0677	-0.0942	-0.0644	-0.0518	0.0255	
0.7309	-11.6685	-0.3994	0.3154	-0.1748	-0.0117	0.3833	0.9129	-0.1060	-0.0952	-0.0660	-0.0492	0.0238	
0.8361	-11.8601	-0.4592	0.3716	-0.3434	-0.0724	0.3582	0.9193	-0.1413	-0.0814	-0.0658	-0.0503	0.0264	
0.9010	-12.0412	-0.5650	0.4226	-0.4689	-0.1684	0.3435	0.9240	-0.1644	-0.0523	-0.0597	-0.0524	0.0267	
1.0117	-12.0979	-0.6163	0.4906	-0.4719	-0.1920	0.3332	0.9247	-0.1849	-0.0370	-0.0561	-0.0514	0.0254	
1.0596	-12.1953	-0.6974	0.4750	-0.5198	-0.2465	0.3036	0.9245	-0.2277	-0.0169	-0.0578	-0.0541	0.0276	
1.0709	-12.2964	-0.7251	0.4628	-0.5596	-0.2754	0.2783	0.9274	-0.2507	0.0118	-0.0538	-0.0560	0.0299	
1.1171	-12.4584	-0.7207	0.4669	-0.6380	-0.2602	0.2616	0.9209	-0.2854	0.0413	-0.0526	-0.0587	0.0294	
1.2514	-12.5780	-0.8165	0.5200	-0.6803	-0.3082	0.2351	0.9203	-0.3086	0.0555	-0.0519	-0.0578	0.0306	
1.2945	-12.6870	-0.8261	0.5150	-0.7084	-0.2968	0.2146	0.9123	-0.3403	0.0750	-0.0515	-0.0585	0.0304	
1.4570	-12.7869	-0.8642	0.5817	-0.7265	-0.3023	0.1960	0.9042	-0.3653	0.1035	-0.0501	-0.0600	0.0301	
1.5285	-12.8687	-0.9062	0.5895	-0.7325	-0.3085	0.1737	0.8962	-0.3918	0.1163	-0.0499	-0.0593	0.0302	
1.6284	-13.0248	-1.0627	0.6210	-0.7802	-0.3879	0.1516	0.8916	-0.4050	0.1385	-0.0472	-0.0592	0.0305	
1.7211	-13.1170	-1.1156	0.6419	-0.7859	-0.3962	0.1346	0.8793	-0.4275	0.1621	-0.0460	-0.0598	0.0298	
1.8405	-13.2355	-1.1199	0.6768	-0.8033	-0.3748	0.1269	0.8625	-0.4508	0.1932	-0.0446	-0.0613	0.0277	
1.9268	-13.3151	-1.2272	0.6912	-0.7992	-0.4075	0.1137	0.8451	-0.4752	0.2174	-0.0440	-0.0620	0.0263	
2.0179	-13.3976	-1.2774	0.7083	-0.7961	-0.4101	0.1043	0.8262	-0.4970	0.2448	-0.0430	-0.0629	0.0246	
2.1993	-13.5229	-1.3196	0.7645	-0.8157	-0.4100	0.0927	0.8106	-0.5113	0.2715	-0.0415	-0.0634	0.0236	
2.3282	-13.6397	-1.3995	0.7936	-0.8286	-0.4246	0.0851	0.7890	-0.5308	0.2982	-0.0407	-0.0640	0.0219	
2.4975	-13.7668	-1.4561	0.8440	-0.8439	-0.4329	0.0789	0.7800	-0.5342	0.3196	-0.0381	-0.0633	0.0208	
2.5655	-13.8653	-1.5257	0.8424	-0.8470	-0.4464	0.0680	0.7562	-0.5500	0.3482	-0.0371	-0.0644	0.0196	
2.6815	-14.0053	-1.5510	0.8560	-0.8700	-0.4349	0.0580	0.7297	-0.5707	0.3721	-0.0372	-0.0650	0.0184	
2.7841	-14.1090	-1.6116	0.8655	-0.8750	-0.4413	0.0465	0.7029	-0.5876	0.3979	-0.0368	-0.0658	0.0173	
2.8214	-14.1974	-1.6789	0.8479	-0.8733	-0.4454	0.0403	0.6670	-0.6127	0.4216	-0.0377	-0.0667	0.0153	
2.9526	-14.2997	-1.7216	0.8688	-0.8767	-0.4413	0.0338	0.6382	-0.6277	0.4447	-0.0375	-0.0671	0.0139	
3.0445	-14.3407	-1.8860	0.8658	-0.8622	-0.4879	0.0331	0.6100	-0.6370	0.4710	-0.0382	-0.0667	0.0154	
3.1820	-14.4824	-1.9640	0.8844	-0.8830	-0.4988	0.0188	0.5783	-0.6516	0.4904	-0.0381	-0.0672	0.0150	
3.3166	-14.5665	-2.0230	0.8997	-0.8824	-0.5048	0.0097	0.5451	-0.6697	0.5042	-0.0375	-0.0673	0.0158	
3.3996	-14.6379	-2.0789	0.9010	-0.8740	-0.5061	-0.0010	-0.5176	0.6808	-0.5188	-0.0370	-0.0671	0.0148	
3.4942	-14.7322	-2.1055	0.9038	-0.8751	-0.4941	0.0061	-0.4834	0.6950	-0.5323	-0.0374	-0.0671	0.0136	
3.6366	-14.8521	-2.1206	0.9242	-0.8839	-0.4787	0.0078	-0.4524	0.7048	-0.5470	-0.0373	-0.0669	0.0120	
3.7772	-14.9677	-2.2182	0.9423	-0.8916	-0.4915	0.0120	-0.4191	0.7156	-0.5590	-0.0377	-0.0666	0.0107	
3.8697	-15.1013	-2.2461	0.9421	-0.9056	-0.4802	0.0152	-0.3868	0.7273	-0.5672	-0.0382	-0.0660	0.0096	
4.0106	-15.1788	-2.2742	0.9595	-0.8991	-0.4674	0.0120	-0.3511	0.7367	-0.5784	-0.0390	-0.0656	0.0077	
4.1275	-15.2929	-2.3156	0.9648	-0.9068	-0.4616	0.0187	-0.3091	0.7473	-0.5876	-0.0399	-0.0657	0.0068	
4.2443	-15.4373	-2.3066	0.9722	-0.9223	-0.4401	0.0163	-0.2772	0.7542	-0.5957	-0.0403	-0.0649	0.0055	
4.3347	-15.5416	-2.3458	0.9704	-0.9253	-0.4336	0.0155	-0.2407	0.7624	-0.6009	-0.0413	-0.0643	0.0043	
4.4328	-15.6796	-2.3417	0.9706	-0.9383	-0.4144	0.0125	-0.2025	0.7688	-0.6068	-0.0422	-0.0637	0.0030	
4.4861	-15.7920	-2.3767	0.9565	-0.9438	-0.4085	0.0147	-0.1637	0.7765	-0.6085	-0.0431	-0.0632	0.0023	
4.6042	-15.9357	-2.4083	0.9605	-0.9584	-0.4001	0.0136	-0.1231	0.7841	-0.6083	-0.0445	-0.0624	0.0016	
4.6745	-16.0195	-2.4656	0.9511	-0.9553	-0.4000	0.0140	-0.0869	0.7922	-0.6043	-0.0457	-0.0614	0.0012	
4.7346	-16.1199	-2.5225	0.9386	-0.9573	-0.3996	0.0150	-0.0390	0.7979	-0.6011	-0.0474	-0.0610	0.0005	
4.7876	-16.2423	-2.5620	0.9236	-0.9654	-0.3949	0.0168	0.0047	0.8037	-0.5947	-0.0488	-0.0604	0.0004	
4.8635	-16.3676	-2.6018	0.9149	-0.9740	-0.3911	0.0205	0.0430	0.8097	-0.5852	-0.0499	-0.0596	0.0007	
4.9284	-16.4940	-2.6293	0.9051	-0.9821	-0.3840	0.0195	0.0818	0.8126	-0.5770	-0.0510	-0.0587	0.0006	
5.0061	-16.5954	-2.6645	0.9001	-0.9831	-0.3803	0.0205	0.1159	0.8139	-0.5694	-0.0516	-0.0578	0.0005	
5.0590	-16.7161	-2.7092	0.8860	-0.9897	-0.3788	0.0247	0.1566	0.8161	-0.5558	-0.0527	-0.0572	0.0011	
5.1053	-16.8247	-2.7665	0.8711	-0.9926	-0.3814	0.0305	0.1906	0.8189	-0.5410	-0.0532	-0.0565	0.0019	
5.1419	-16.9482	-2.8126	0.8543	-0.9992	-0.3812	0.0362	0.2275	0.8195	-0.5250	-0.0539	-0.0559	0.0026	
5.2140	-17.0471	-2.8629	0.8474	-0.9994	-0.3823	0.0426	0.2604	0.8197	-0.5089	-0.0543	-0.0553	0.0035	
5.2834	-17.1697	-2.8931	0.8393	-1.0054	-0.3788	0.0518	0.2988	0.8165	-0.4912	-0.0548	-0.0552	0.0044	
5.3475	-17.2834	-2.9473	0.8306	-1.0089	-0.3817	0.0617	0.3321	0.8142	-0.4725	-0.0549	-0.0549	0.0055	
5.4184	-17.4020	-2.9964	0.8231	-1.0135	-0.3825	0.0691	0.3641	0.8126	-0.4503	-0.0553	-0.0544	0.0067	
5.4740	-17.5123	-3.0285	0.8128	-1.0159	-0.3799	0.0781	0.3966	0.8084	-0.4283	-0.0554	-0.0542	0.0079	
5.5386	-17.6169	-3.0728	0.8047	-1.0168	-0.3808	0.0909	0.4282	0.8031	-0.4044	-0.0554	-0.0542	0.0092	
5.6057	-17.7440	-3.1365	0.7990	-1.0224	-0.3872	0.1061	0.4566	0.7954	-0.3846	-0.0548	-0.0544	0.0102	
5.6559	-17.8321	-3.1969	0.7884	-1.0193	-0.3920	0.1210	0.4832	0.7897	-0.3587	-0.0544	-0.0546	0.0117	
5.7102	-17.9177	-3.2597	0.7804	-1.0157	-0.3972	0.1341	0.5113	0.7798	-0.3356	-0.0541	-0.0547	0.0126	
5.7717	-18.0020	-3.3396	0.7731	-1.0120	-0.4062	0.1527	0.5401	0.7683	-0.3077	-0.0536	-0.0553	0.0139	
5.8363	-18.1086	-3.3923	0.7686	-1.0130	-0.4092	0.1665	0.5645	0.7566	-0.2857	-0.0530	-0.0555	0.0146	
5.8887	-18.2024	-3.4534	0.7616	-1.0113	-0.4139	0.1807	0.5891	0.7427	-0.2622	-0.0525	-0.0559	0.0153	
5.9688	-18.3009	-3.5287	0.7608	-1.0105	-0.4215	0.1970	0.6131	0.7269	-0.2387	-0.0519	-0.0563	0.0160	
6.0462	-18.3968	-3.6247	0.7592	-1.0091	-0.4337	0.2176	0.6344	0.7104	-0.2138	-0.0510	-0.0571	0.0167	
6.1077	-18.4864	-3.6974	0.7548	-1.0063	-0.4409	0.2376	0.6534	0.6934	-0.1899	-0.0500	-0.0578	0.0173	
6.1684	-18.5625	-3.7602	0.7508	-1.0010	-0.4457	0.2558	0.6700	0.6769	-0.1669	-0.0489	-0.0584	0.0178	
6.2702	-18.6616	-3.8123	0.7551	-1.0004	-0.4482	0.2747	0.6877	0.6566	-0.1437	-0.0480	-0.0591	0.0182	
6.3572	-18.7688	-3.8747	0.7562	-1.0012	-0.4529	0.2950	0.7019	0.6375	-0.1197	-0.0469	-0.0598	0.0187	
6.4205	-18.8593	-3.9227	0.7531	-0.9988	-0.4545	0.3127	0.7155	0.6175	-0.0967	-0.0459	-0.0604	0.0189	
6.5056	-18.9516	-4.0022	0.7546	-0.9969	-0.4620	0.3313	0.7285	0.5952	-0.0750	-0.0449	-0.0611	0.0190	
6.6076	-19.0651	-4.0487	0.7600	-0.9988	-0.4634	0.3529	0.7418	0.5673	-0.0587	-0.0440	-0.0619	0.0184	
6.6993	-19.1617	-4.1030	0.7633	-0.9977	-0.4660	0.3721	0.7536	0.5405	-0.0423	-0.0432	-0.0625	0.0178	
6.7822	-19.2359	-4.1564	0.7644	-0.9926	-0.4680	0.3907	0.7658	0.5103	-0.0214	-0.0427	-0.0634	0.0174	
6.8795	-19.3360	-4.2156	0.7686	-0.9922	-0.4714	0.4113	0.7747	0.4804	-0.0050	-0.0419	-0.0641	0.0167	
6.9767	-19.4624	-4.2668	0.7732	-0.9964	-0.4730	0.4279	0.7824	0.4531	0.0064	-0.0412	-0.0644	0.0158	
7.0607	-19.5570	-4.3187	0.7751	-0.9950	-0.4748	0.4468	0.7872	0.4254	0.0196	-0.0404	-0.0649	0.0149	
7.1502	-19.6725	-4.3633	0.7782	-0.9972	-0.4752	0.4643	0.7922	0.3958	0.0297	-0.0397	-0.0652	0.0138	
7.2444	-19.7689	-4.3970	0.7819	-0.9962	-0.4733	0.4805	0.7975	0.3632	0.0399	-0.0394	-0.0655	0.0127	
7.3415	-19.8617	-4.4368	0.7861	-0.9947	-0.4723	0.4953	0.8037	0.3263	0.0490	-0.0395	-0.0658	0.0113	
7.4251	-19.9594	-4.4892	0.7877	-0.9942	-0.4735	0.5080	0.8077	0.2940	0.0592	-0.0394	-0.0659	0.0103	
7.5063	-20.0476	-4.5336	0.7890	-0.9922	-0.4730	0.5189	0.8128	0.2571	0.0660	-0.0397	-0.0658	0.0090	
7.5670	-20.1212	-4.5788	0.7870	-0.9879	-0.4725	0.5289	0.8156	0.2253	0.0710	-0.0399	-0.0655	0.0078	
7.6367	-20.2188	-4.6126	0.7865	-0.9875	-0.4704	0.5408	0.8176	0.1840	0.0740	-0.0405	-0.0655	0.0061	
7.7227	-20.3105	-4.6501	0.7883	-0.9865	-0.4684	0.5451	0.8219	0.1455	0.0799	-0.0412	-0.0651	0.0052	
7.8082	-20.3968	-4.6863	0.7900	-0.9846	-0.4663	0.5505	0.8237	0.1086	0.0839	-0.0418	-0.0646	0.0042	
7.8834	-20.4809	-4.7177	0.7899	-0.9825	-0.4634	0.5532	0.8254	0.0716	0.0893	-0.0425	-0.0641	0.0035	
7.9664	-20.5852	-4.7592	0.7911	-0.9835	-0.4622	0.5555	0.8261	0.0341	0.0908	-0.0432	-0.0635	0.0025	
8.0392	-20.6696	-4.8196	0.7907	-0.9815	-0.4640	0.5577	0.8250	-0.0033	0.0935	-0.0439	-0.0629	0.0016	
8.1221	-20.7557	-4.8649	0.7917	-0.9798	-0.4633	0.5573	0.8244	-0.0369	0.0951	-0.0445	-0.0621	0.0011	
8.1904	-20.8666	-4.9111	0.7904	-0.9819	-0.4628	0.5557	0.8231	-0.0719	0.0955	-0.0452	-0.0612	0.0005	
8.2573	-20.9631	-4.9589	0.7888	-0.9818	-0.4625	0.5524	0.8205	-0.1104	0.0978	-0.0461	-0.0606	-0.0000	
8.3560	-21.0660	-4.9814	0.7918	-0.9826	-0.4585	0.5473	0.8163	-0.1528	0.1030	-0.0471	-0.0602	-0.0002	
8.4476	-21.1523	-5.0125	0.7936	-0.9810	-0.4559	0.5400	0.8121	-0.1923	0.1092	-0.0479	-0.0597	-0.0002	
8.5268	-21.2525	-5.0562	0.7935	-0.9815	-0.4551	0.5313	0.8080	-0.2288	0.1132	-0.0486	-0.0591	-0.0001	
8.6016	-21.3398	-5.0973	0.7926	-0.9802	-0.4539	0.5191	0.8052	-0.2620	0.1181	-0.0491	-0.0583	0.0005	
8.6754	-21.4357	-5.1384	0.7915	-0.9800	-0.4529	0.5062	0.8013	-0.2945	0.1244	-0.0495	-0.0576	0.0011	
8.7447	-21.5397	-5.1857	0.7899	-0.9809	-0.4529	0.4923	0.7949	-0.3293	0.1323	-0.0498	-0.0572	0.0017	
8.8224	-21.6627	-5.2282	0.7895	-0.9845	-0.4520	0.4766	0.7887	-0.3642	0.1355	-0.0505	-0.0565	0.0022	
8.8893	-21.7669	-5.2664	0.7874	-0.9853	-0.4508	0.4584	0.7831	-0.3955	0.1437	-0.0506	-0.0561	0.0032	
8.9717	-21.8612	-5.2930	0.7874	-0.9847	-0.4480	0.4391	0.7757	-0.4262	0.1552	-0.0506	-0.0559	0.0044	
9.0480	-21.9812	-5.3256	0.7866	-0.9876	-0.4463	0.4174	0.7652	-0.4600	0.1687	-0.0506	-0.0560	0.0056	
9.1314	-22.0755	-5.3734	0.7868	-0.9869	-0.4467	0.3985	0.7567	-0.4855	0.1829	-0.0501	-0.0560	0.0067	
9.2140	-22.1591	-5.4179	0.7869	-0.9849	-0.4467	0.3782	0.7456	-0.5128	0.1957	-0.0498	-0.0560	0.0077	
9.2952	-22.2533	-5.4657	0.7869	-0.9843	-0.4470	0.3585	0.7340	-0.5388	0.2065	-0.0495	-0.0560	0.0086	
9.3751	-22.3377	-5.5089	0.7867	-0.9824	-0.4468	0.3403	0.7231	-0.5608	0.2178	-0.0489	-0.0559	0.0093	
9.4366	-22.4344	-5.5615	0.7841	-0.9821	-0.4480	0.3186	0.7092	-0.5839	0.2344	-0.0481	-0.0562	0.0102	
9.5348	-22.5294	-5.6170	0.7863	-0.9816	-0.4495	0.2996	0.7004	-0.5998	0.2470	-0.0470	-0.0561	0.0111	
9.6200	-22.6172	-5.6785	0.7870	-0.9802	-0.4516	0.2784	0.6837	-0.6232	0.2585	-0.0467	-0.0563	0.0116	
9.6845	-22.7233	-5.7371	0.7850	-0.9810	-0.4535	0.2570	0.6653	-0.6449	0.2746	-0.0460	-0.0567	0.0121	
9.7516	-22.8213	-5.7933	0.7832	-0.9808	-0.4551	0.2310	0.6508	-0.6624	0.2910	-0.0450	-0.0572	0.0132	
9.8277	-22.9227	-5.8443	0.7826	-0.9810	-0.4560	0.2054	0.6338	-0.6784	0.3103	-0.0438	-0.0580	0.0140	
9.9167	-23.0084	-5.8966	0.7838	-0.9793	-0.4571	0.1856	0.6168	-0.6921	0.3265	-0.0427	-0.0583	0.0143	
10.0179	-23.1151	-5.9513	0.7864	-0.9802	-0.4584	0.1631	0.5989	-0.7050	0.3436	-0.0416	-0.0588	0.0148	
10.1068	-23.2137	-6.0261	0.7876	-0.9800	-0.4622	0.1448	0.5807	-0.7151	0.3621	-0.0404	-0.0592	0.0148	
10.1890	-23.3217	-6.0920	0.7880	-0.9810	-0.4648	0.1259	0.5615	-0.7245	0.3800	-0.0392	-0.0596	0.0147	
10.2801	-23.4243	-6.1383	0.7895	-0.9813	-0.4650	0.1074	0.5371	-0.7359	0.3982	-0.0383	-0.0602	0.0145	
10.3676	-23.5166	-6.1931	0.7906	-0.9804	-0.4662	0.0918	0.5144	-0.7449	0.4155	-0.0373	-0.0606	0.0140	
10.4636	-23.6094	-6.2471	0.7926	-0.9797	-0.4673	0.0720	0.4896	-0.7539	0.4323	-0.0365	-0.0612	0.0139	
10.5572	-23.7138	-6.3078	0.7945	-0.9803	-0.4691	0.0595	0.4642	-0.7618	0.4485	-0.0359	-0.0614	0.0130	
10.6342	-23.8204	-6.3650	0.7943	-0.9811	-0.4704	0.0448	0.4352	-0.7703	0.4641	-0.0354	-0.0618	0.0123	
10.7240	-23.9233	-6.4156	0.7957	-0.9815	-0.4709	0.0333	0.4066	-0.7769	0.4798	-0.0349	-0.0620	0.0113	
10.8298	-24.0166	-6.4992	0.7986	-0.9810	-0.4750	0.0250	0.3763	-0.7846	0.4924	-0.0350	-0.0620	0.0122	
10.9166	-24.1203	-6.5384	0.7995	-0.9816	-0.4741	0.0137	0.3499	-0.7913	0.5016	-0.0347	-0.0619	0.0116	
11.0039	-24.1955	-6.6246	0.8003	-0.9792	-0.4783	-0.0026	-0.3219	0.7955	-0.5137	-0.0353	-0.0618	0.0120	
11.1159	-24.2862	-6.6820	0.8038	-0.9785	-0.4793	0.0080	-0.2887	0.8035	-0.5207	-0.0353	-0.0618	0.0126	
11.2057	-24.3507	-6.7569	0.8048	-0.9749	-0.4821	0.0175	-0.2592	0.8077	-0.5296	-0.0359	-0.0617	0.0129	
11.3162	-24.4366	-6.8460	0.8081	-0.9738	-0.4864	0.0263	-0.2251	0.8125	-0.5373	-0.0365	-0.0615	0.0133	
11.4191	-24.5251	-6.9137	0.8105	-0.9730	-0.4883	0.0364	-0.1913	0.8178	-0.5416	-0.0368	-0.0613	0.0135	
11.5224	-24.6269	-6.9874	0.8129	-0.9735	-0.4908	0.0476	-0.1550	0.8229	-0.5445	-0.0372	-0.0610	0.0137	
11.6319	-24.7126	-7.0520	0.8159	-0.9724	-0.4923	0.0556	-0.1212	0.8268	-0.5467	-0.0378	-0.0608	0.0139	
11.7216	-24.8102	-7.1158	0.8168	-0.9725	-0.4937	0.0649	-0.0881	0.8304	-0.5466	-0.0382	-0.0606	0.0140	
11.8233	-24.9019	-7.1684	0.8189	-0.9721	-0.4938	0.0736	-0.0529	0.8323	-0.5470	-0.0388	-0.0602	0.0139	
11.9388	-24.9914	-7.2128	0.8224	-0.9714	-0.4931	0.0823	-0.0161	0.8353	-0.5433	-0.0392	-0.0599	0.0142	
12.0364	-25.0838	-7.2727	0.8240	-0.9710	-0.4939	0.0893	0.0209	0.8357	-0.5415	-0.0399	-0.0594	0.0140	
12.1418	-25.1877	-7.3129	0.8263	-0.9718	-0.4928	0.0980	0.0573	0.8374	-0.5346	-0.0403	-0.0590	0.0143	
12.2396	-25.2800	-7.3589	0.8278	-0.9714	-0.4923	0.1033	0.0945	0.8380	-0.5274	-0.0409	-0.0585	0.0146	
12.3358	-25.3880	-7.4188	0.8290	-0.9726	-0.4932	0.1089	0.1321	0.8380	-0.5181	-0.0415	-0.0579	0.0149	
12.4322	-25.4908	-7.4666	0.8303	-0.9732	-0.4928	0.1129	0.1692	0.8378	-0.5067	-0.0421	-0.0573	0.0154	
12.5251	-25.5900	-7.5124	0.8312	-0.9735	-0.4922	0.1166	0.2059	0.8352	-0.4965	-0.0427	-0.0567	0.0155	
12.6071	-25.6938	-7.5625	0.8310	-0.9742	-0.4921	0.1189	0.2408	0.8328	-0.4842	-0.0433	-0.0560	0.0158	
12.6988	-25.8066	-7.6131	0.8317	-0.9758	-0.4921	0.1194	0.2762	0.8304	-0.4690	-0.0439	-0.0552	0.0163	
12.7877	-25.9096	-7.6573	0.8322	-0.9765	-0.4914	0.1210	0.3118	0.8267	-0.4524	-0.0445	-0.0546	0.0168	
12.8742	-26.0146	-7.6937	0.8324	-0.9773	-0.4901	0.1260	0.3416	0.8233	-0.4356	-0.0445	-0.0540	0.0172	
12.9514	-26.1149	-7.7436	0.8316	-0.9776	-0.4900	0.1292	0.3771	0.8188	-0.4131	-0.0449	-0.0538	0.0181	
13.0351	-26.2117	-7.7852	0.8316	-0.9775	-0.4893	0.1405	0.4058	0.8133	-0.3925	-0.0445	-0.0539	0.0187	
13.1080	-26.3128	-7.8389	0.8304	-0.9779	-0.4898	0.1496	0.4364	0.8077	-0.3669	-0.0444	-0.0540	0.0197	
13.1856	-26.4228	-7.8876	0.8298	-0.9791	-0.4897	0.1603	0.4644	0.7992	-0.3462	-0.0441	-0.0541	0.0200	
13.2660	-26.5218	-7.9324	0.8295	-0.9792	-0.4893	0.1713	0.4909	0.7904	-0.3239	-0.0437	-0.0543	0.0205	
13.3423	-26.6224	-7.9934	0.8287	-0.9795	-0.4905	0.1835	0.5166	0.7822	-0.2958	-0.0432	-0.0546	0.0214	
13.4170	-26.7162	-8.0476	0.8279	-0.9791	-0.4910	0.1971	0.5421	0.7692	-0.2749	-0.0428	-0.0550	0.0215	
13.4945	-26.8043	-8.0922	0.8274	-0.9782	-0.4907	0.2099	0.5623	0.7586	-0.2543	-0.0421	-0.0550	0.0217	
13.5730	-26.9037	-8.1476	0.8269	-0.9783	-0.4913	0.2244	0.5851	0.7442	-0.2311	-0.0416	-0.0555	0.0219	
13.6622	-26.9998	-8.1952	0.8275	-0.9782	-0.4912	0.2443	0.6048	0.7293	-0.2067	-0.0407	-0.0563	0.0221	
13.7536	-27.1018	-8.2399	0.8283	-0.9786	-0.4909	0.2607	0.6216	0.7162	-0.1814	-0.0397	-0.0567	0.0226	
13.8400	-27.1995	-8.2939	0.8286	-0.9785	-0.4914	0.2788	0.6405	0.6970	-0.1617	-0.0391	-0.0573	0.0222	
13.9315	-27.2911	-8.3381	0.8294	-0.9780	-0.4910	0.2989	0.6558	0.6799	-0.1356	-0.0381	-0.0580	0.0225	
14.0073	-27.3873	-8.3915	0.8287	-0.9778	-0.4915	0.3171	0.6715	0.6600	-0.1141	-0.0374	-0.0587	0.0224	
14.0960	-27.4824	-8.4442	0.8292	-0.9776	-0.4918	0.3346	0.6875	0.6378	-0.0926	-0.0368	-0.0593	0.0221	
14.1885	-27.5788	-8.5057	0.8301	-0.9774	-0.4930	0.3550	0.7042	0.6107	-0.0692	-0.0364	-0.0604	0.0218	
14.2756	-27.6801	-8.5480	0.8304	-0.9777	-0.4924	0.3784	0.7195	0.5800	-0.0500	-0.0360	-0.0616	0.0210	
14.3671	-27.7814	-8.5972	0.8312	-0.9780	-0.4925	0.3957	0.7320	0.5537	-0.0324	-0.0355	-0.0621	0.0204	
14.4565	-27.8804	-8.6479	0.8318	-0.9780	-0.4927	0.4158	0.7432	0.5240	-0.0144	-0.0350	-0.0629	0.0196	
14.5487	-27.9882	-8.6986	0.8326	-0.9788	-0.4928	0.4348	0.7494	0.4998	0.0009	-0.0341	-0.0633	0.0189	
14.6321	-28.0832	-8.7531	0.8326	-0.9785	-0.4933	0.4510	0.7609	0.4662	0.0161	-0.0341	-0.0639	0.0179	
14.7182	-28.1860	-8.8038	0.8329	-0.9789	-0.4935	0.4654	0.7699	0.4359	0.0293	-0.0339	-0.0641	0.0170	
14.8045	-28.2848	-8.8514	0.8331	-0.9789	-0.4933	0.4774	0.7776	0.4076	0.0418	-0.0337	-0.0641	0.0162	
14.8925	-28.3864	-8.8937	0.8336	-0.9792	-0.4927	0.4909	0.7830	0.3788	0.0539	-0.0334	-0.0641	0.0154	
14.9887	-28.4793	-8.9439	0.8347	-0.9787	-0.4928	0.5034	0.7914	0.3406	0.0650	-0.0338	-0.0645	0.0142	
15.0719	-28.5847	-8.9861	0.8347	-0.9793	-0.4923	0.5172	0.7965	0.3043	0.0749	-0.0340	-0.0648	0.0130	
15.1596	-28.6847	-9.0277	0.8350	-0.9794	-0.4916	0.5298	0.7997	0.2706	0.0832	-0.0340	-0.0649	0.0118	
15.2500	-28.7798	-9.0715	0.8356	-0.9791	-0.4912	0.5418	0.8008	0.2385	0.0931	-0.0339	-0.0649	0.0108	
15.3421	-28.8835	-9.1225	0.8364	-0.9796	-0.4913	0.5529	0.8020	0.2042	0.0990	-0.0341	-0.0649	0.0096	
15.4273	-28.9907	-9.1672	0.8365	-0.9803	-0.4910	0.5626	0.8029	0.1678	0.1046	-0.0344	-0.0648	0.0083	
15.5143	-29.1009	-9.2086	0.8368	-0.9812	-0.4903	0.5701	0.8044	0.1280	0.1081	-0.0352	-0.0647	0.0071	
15.6087	-29.2006	-9.2586	0.8377	-0.9813	-0.4904	0.5773	0.8036	0.0922	0.1131	-0.0356	-0.0644	0.0060	
15.6978	-29.2996	-9.3014	0.8382	-0.9813	-0.4899	0.5815	0.8028	0.0482	0.1214	-0.0365	-0.0646	0.0051	
15.7796	-29.4077	-9.3482	0.8380	-0.9820	-0.4897	0.5856	0.8008	0.0074	0.1256	-0.0373	-0.0645	0.0041	
15.8655	-29.5089	-9.4004	0.8382	-0.9822	-0.4899	0.5873	0.7976	-0.0336	0.1328	-0.0381	-0.0644	0.0033	
15.9429	-29.6183	-9.4469	0.8377	-0.9831	-0.4897	0.5848	0.7962	-0.0766	0.1351	-0.0393	-0.0640	0.0026	
16.0244	-29.7101	-9.5002	0.8375	-0.9825	-0.4900	0.5818	0.7923	-0.1150	0.1433	-0.0400	-0.0638	0.0023	
16.1150	-29.8201	-9.5354	0.8381	-0.9834	-0.4889	0.5778	0.7864	-0.1586	0.1496	-0.0410	-0.0637	0.0019	
16.1970	-29.9311	-9.5821	0.8379	-0.9844	-0.4887	0.5715	0.7831	-0.1933	0.1527	-0.0416	-0.0629	0.0017	
16.2790	-30.0316	-9.6338	0.8378	-0.9845	-0.4889	0.5637	0.7768	-0.2324	0.1573	-0.0425	-0.0625	0.0016	
16.3588	-30.1347	-9.6689	0.8375	-0.9849	-0.4878	0.5539	0.7686	-0.2740	0.1647	-0.0434	-0.0624	0.0016	
16.4324	-30.2288	-9.7112	0.8366	-0.9845	-0.4873	0.5419	0.7611	-0.3132	0.1699	-0.0443	-0.0620	0.0018	
16.5062	-30.3349	-9.7522	0.8358	-0.9851	-0.4867	0.5299	0.7530	-0.3514	0.1701	-0.0453	-0.0614	0.0018	
16.5889	-30.4319	-9.7997	0.8358	-0.9849	-0.4866	0.5155	0.7453	-0.3859	0.1736	-0.0460	-0.0608	0.0022	
16.6728	-30.5306	-9.8468	0.8358	-0.9849	-0.4864	0.5005	0.7349	-0.4211	0.1794	-0.0465	-0.0604	0.0026	
16.7555	-30.6321	-9.8933	0.8357	-0.9851	-0.4863	0.4837	0.7261	-0.4512	0.1886	-0.0466	-0.0601	0.0033	
16.8344	-30.7314	-9.9355	0.8353	-0.9852	-0.4858	0.4673	0.7143	-0.4835	0.1942	-0.0469	-0.0598	0.0038	
16.9113	-30.8372	-9.9831	0.8348	-0.9857	-0.4857	0.4492	0.7021	-0.5159	0.1982	-0.0474	-0.0595	0.0043	
16.9841	-30.9343	-10.0283	0.8339	-0.9856	-0.4854	0.4304	0.6900	-0.5431	0.2097	-0.0470	-0.0594	0.0050	
17.0581	-31.0353	-10.0840	0.8332	-0.9857	-0.4860	0.4110	0.6770	-0.5710	0.2168	-0.0471	-0.0592	0.0056	
17.1396	-31.1285	-10.1295	0.8330	-0.9853	-0.4858	0.3874	0.6659	-0.5961	0.2270	-0.0467	-0.0591	0.0068	
17.2156	-31.2171	-10.1787	0.8324	-0.9846	-0.4858	0.3651	0.6554	-0.6163	0.2409	-0.0458	-0.0592	0.0079	
17.2992	-31.3085	-10.2182	0.8324	-0.9840	-0.4852	0.3415	0.6418	-0.6373	0.2564	-0.0449	-0.0595	0.0089	
17.3828	-31.4037	-10.2738	0.8324	-0.9838	-0.4858	0.3172	0.6275	-0.6572	0.2720	-0.0440	-0.0598	0.0099	
17.4601	-31.4997	-10.3310	0.8319	-0.9836	-0.4864	0.2923	0.6133	-0.6758	0.2867	-0.0430	-0.0601	0.0108	
17.5322	-31.6034	-10.3877	0.8311	-0.9839	-0.4870	0.2675	0.5973	-0.6943	0.2997	-0.0423	-0.0604	0.0115	
17.6102	-31.7009	-10.4370	0.8306	-0.9838	-0.4871	0.2396	0.5809	-0.7127	0.3121	-0.0416	-0.0607	0.0125	
17.6941	-31.7944	-10.4932	0.8307	-0.9834	-0.4877	0.2164	0.5641	-0.7264	0.3283	-0.0404	-0.0611	0.0129	
17.7723	-31.8939	-10.5522	0.8303	-0.9835	-0.4885	0.1909	0.5435	-0.7416	0.3438	-0.0395	-0.0616	0.0133	
17.8597	-31.9950	-10.6075	0.8306	-0.9836	-0.4890	0.1633	0.5235	-0.7546	0.3606	-0.0384	-0.0623	0.0139	
17.9527	-32.0952	-10.6612	0.8313	-0.9837	-0.4893	0.1369	0.4979	-0.7676	0.3795	-0.0375	-0.0632	0.0141	
18.0378	-32.1859	-10.7095	0.8315	-0.9832	-0.4893	0.1125	0.4730	-0.7797	0.3944	-0.0367	-0.0638	0.0142	
18.1193	-32.2827	-10.7642	0.8314	-0.9830	-0.4898	0.0904	0.4471	-0.7900	0.4097	-0.0359	-0.0642	0.0139	
18.2100	-32.3705	-10.8271	0.8319	-0.9823	-0.4908	0.0681	0.4230	-0.7971	0.4257	-0.0349	-0.0647	0.0137	
18.2987	-32.4623	-10.8886	0.8323	-0.9817	-0.4917	0.0474	0.4014	-0.7998	0.4445	-0.0336	-0.0652	0.0133	
18.3825	-32.5584	-10.9384	0.8323	-0.9816	-0.4918	0.0276	0.3736	-0.8045	0.4611	-0.0327	-0.0657	0.0127	
18.4554	-32.6424	-11.0164	0.8316	-0.9806	-0.4937	0.0086	0.3462	-0.8060	0.4804	-0.0337	-0.0652	0.0131	
18.5416	-32.7336	-11.0690	0.8318	-0.9801	-0.4940	0.0114	-0.3156	0.8115	-0.4917	-0.0333	-0.0655	0.0127	
18.6346	-32.8310	-11.1211	0.8325	-0.9800	-0.4942	0.0247	-0.2916	0.8137	-0.5031	-0.0327	-0.0653	0.0119	
18.7200	-32.9265	-11.1644	0.8326	-0.9799	-0.4938	0.0394	-0.2609	0.8157	-0.5150	-0.0322	-0.0655	0.0110	
18.8042	-33.0207	-11.2080	0.8327	-0.9796	-0.4934	0.0491	-0.2316	0.8180	-0.5248	-0.0321	-0.0652	0.0099	
18.8976	-33.1195	-11.2576	0.8334	-0.9796	-0.4934	0.0574	-0.1983	0.8200	-0.5342	-0.0323	-0.0650	0.0087	
18.9901	-33.2192	-11.3069	0.8341	-0.9797	-0.4934	0.0652	-0.1630	0.8189	-0.5468	-0.0324	-0.0650	0.0071	
19.0725	-33.3196	-11.3563	0.8340	-0.9798	-0.4934	0.0767	-0.1299	0.8174	-0.5561	-0.0323	-0.0651	0.0061	
19.1625	-33.4158	-11.4074	0.8345	-0.9797	-0.4935	0.0853	-0.0976	0.8165	-0.5630	-0.0325	-0.0648	0.0051	
19.2549	-33.5057	-11.4573	0.8351	-0.9791	-0.4935	0.0943	-0.0662	0.8137	-0.5701	-0.0326	-0.0645	0.0041	
19.3465	-33.6066	-11.5016	0.8357	-0.9793	-0.4932	0.1000	-0.0340	0.8097	-0.5776	-0.0329	-0.0641	0.0029	
19.4340	-33.7037	-11.5474	0.8360	-0.9792	-0.4930	0.1045	0.0021	0.8054	-0.5837	-0.0334	-0.0638	0.0016	
19.5201	-33.8071	-11.5958	0.8362	-0.9796	-0.4929	0.1093	0.0366	0.8009	-0.5879	-0.0340	-0.0634	0.0006	
19.6050	-33.9073	-11.6350	0.8363	-0.9797	-0.4922	0.1133	0.0715	0.7970	-0.5892	-0.0347	-0.0628	-0.0002	
19.6884	-34.0099	-11.6808	0.8363	-0.9800	-0.4919	0.1184	0.1111	0.7905	-0.5906	-0.0355	-0.0626	-0.0011	
19.7702	-34.1088	-11.7343	0.8362	-0.9801	-0.4922	0.1226	0.1480	0.7847	-0.5894	-0.0364	-0.0621	-0.0018	
19.8564	-34.2000	-11.7815	0.8364	-0.9796	-0.4920	0.1256	0.1886	0.7774	-0.5867	-0.0375	-0.0617	-0.0025	
19.9442	-34.3017	-11.8264	0.8367	-0.9799	-0.4917	0.1339	0.2215	0.7720	-0.5808	-0.0379	-0.0612	-0.0024	
20.0306	-34.4031	-11.8773	0.8369	-0.9801	-0.4918	0.1376	0.2568	0.7641	-0.5757	-0.0388	-0.0607	-0.0028	
20.1168	-34.5045	-11.9251	0.8370	-0.9803	-0.4917	0.1424	0.2912	0.7564	-0.5682	-0.0395	-0.0602	-0.0028	
20.1918	-34.6019	-11.9800	0.8365	-0.9803	-0.4921	0.1484	0.3244	0.7484	-0.5592	-0.0401	-0.0597	-0.0028	
20.2732	-34.7051	-12.0279	0.8363	-0.9806	-0.4920	0.1541	0.3589	0.7389	-0.5491	-0.0407	-0.0593	-0.0026	
20.3508	-34.8030	-12.0636	0.8359	-0.9806	-0.4911	0.1572	0.3903	0.7311	-0.5373	-0.0413	-0.0587	-0.0024	
20.4332	-34.8978	-12.1075	0.8359	-0.9805	-0.4907	0.1642	0.4210	0.7233	-0.5224	-0.0417	-0.0583	-0.0017	
20.5152	-35.0023	-12.1534	0.8357	-0.9809	-0.4905	0.1703	0.4515	0.7150	-0.5061	-0.0421	-0.0579	-0.0010	
20.5972	-35.1081	-12.2120	0.8356	-0.9814	-0.4911	0.1755	0.4825	0.7058	-0.4882	-0.0426	-0.0575	-0.0002	
20.6731	-35.2090	-12.2625	0.8351	-0.9816	-0.4912	0.1830	0.5092	0.6976	-0.4701	-0.0427	-0.0572	0.0007	
20.7582	-35.3077	-12.3111	0.8352	-0.9816	-0.4911	0.1912	0.5377	0.6873	-0.4496	-0.0429	-0.0570	0.0016	
20.8405	-35.4111	-12.3557	0.8351	-0.9820	-0.4909	0.1985	0.5627	0.6772	-0.4309	-0.0429	-0.0567	0.0025	
20.9228	-35.5112	-12.4070	0.8350	-0.9821	-0.4910	0.2092	0.5874	0.6646	-0.4120	-0.0426	-0.0568	0.0032	
21.0059	-35.6135	-12.4565	0.8350	-0.9823	-0.4910	0.2182	0.6098	0.6527	-0.3935	-0.0424	-0.0566	0.0038	
21.0886	-35.7099	-12.5024	0.8349	-0.9822	-0.4908	0.2284	0.6335	0.6408	-0.3688	-0.0421	-0.0567	0.0050	
21.1766	-35.8055	-12.5544	0.8351	-0.9821	-0.4910	0.2410	0.6575	0.6263	-0.3426	-0.0418	-0.0571	0.0061	
21.2585	-35.9026	-12.6052	0.8350	-0.9821	-0.4911	0.2560	0.6812	0.6077	-0.3177	-0.0414	-0.0577	0.0068	
21.3394	-36.0081	-12.6562	0.8348	-0.9825	-0.4913	0.2737	0.7003	0.5917	-0.2906	-0.0406	-0.0585	0.0078	
21.4187	-36.1052	-12.7128	0.8346	-0.9824	-0.4917	0.2863	0.7160	0.5779	-0.2681	-0.0398	-0.0587	0.0084	
21.4976	-36.2013	-12.7630	0.8343	-0.9823	-0.4918	0.3008	0.7327	0.5584	-0.2469	-0.0391	-0.0591	0.0086	
21.5934	-36.3008	-12.8214	0.8350	-0.9824	-0.4924	0.3180	0.7505	0.5372	-0.2164	-0.0384	-0.0600	0.0095	
21.6834	-36.4040	-12.8739	0.8353	-0.9827	-0.4926	0.3340	0.7665	0.5135	-0.1924	-0.0379	-0.0607	0.0097	
21.7695	-36.5039	-12.9238	0.8355	-0.9828	-0.4927	0.3544	0.7793	0.4890	-0.1671	-0.0369	-0.0617	0.0098	
21.8612	-36.6015	-12.9740	0.8360	-0.9827	-0.4928	0.3742	0.7871	0.4686	-0.1458	-0.0356	-0.0623	0.0098	
21.9477	-36.7011	-13.0254	0.8361	-0.9828	-0.4929	0.3919	0.7968	0.4434	-0.1214	-0.0348	-0.0631	0.0097	
22.0319	-36.7998	-13.0710	0.8361	-0.9828	-0.4927	0.4109	0.8035	0.4197	-0.0975	-0.0336	-0.0638	0.0097	
22.1203	-36.9023	-13.1176	0.8364	-0.9830	-0.4926	0.4296	0.8080	0.3960	-0.0778	-0.0326	-0.0644	0.0092	
22.2071	-37.0050	-13.1717	0.8366	-0.9833	-0.4929	0.4469	0.8131	0.3690	-0.0536	-0.0317	-0.0651	0.0090	
22.2930	-37.1029	-13.2256	0.8367	-0.9832	-0.4932	0.4625	0.8162	0.3452	-0.0322	-0.0308	-0.0655	0.0087	
22.3763	-37.2067	-13.2750	0.8367	-0.9835	-0.4932	0.4792	0.8190	0.3154	-0.0149	-0.0302	-0.0660	0.0079	
22.4663	-37.3086	-13.3294	0.8371	-0.9837	-0.4936	0.4981	0.8192	0.2842	0.0054	-0.0295	-0.0668	0.0070	
22.5458	-37.4002	-13.3792	0.8369	-0.9834	-0.4936	0.5108	0.8216	0.2521	0.0220	-0.0294	-0.0670	0.0061	
22.6312	-37.5009	-13.4222	0.8370	-0.9835	-0.4932	0.5248	0.8221	0.2177	0.0358	-0.0293	-0.0673	0.0050	
22.7115	-37.5950	-13.4724	0.8368	-0.9832	-0.4933	0.5370	0.8215	0.1864	0.0481	-0.0293	-0.0672	0.0039	
22.8026	-37.6971	-13.5171	0.8372	-0.9835	-0.4931	0.5483	0.8195	0.1530	0.0660	-0.0291	-0.0676	0.0032	
22.8957	-37.7912	-13.5644	0.8378	-0.9832	-0.4930	0.5607	0.8153	0.1184	0.0825	-0.0290	-0.0679	0.0023	
22.9829	-37.8916	-13.6115	0.8380	-0.9833	-0.4928	0.5694	0.8127	0.0749	0.0969	-0.0297	-0.0683	0.0011	
23.0758	-37.9882	-13.6667	0.8385	-0.9832	-0.4932	0.5778	0.8077	0.0358	0.1106	-0.0302	-0.0685	0.0001	
23.1606	-38.0945	-13.7118	0.8386	-0.9837	-0.4929	0.5863	0.8012	-0.0002	0.1202	-0.0305	-0.0684	-0.0011	
23.2466	-38.1887	-13.7588	0.8387	-0.9835	-0.4928	0.5929	0.7942	-0.0350	0.1291	-0.0309	-0.0681	-0.0021	
23.3342	-38.2853	-13.8047	0.8390	-0.9834	-0.4926	0.5972	0.7867	-0.0749	0.1373	-0.0318	-0.0679	-0.0031	
23.4188	-38.3806	-13.8591	0.8390	-0.9832	-0.4929	0.5987	0.7794	-0.1137	0.1458	-0.0327	-0.0677	-0.0039	
23.5034	-38.4800	-13.9047	0.8391	-0.9833	-0.4927	0.5988	0.7710	-0.1513	0.1553	-0.0334	-0.0674	-0.0044	
23.5782	-38.5821	-13.9534	0.8386	-0.9835	-0.4926	0.6011	0.7599	-0.1868	0.1628	-0.0339	-0.0671	-0.0053	
23.6579	-38.6797	-14.0033	0.8384	-0.9835	-0.4927	0.5999	0.7508	-0.2208	0.1678	-0.0346	-0.0665	-0.0059	
23.7341	-38.7746	-14.0546	0.8380	-0.9833	-0.4928	0.5971	0.7405	-0.2541	0.1756	-0.0352	-0.0661	-0.0062	
23.8136	-38.8759	-14.1023	0.8377	-0.9834	-0.4926	0.5927	0.7305	-0.2892	0.1785	-0.0361	-0.0654	-0.0066	
23.8975	-38.9779	-14.1500	0.8377	-0.9836	-0.4925	0.5846	0.7199	-0.3266	0.1831	-0.0372	-0.0649	-0.0067	
23.9798	-39.0717	-14.1980	0.8377	-0.9834	-0.4925	0.5745	0.7094	-0.3622	0.1891	-0.0381	-0.0644	-0.0066	
24.0596	-39.1682	-14.2454	0.8374	-0.9833	-0.4923	0.5651	0.6964	-0.3968	0.1958	-0.0388	-0.0641	-0.0065	
24.1411	-39.2705	-14.2966	0.8373	-0.9835	-0.4924	0.5546	0.6860	-0.4268	0.2005	-0.0394	-0.0635	-0.0063	
24.2224	-39.3724	-14.3374	0.8372	-0.9837	-0.4920	0.5409	0.6730	-0.4590	0.2096	-0.0398	-0.0632	-0.0058	
24.2988	-39.4740	-14.3857	0.8368	-0.9839	-0.4919	0.5239	0.6591	-0.4937	0.2176	-0.0405	-0.0631	-0.0051	
24.3758	-39.5719	-14.4325	0.8364	-0.9839	-0.4918	0.5044	0.6456	-0.5278	0.2242	-0.0413	-0.0629	-0.0043	
24.4629	-39.6663	-14.4799	0.8366	-0.9837	-0.4917	0.4861	0.6327	-0.5576	0.2298	-0.0418	-0.0625	-0.0036	
24.5530	-39.7668	-14.5287	0.8369	-0.9838	-0.4916	0.4670	0.6188	-0.5840	0.2414	-0.0417	-0.0625	-0.0027	
24.6363	-39.8647	-14.5729	0.8369	-0.9838	-0.4914	0.4457	0.6034	-0.6120	0.2508	-0.0419	-0.0625	-0.0018	
24.7116	-39.9647	-14.6175	0.8364	-0.9839	-0.4911	0.4247	0.5865	-0.6389	0.2599	-0.0420	-0.0625	-0.0010	
24.7896	-40.0615	-14.6690	0.8361	-0.9838	-0.4913	0.4002	0.5688	-0.6644	0.2737	-0.0418	-0.0628	-0.0001	
24.8737	-40.1562	-14.7123	0.8361	-0.9836	-0.4910	0.3765	0.5506	-0.6880	0.2861	-0.0415	-0.0631	0.0008	
24.9502	-40.2520	-14.7624	0.8357	-0.9834	-0.4910	0.3478	0.5346	-0.7099	0.2990	-0.0410	-0.0635	0.0021	
25.0299	-40.3507	-14.8101	0.8355	-0.9835	-0.4910	0.3217	0.5138	-0.7320	0.3108	-0.0408	-0.0639	0.0029	
25.1092	-40.4467	-14.8604	0.8352	-0.9833	-0.4910	0.2950	0.4997	-0.7483	0.3222	-0.0400	-0.0640	0.0040	
25.1913	-40.5436	-14.9083	0.8351	-0.9833	-0.4910	0.2678	0.4777	-0.7663	0.3358	-0.0395	-0.0645	0.0047	
25.2702	-40.6429	-14.9572	0.8349	-0.9833	-0.4910	0.2414	0.4594	-0.7803	0.3495	-0.0385	-0.0649	0.0055	
25.3502	-40.7402	-15.0107	0.8347	-0.9832	-0.4912	0.2156	0.4381	-0.7924	0.3660	-0.0375	-0.0654	0.0059	
25.4313	-40.8351	-15.0620	0.8346	-0.9830	-0.4913	0.1895	0.4171	-0.8044	0.3784	-0.0367	-0.0657	0.0063	
25.5204	-40.9310	-15.1125	0.8348	-0.9829	-0.4914	0.1664	0.3938	-0.8144	0.3926	-0.0359	-0.0661	0.0064	
25.6106	-41.0283	-15.1610	0.8352	-0.9829	-0.4914	0.1395	0.3700	-0.8234	0.4071	-0.0350	-0.0666	0.0067	
25.6972	-41.1279	-15.2126	0.8353	-0.9829	-0.4915	0.1155	0.3471	-0.8298	0.4218	-0.0340	-0.0670	0.0067	
25.7798	-41.2292	-15.2565	0.8353	-0.9830	-0.4913	0.0940	0.3258	-0.8350	0.4340	-0.0331	-0.0670	0.0067	
25.8640	-41.3278	-15.3025	0.8353	-0.9830	-0.4911	0.0715	0.2992	-0.8379	0.4511	-0.0320	-0.0675	0.0062	
25.9496	-41.4243	-15.3559	0.8354	-0.9829	-0.4914	0.0491	0.2783	-0.8402	0.4635	-0.0310	-0.0677	0.0061	
26.0334	-41.5282	-15.4113	0.8354	-0.9832	-0.4917	0.0305	0.2512	-0.8417	0.4773	-0.0304	-0.0678	0.0054	
26.1087	-41.6079	-15.4809	0.8350	-0.9823	-0.4927	0.0097	0.2248	-0.8392	0.4955	-0.0315	-0.0673	0.0058	
26.1924	-41.7037	-15.5298	0.8350	-0.9822	-0.4926	0.0094	-0.1945	0.8376	-0.5106	-0.0307	-0.0677	0.0050	
26.2832	-41.7993	-15.5870	0.8354	-0.9820	-0.4930	0.0256	-0.1625	0.8365	-0.5227	-0.0304	-0.0678	0.0040	
26.3689	-41.9006	-15.6402	0.8355	-0.9822	-0.4932	0.0439	-0.1269	0.8345	-0.5343	-0.0303	-0.0682	0.0031	
26.4603	-41.9933	-15.6923	0.8359	-0.9819	-0.4934	0.0615	-0.0953	0.8288	-0.5481	-0.0297	-0.0685	0.0020	
26.5500	-42.0893	-15.7389	0.8362	-0.9818	-0.4932	0.0755	-0.0616	0.8242	-0.5579	-0.0297	-0.0684	0.0010	
26.6332	-42.1872	-15.7881	0.8362	-0.9818	-0.4932	0.0849	-0.0292	0.8180	-0.5686	-0.0297	-0.0681	-0.0004	
26.7218	-42.2824	-15.8390	0.8365	-0.9816	-0.4933	0.0949	0.0075	0.8116	-0.5765	-0.0301	-0.0679	-0.0016	
26.8089	-42.3810	-15.8891	0.8366	-0.9816	-0.4933	0.1040	0.0365	0.8032	-0.5860	-0.0300	-0.0675	-0.0029	
26.8971	-42.4833	-15.9391	0.8369	-0.9818	-0.4934	0.1128	0.0675	0.7940	-0.5939	-0.0301	-0.0672	-0.0040	
26.9846	-42.5804	-15.9963	0.8371	-0.9817	-0.4937	0.1217	0.1038	0.7857	-0.5976	-0.0307	-0.0668	-0.0050	
27.0714	-42.6802	-16.0431	0.8372	-0.9818	-0.4936	0.1297	0.1397	0.7762	-0.6011	-0.0313	-0.0664	-0.0059	
27.1576	-42.7787	-16.0962	0.8374	-0.9818	-0.4938	0.1335	0.1697	0.7672	-0.6046	-0.0318	-0.0656	-0.0069	
27.2461	-42.8827	-16.1457	0.8376	-0.9821	-0.4938	0.1387	0.2017	0.7566	-0.6067	-0.0324	-0.0650	-0.0077	
27.3302	-42.9846	-16.1914	0.8376	-0.9823	-0.4936	0.1464	0.2328	0.7458	-0.6070	-0.0328	-0.0645	-0.0082	
27.4199	-43.0805	-16.2329	0.8379	-0.9822	-0.4932	0.1513	0.2653	0.7351	-0.6056	-0.0335	-0.0639	-0.0088	
27.5090	-43.1806	-16.2804	0.8382	-0.9822	-0.4931	0.1540	0.2995	0.7219	-0.6048	-0.0344	-0.0632	-0.0095	
27.5904	-43.2801	-16.3307	0.8381	-0.9823	-0.4931	0.1566	0.3345	0.7122	-0.5972	-0.0355	-0.0625	-0.0096	
27.6735	-43.3833	-16.3796	0.8380	-0.9825	-0.4931	0.1636	0.3677	0.6990	-0.5912	-0.0361	-0.0621	-0.0098	
27.7523	-43.4827	-16.4264	0.8378	-0.9826	-0.4930	0.1681	0.3983	0.6849	-0.5868	-0.0367	-0.0616	-0.0101	
27.8339	-43.5810	-16.4762	0.8377	-0.9826	-0.4930	0.1730	0.4289	0.6726	-0.5780	-0.0373	-0.0610	-0.0100	
27.9166	-43.6854	-16.5294	0.8377	-0.9829	-0.4932	0.1779	0.4621	0.6588	-0.5664	-0.0382	-0.0606	-0.0098	
27.9954	-43.7831	-16.5779	0.8374	-0.9829	-0.4931	0.1823	0.4906	0.6476	-0.5542	-0.0387	-0.0600	-0.0093	
28.0771	-43.8826	-16.6235	0.8373	-0.9829	-0.4930	0.1867	0.5180	0.6358	-0.5414	-0.0391	-0.0595	-0.0089	
28.1578	-43.9803	-16.6694	0.8372	-0.9829	-0.4928	0.1929	0.5468	0.6229	-0.5254	-0.0395	-0.0592	-0.0082	
28.2371	-44.0834	-16.7255	0.8370	-0.9831	-0.4931	0.1991	0.5763	0.6089	-0.5076	-0.0400	-0.0590	-0.0074	
28.3201	-44.1829	-16.7756	0.8369	-0.9832	-0.4931	0.2098	0.6026	0.5949	-0.4889	-0.0400	-0.0590	-0.0066	
28.4019	-44.2802	-16.8257	0.8368	-0.9831	-0.4932	0.2195	0.6292	0.5802	-0.4685	-0.0401	-0.0591	-0.0057	
28.4879	-44.3792	-16.8747	0.8369	-0.9832	-0.4932	0.2290	0.6557	0.5642	-0.4465	-0.0402	-0.0592	-0.0048	
28.5708	-44.4784	-16.9238	0.8369	-0.9832	-0.4931	0.2412	0.6785	0.5502	-0.4230	-0.0399	-0.0595	-0.0037	
28.6562	-44.5746	-16.9747	0.8369	-0.9831	-0.4932	0.2564	0.7023	0.5322	-0.3972	-0.0396	-0.0601	-0.0027	
28.7434	-44.6739	-17.0268	0.8371	-0.9832	-0.4934	0.2708	0.7216	0.5178	-0.3717	-0.0389	-0.0605	-0.0015	
28.8208	-44.7699	-17.0736	0.8368	-0.9831	-0.4932	0.2801	0.7406	0.5034	-0.3462	-0.0386	-0.0607	-0.0005	
28.9056	-44.8645	-17.1276	0.8368	-0.9829	-0.4935	0.2928	0.7591	0.4848	-0.3210	-0.0382	-0.0611	0.0003	
28.9933	-44.9647	-17.1793	0.8370	-0.9830	-0.4936	0.3044	0.7765	0.4668	-0.2942	-0.0377	-0.0614	0.0011	
29.0760	-45.0629	-17.2329	0.8369	-0.9830	-0.4938	0.3196	0.7895	0.4516	-0.2664	-0.0367	-0.0620	0.0021	
29.1652	-45.1615	-17.2826	0.8372	-0.9830	-0.4938	0.3353	0.8023	0.4325	-0.2387	-0.0358	-0.0626	0.0028	
29.2534	-45.2568	-17.3354	0.8373	-0.9829	-0.4940	0.3522	0.8141	0.4113	-0.2098	-0.0349	-0.0634	0.0033	
29.3387	-45.3550	-17.3846	0.8374	-0.9829	-0.4940	0.3695	0.8248	0.3866	-0.1832	-0.0341	-0.0642	0.0034	
29.4252	-45.4589	-17.4323	0.8375	-0.9831	-0.4939	0.3825	0.8351	0.3625	-0.1578	-0.0335	-0.0647	0.0036	
29.5062	-45.5553	-17.4827	0.8374	-0.9830	-0.4940	0.3972	0.8433	0.3374	-0.1309	-0.0328	-0.0653	0.0037	
29.5884	-45.6494	-17.5344	0.8373	-0.9828	-0.4941	0.4129	0.8495	0.3119	-0.1017	-0.0320	-0.0662	0.0038	
29.6754	-45.7476	-17.5803	0.8374	-0.9828	-0.4939	0.4270	0.8541	0.2872	-0.0744	-0.0312	-0.0667	0.0039	
29.7629	-45.8473	-17.6266	0.8376	-0.9829	-0.4938	0.4416	0.8555	0.2662	-0.0528	-0.0302	-0.0669	0.0037	
29.8482	-45.9512	-17.6730	0.8377	-0.9831	-0.4937	0.4591	0.8558	0.2366	-0.0264	-0.0293	-0.0678	0.0032	
29.9265	-46.0495	-17.7221	0.8374	-0.9831	-0.4937	0.4752	0.8545	0.2105	-0.0066	-0.0285	-0.0681	0.0024	
30.0119	-46.1518	-17.7769	0.8375	-0.9833	-0.4939	0.4880	0.8538	0.1805	0.0153	-0.0282	-0.0685	0.0018	
30.0994	-46.2552	-17.8195	0.8377	-0.9835	-0.4937	0.5021	0.8511	0.1483	0.0363	-0.0278	-0.0689	0.0010	
30.1813	-46.3529	-17.8685	0.8376	-0.9835	-0.4936	0.5131	0.8486	0.1172	0.0540	-0.0277	-0.0689	0.0001	
30.2646	-46.4494	-17.9139	0.8376	-0.9834	-0.4935	0.5260	0.8432	0.0865	0.0711	-0.0274	-0.0691	-0.0009	
30.3488	-46.5473	-17.9650	0.8376	-0.9834	-0.4936	0.5399	0.8352	0.0520	0.0899	-0.0272	-0.0695	-0.0021	
30.4297	-46.6415	-18.0137	0.8375	-0.9832	-0.4935	0.5487	0.8293	0.0162	0.1047	-0.0276	-0.0694	-0.0031	
30.5179	-46.7425	-18.0629	0.8377	-0.9833	-0.4935	0.5576	0.8211	-0.0207	0.1198	-0.0280	-0.0695	-0.0042	
30.5979	-46.8403	-18.1127	0.8376	-0.9833	-0.4936	0.5662	0.8115	-0.0540	0.1341	-0.0281	-0.0694	-0.0053	
30.6823	-46.9375	-18.1604	0.8376	-0.9832	-0.4935	0.5732	0.8021	-0.0852	0.1457	-0.0284	-0.0691	-0.0062	
30.7647	-47.0360	-18.2111	0.8376	-0.9832	-0.4935	0.5812	0.7891	-0.1222	0.1567	-0.0289	-0.0690	-0.0075	
30.8439	-47.1314	-18.2638	0.8374	-0.9831	-0.4937	0.5865	0.7767	-0.1573	0.1677	-0.0295	-0.0688	-0.0085	
30.9320	-47.2290	-18.3157	0.8376	-0.9831	-0.4938	0.5916	0.7618	-0.1944	0.1785	-0.0302	-0.0686	-0.0096	
31.0151	-47.3314	-18.3643	0.8376	-0.9833	-0.4938	0.5955	0.7455	-0.2329	0.1877	-0.0310	-0.0685	-0.0107	
31.0971	-47.4285	-18.4147	0.8375	-0.9832	-0.4938	0.5946	0.7325	-0.2675	0.1965	-0.0318	-0.0680	-0.0112	
31.1775	-47.5233	-18.4648	0.8374	-0.9831	-0.4938	0.5957	0.7165	-0.3009	0.2036	-0.0325	-0.0675	-0.0120	
31.2619	-47.6231	-18.5149	0.8374	-0.9832	-0.4938	0.5942	0.7025	-0.3311	0.2102	-0.0331	-0.0669	-0.0124	
31.3418	-47.7231	-18.5649	0.8372	-0.9832	-0.4938	0.5931	0.6845	-0.3654	0.2153	-0.0340	-0.0664	-0.0132	
31.4258	-47.8156	-18.6159	0.8373	-0.9830	-0.4939	0.5904	0.6701	-0.3935	0.2197	-0.0346	-0.0656	-0.0135	
31.5102	-47.9129	-18.6638	0.8373	-0.9830	-0.4938	0.5837	0.6539	-0.4257	0.2254	-0.0354	-0.0651	-0.0136	
31.5909	-48.0134	-18.7118	0.8372	-0.9831	-0.4938	0.5767	0.6369	-0.4576	0.2295	-0.0363	-0.0645	-0.0137	
31.6725	-48.1104	-18.7584	0.8371	-0.9830	-0.4937	0.5679	0.6222	-0.4865	0.2328	-0.0370	-0.0638	-0.0135	
31.7549	-48.2100	-18.8076	0.8370	-0.9831	-0.4936	0.5551	0.6053	-0.5192	0.2370	-0.0379	-0.0634	-0.0132	
31.8370	-48.3046	-18.8602	0.8370	-0.9829	-0.4938	0.5421	0.5891	-0.5484	0.2422	-0.0386	-0.0630	-0.0128	
31.9172	-48.4041	-18.9086	0.8368	-0.9830	-0.4937	0.5284	0.5687	-0.5782	0.2508	-0.0391	-0.0629	-0.0124	
31.9973	-48.5027	-18.9552	0.8367	-0.9830	-0.4936	0.5131	0.5490	-0.6078	0.2569	-0.0397	-0.0627	-0.0120	
32.0704	-48.6035	-19.0048	0.8362	-0.9831	-0.4936	0.4957	0.5284	-0.6364	0.2646	-0.0402	-0.0626	-0.0115	
32.1521	-48.7008	-19.0545	0.8361	-0.9830	-0.4936	0.4748	0.5129	-0.6620	0.2715	-0.0404	-0.0625	-0.0104	
32.2340	-48.7992	-19.1026	0.8361	-0.9831	-0.4936	0.4546	0.4955	-0.6872	0.2756	-0.0408	-0.0623	-0.0095	
32.3147	-48.8988	-19.1517	0.8359	-0.9831	-0.4936	0.4328	0.4736	-0.7118	0.2860	-0.0409	-0.0625	-0.0088	
32.3981	-48.9940	-19.2044	0.8359	-0.9830	-0.4937	0.4119	0.4562	-0.7314	0.2962	-0.0406	-0.0626	-0.0079	
32.4793	-49.0916	-19.2494	0.8358	-0.9829	-0.4935	0.3900	0.4403	-0.7509	0.3014	-0.0405	-0.0624	-0.0069	
32.5612	-49.1914	-19.2962	0.8357	-0.9830	-0.4934	0.3658	0.4248	-0.7682	0.3101	-0.0400	-0.0624	-0.0058	
32.6440	-49.2893	-19.3496	0.8357	-0.9830	-0.4936	0.3404	0.4027	-0.7874	0.3193	-0.0398	-0.0628	-0.0050	
32.7255	-49.3888	-19.3984	0.8356	-0.9830	-0.4936	0.3145	0.3824	-0.8036	0.3307	-0.0393	-0.0632	-0.0042	
32.8054	-49.4888	-19.4444	0.8355	-0.9831	-0.4934	0.2868	0.3605	-0.8194	0.3412	-0.0388	-0.0636	-0.0034	
32.8858	-49.5858	-19.4947	0.8353	-0.9830	-0.4935	0.2567	0.3382	-0.8346	0.3510	-0.0384	-0.0642	-0.0024	
32.9692	-49.6841	-19.5440	0.8353	-0.9830	-0.4935	0.2313	0.3225	-0.8436	0.3627	-0.0373	-0.0644	-0.0017	
33.0496	-49.7861	-19.5939	0.8352	-0.9832	-0.4935	0.2036	0.3008	-0.8540	0.3727	-0.0367	-0.0648	-0.0011	
33.1327	-49.8876	-19.6439	0.8352	-0.9833	-0.4935	0.1765	0.2792	-0.8600	0.3893	-0.0354	-0.0654	-0.0008	
33.2134	-49.9865	-19.6946	0.8351	-0.9833	-0.4936	0.1505	0.2559	-0.8652	0.4043	-0.0344	-0.0660	-0.0007	
33.2997	-50.0833	-19.7425	0.8352	-0.9832	-0.4935	0.1260	0.2303	-0.8686	0.4205	-0.0333	-0.0665	-0.0009	
33.3862	-50.1788	-19.7956	0.8353	-0.9831	-0.4937	0.0987	0.2050	-0.8714	0.4347	-0.0324	-0.0671	-0.0009	
33.4738	-50.2770	-19.8478	0.8354	-0.9831	-0.4938	0.0739	0.1788	-0.8727	0.4485	-0.0316	-0.0675	-0.0011	
33.5590	-50.3771	-19.9023	0.8355	-0.9832	-0.4940	0.0461	0.1555	-0.8713	0.4635	-0.0304	-0.0681	-0.0012	
33.6468	-50.4760	-19.9564	0.8357	-0.9832	-0.4942	0.0241	0.1266	-0.8695	0.4768	-0.0299	-0.0684	-0.0018	
33.7278	-50.5641	-20.0183	0.8356	-0.9828	-0.4947	0.0044	0.0980	-0.8659	0.4907	-0.0305	-0.0682	-0.0013	
33.8099	-50.6616	-20.0758	0.8355	-0.9828	-0.4950	0.0146	-0.0711	0.8605	-0.5046	-0.0298	-0.0683	-0.0022	
33.8988	-50.7609	-20.1250	0.8357	-0.9828	-0.4950	0.0351	-0.0441	0.8549	-0.5159	-0.0291	-0.0684	-0.0028	
33.9867	-50.8579	-20.1774	0.8359	-0.9827	-0.4951	0.0569	-0.0138	0.8479	-0.5269	-0.0287	-0.0687	-0.0035	
34.0756	-50.9516	-20.2248	0.8361	-0.9826	-0.4950	0.0730	0.0183	0.8406	-0.5365	-0.0286	-0.0686	-0.0045	
34.1616	-51.0453	-20.2773	0.8362	-0.9824	-0.4951	0.0900	0.0490	0.8307	-0.5474	-0.0283	-0.0686	-0.0056	
34.2479	-51.1404	-20.3274	0.8363	-0.9823	-0.4951	0.1031	0.0843	0.8196	-0.5573	-0.0285	-0.0685	-0.0070	
34.3346	-51.2432	-20.3723	0.8364	-0.9824	-0.4950	0.1138	0.1143	0.8076	-0.5677	-0.0285	-0.0681	-0.0083	
34.4225	-51.3420	-20.4214	0.8366	-0.9825	-0.4949	0.1260	0.1496	0.7951	-0.5741	-0.0289	-0.0678	-0.0094	
34.5115	-51.4410	-20.4748	0.8368	-0.9825	-0.4951	0.1368	0.1848	0.7805	-0.5814	-0.0294	-0.0675	-0.0107	
34.5959	-51.5408	-20.5267	0.8368	-0.9825	-0.4952	0.1411	0.2134	0.7678	-0.5881	-0.0298	-0.0666	-0.0119	
34.6806	-51.6415	-20.5760	0.8369	-0.9826	-0.4952	0.1518	0.2457	0.7527	-0.5918	-0.0302	-0.0662	-0.0128	
34.7611	-51.7401	-20.6216	0.8368	-0.9826	-0.4950	0.1583	0.2789	0.7374	-0.5947	-0.0309	-0.0656	-0.0138	
34.8448	-51.8389	-20.6705	0.8368	-0.9827	-0.4950	0.1664	0.3157	0.7204	-0.5947	-0.0318	-0.0652	-0.0147	
34.9279	-51.9394	-20.7203	0.8368	-0.9827	-0.4950	0.1675	0.3455	0.7044	-0.5976	-0.0326	-0.0642	-0.0157	
35.0108	-52.0380	-20.7709	0.8367	-0.9827	-0.4950	0.1726	0.3751	0.6903	-0.5946	-0.0333	-0.0634	-0.0160	
35.0963	-52.1352	-20.8209	0.8368	-0.9827	-0.4950	0.1796	0.4079	0.6711	-0.5924	-0.0341	-0.0629	-0.0166	
35.1794	-52.2362	-20.8699	0.8368	-0.9828	-0.4950	0.1848	0.4374	0.6552	-0.5879	-0.0348	-0.0622	-0.0168	
35.2622	-52.3346	-20.9182	0.8368	-0.9828	-0.4950	0.1847	0.4689	0.6375	-0.5832	-0.0359	-0.0613	-0.0173	
35.3440	-52.4335	-20.9672	0.8367	-0.9828	-0.4949	0.1896	0.5015	0.6208	-0.5720	-0.0369	-0.0608	-0.0170	
35.4251	-52.5309	-21.0153	0.8366	-0.9828	-0.4949	0.1947	0.5309	0.6022	-0.5637	-0.0376	-0.0603	-0.0170	
35.5052	-52.6325	-21.0683	0.8365	-0.9829	-0.4950	0.2004	0.5615	0.5821	-0.5529	-0.0384	-0.0600	-0.0169	
35.5864	-52.7300	-21.1142	0.8364	-0.9829	-0.4949	0.2062	0.5897	0.5657	-0.5385	-0.0390	-0.0596	-0.0163	
35.6636	-52.8285	-21.1601	0.8361	-0.9829	-0.4947	0.2091	0.6170	0.5488	-0.5242	-0.0397	-0.0591	-0.0158	
35.7424	-52.9252	-21.2062	0.8360	-0.9828	-0.4946	0.2116	0.6425	0.5329	-0.5089	-0.0402	-0.0585	-0.0151	
35.8270	-53.0295	-21.2578	0.8360	-0.9831	-0.4947	0.2183	0.6673	0.5172	-0.4898	-0.0405	-0.0583	-0.0141	
35.9079	-53.1302	-21.3056	0.8359	-0.9831	-0.4946	0.2216	0.6911	0.5000	-0.4729	-0.0409	-0.0579	-0.0134	
35.9904	-53.2302	-21.3546	0.8359	-0.9832	-0.4946	0.2261	0.7106	0.4854	-0.4573	-0.0409	-0.0575	-0.0126	
36.0697	-53.3287	-21.4028	0.8357	-0.9832	-0.4946	0.2322	0.7308	0.4697	-0.4382	-0.0409	-0.0573	-0.0117	
36.1549	-53.4267	-21.4499	0.8358	-0.9832	-0.4945	0.2454	0.7526	0.4501	-0.4132	-0.0406	-0.0579	-0.0107	
36.2398	-53.5238	-21.5031	0.8358	-0.9832	-0.4946	0.2565	0.7756	0.4243	-0.3902	-0.0408	-0.0584	-0.0102	
36.3210	-53.6243	-21.5528	0.8357	-0.9832	-0.4946	0.2659	0.7936	0.4072	-0.3660	-0.0405	-0.0586	-0.0092	
36.4066	-53.7213	-21.6042	0.8358	-0.9832	-0.4947	0.2789	0.8124	0.3836	-0.3389	-0.0402	-0.0593	-0.0084	
36.4930	-53.8160	-21.6565	0.8359	-0.9831	-0.4948	0.2922	0.8274	0.3636	-0.3131	-0.0396	-0.0599	-0.0077	
36.5792	-53.9168	-21.7039	0.8359	-0.9831	-0.4947	0.3092	0.8399	0.3456	-0.2824	-0.0386	-0.0608	-0.0066	
36.6613	-54.0183	-21.7565	0.8359	-0.9833	-0.4948	0.3195	0.8532	0.3267	-0.2520	-0.0380	-0.0614	-0.0055	
36.7428	-54.1189	-21.8077	0.8358	-0.9833	-0.4949	0.3312	0.8632	0.3080	-0.2251	-0.0373	-0.0619	-0.0048	
36.8263	-54.2142	-21.8592	0.8358	-0.9832	-0.4950	0.3422	0.8712	0.2908	-0.1994	-0.0364	-0.0622	-0.0041	
36.9117	-54.3130	-21.9112	0.8359	-0.9832	-0.4951	0.3555	0.8801	0.2638	-0.1704	-0.0360	-0.0630	-0.0039	
36.9973	-54.4116	-21.9625	0.8359	-0.9832	-0.4951	0.3703	0.8856	0.2410	-0.1434	-0.0351	-0.0636	-0.0037	
37.0812	-54.5103	-22.0083	0.8359	-0.9833	-0.4950	0.3855	0.8892	0.2156	-0.1198	-0.0343	-0.0641	-0.0039	
37.1661	-54.6084	-22.0569	0.8360	-0.9833	-0.4950	0.4027	0.8905	0.1902	-0.0938	-0.0334	-0.0648	-0.0042	
37.2506	-54.7082	-22.1068	0.8360	-0.9833	-0.4950	0.4158	0.8919	0.1650	-0.0664	-0.0326	-0.0654	-0.0041	
37.3387	-54.8063	-22.1563	0.8362	-0.9833	-0.4950	0.4311	0.8907	0.1378	-0.0438	-0.0320	-0.0658	-0.0047	
37.4261	-54.9066	-22.2069	0.8363	-0.9834	-0.4951	0.4466	0.8878	0.1092	-0.0163	-0.0312	-0.0666	-0.0051	
37.5111	-55.0034	-22.2564	0.8363	-0.9833	-0.4951	0.4614	0.8832	0.0861	0.0064	-0.0303	-0.0669	-0.0055	
37.5935	-55.1002	-22.3069	0.8363	-0.9833	-0.4951	0.4710	0.8799	0.0569	0.0266	-0.0302	-0.0669	-0.0061	
37.6727	-55.1933	-22.3569	0.8362	-0.9831	-0.4951	0.4827	0.8742	0.0254	0.0458	-0.0301	-0.0670	-0.0070	
37.7590	-55.2905	-22.4042	0.8362	-0.9830	-0.4951	0.4976	0.8648	-0.0079	0.0658	-0.0298	-0.0674	-0.0081	
37.8394	-55.3832	-22.4548	0.8361	-0.9829	-0.4951	0.5090	0.8553	-0.0384	0.0883	-0.0296	-0.0677	-0.0088	
37.9190	-55.4782	-22.5049	0.8360	-0.9827	-0.4951	0.5193	0.8448	-0.0721	0.1061	-0.0297	-0.0678	-0.0099	
37.9988	-55.5803	-22.5528	0.8359	-0.9829	-0.4951	0.5327	0.8307	-0.1059	0.1222	-0.0297	-0.0679	-0.0113	
38.0817	-55.6776	-22.5992	0.8359	-0.9828	-0.4950	0.5420	0.8183	-0.1395	0.1323	-0.0301	-0.0674	-0.0125	
38.1673	-55.7770	-22.6480	0.8359	-0.9829	-0.4949	0.5527	0.8031	-0.1703	0.1444	-0.0303	-0.0671	-0.0138	
38.2531	-55.8751	-22.6968	0.8360	-0.9829	-0.4949	0.5609	0.7873	-0.2010	0.1588	-0.0304	-0.0670	-0.0147	
38.3372	-55.9776	-22.7453	0.8360	-0.9830	-0.4949	0.5708	0.7674	-0.2351	0.1727	-0.0307	-0.0669	-0.0160	
38.4225	-56.0751	-22.7957	0.8361	-0.9830	-0.4949	0.5794	0.7501	-0.2633	0.1811	-0.0309	-0.0663	-0.0172	
38.5051	-56.1731	-22.8488	0.8361	-0.9830	-0.4950	0.5869	0.7296	-0.2969	0.1878	-0.0317	-0.0658	-0.0185	
38.5866	-56.2725	-22.8959	0.8360	-0.9830	-0.4950	0.5905	0.7086	-0.3338	0.1943	-0.0328	-0.0654	-0.0196	
38.6708	-56.3698	-22.9462	0.8360	-0.9830	-0.4950	0.5916	0.6914	-0.3650	0.1981	-0.0337	-0.0645	-0.0202	
38.7591	-56.4669	-22.9963	0.8362	-0.9830	-0.4950	0.5933	0.6717	-0.3949	0.2031	-0.0344	-0.0638	-0.0209	
38.8456	-56.5627	-23.0471	0.8363	-0.9829	-0.4950	0.5922	0.6501	-0.4270	0.2108	-0.0352	-0.0634	-0.0214	
38.9313	-56.6614	-23.0986	0.8364	-0.9829	-0.4951	0.5882	0.6280	-0.4596	0.2196	-0.0361	-0.0631	-0.0217	
39.0117	-56.7565	-23.1490	0.8363	-0.9828	-0.4951	0.5823	0.6071	-0.4915	0.2256	-0.0370	-0.0626	-0.0218	
39.0925	-56.8536	-23.2029	0.8362	-0.9828	-0.4953	0.5763	0.5828	-0.5250	0.2294	-0.0382	-0.0621	-0.0221	
39.1769	-56.9470	-23.2560	0.8362	-0.9826	-0.4954	0.5675	0.5627	-0.5553	0.2309	-0.0393	-0.0614	-0.0220	
39.2593	-57.0400	-23.3093	0.8362	-0.9824	-0.4955	0.5586	0.5430	-0.5826	0.2329	-0.0401	-0.0607	-0.0218	
39.3430	-57.1384	-23.3591	0.8362	-0.9825	-0.4955	0.5485	0.5202	-0.6096	0.2387	-0.0407	-0.0603	-0.0216	
39.4283	-57.2380	-23.4106	0.8362	-0.9825	-0.4956	0.5333	0.4971	-0.6396	0.2436	-0.0417	-0.0601	-0.0210	
39.5128	-57.3377	-23.4624	0.8362	-0.9825	-0.4956	0.5191	0.4757	-0.6663	0.2463	-0.0424	-0.0597	-0.0205	
39.5990	-57.4344	-23.5114	0.8363	-0.9825	-0.4956	0.5041	0.4516	-0.6915	0.2526	-0.0429	-0.0596	-0.0200	
39.6784	-57.5313	-23.5590	0.8362	-0.9825	-0.4955	0.4868	0.4235	-0.7185	0.2592	-0.0436	-0.0596	-0.0196	
39.7650	-57.6279	-23.6028	0.8363	-0.9824	-0.4954	0.4652	0.4019	-0.7422	0.2672	-0.0438	-0.0598	-0.0185	
39.8503	-57.7216	-23.6510	0.8363	-0.9823	-0.4953	0.4443	0.3787	-0.7652	0.2719	-0.0442	-0.0598	-0.0176	
39.9280	-57.8204	-23.6993	0.8361	-0.9823	-0.4953	0.4234	0.3592	-0.7846	0.2768	-0.0442	-0.0597	-0.0166	
40.0060	-57.9194	-23.7467	0.8359	-0.9823	-0.4952	0.3969	0.3332	-0.8061	0.2857	-0.0444	-0.0603	-0.0156	
40.0887	-58.0208	-23.7961	0.8359	-0.9824	-0.4952	0.3690	0.3123	-0.8235	0.2975	-0.0439	-0.0609	-0.0143	
40.1702	-58.1199	-23.8444	0.8358	-0.9824	-0.4952	0.3450	0.2933	-0.8385	0.3041	-0.0435	-0.0610	-0.0133	
40.2519	-58.2171	-23.8913	0.8358	-0.9824	-0.4951	0.3192	0.2708	-0.8537	0.3103	-0.0433	-0.0613	-0.0124	
40.3339	-58.3137	-23.9432	0.8357	-0.9823	-0.4952	0.2947	0.2476	-0.8658	0.3203	-0.0428	-0.0617	-0.0118	
40.4150	-58.4099	-23.9943	0.8356	-0.9823	-0.4952	0.2668	0.2231	-0.8782	0.3286	-0.0425	-0.0622	-0.0110	
40.4979	-58.5057	-24.0489	0.8356	-0.9822	-0.4954	0.2364	0.1966	-0.8886	0.3403	-0.0420	-0.0630	-0.0103	
40.5842	-58.6045	-24.1019	0.8357	-0.9822	-0.4955	0.2100	0.1727	-0.8966	0.3500	-0.0414	-0.0635	-0.0098	
40.6696	-58.7022	-24.1539	0.8357	-0.9822	-0.4956	0.1827	0.1517	-0.9021	0.3609	-0.0404	-0.0639	-0.0092	
40.7550	-58.8000	-24.2045	0.8358	-0.9822	-0.4956	0.1506	0.1308	-0.9058	0.3745	-0.0392	-0.0648	-0.0086	
40.8385	-58.9002	-24.2543	0.8358	-0.9822	-0.4956	0.1261	0.1056	-0.9069	0.3883	-0.0383	-0.0652	-0.0087	
40.9195	-58.9982	-24.3027	0.8357	-0.9822	-0.4956	0.0968	0.0846	-0.9077	0.3999	-0.0372	-0.0658	-0.0083	
41.0016	-59.0954	-24.3485	0.8357	-0.9822	-0.4955	0.0725	0.0627	-0.9072	0.4103	-0.0363	-0.0660	-0.0083	
41.0854	-59.1915	-24.3982	0.8357	-0.9821	-0.4955	0.0456	0.0321	-0.9043	0.4230	-0.0357	-0.0666	-0.0086	
41.1706	-59.2874	-24.4495	0.8357	-0.9820	-0.4955	0.0196	0.0106	-0.9017	0.4324	-0.0348	-0.0669	-0.0085	
41.2531	-59.3768	-24.5093	0.8357	-0.9818	-0.4958	0.0032	0.0164	0.8962	-0.4435	-0.0357	-0.0666	-0.0085	
41.3331	-59.4593	-24.5694	0.8356	-0.9813	-0.4962	0.0260	0.0430	0.8878	-0.4577	-0.0368	-0.0661	-0.0085	
41.4142	-59.5468	-24.6291	0.8355	-0.9810	-0.4965	0.0484	0.0697	0.8791	-0.4693	-0.0378	-0.0656	-0.0088	
41.4930	-59.6327	-24.6852	0.8354	-0.9806	-0.4966	0.0688	0.0962	0.8689	-0.4811	-0.0389	-0.0651	-0.0093	
41.5781	-59.7207	-24.7403	0.8354	-0.9803	-0.4968	0.0856	0.1223	0.8589	-0.4905	-0.0399	-0.0649	-0.0097	
41.6683	-59.8112	-24.7973	0.8356	-0.9801	-0.4970	0.1000	0.1557	0.8469	-0.4986	-0.0407	-0.0646	-0.0098	
41.7554	-59.8995	-24.8568	0.8357	-0.9798	-0.4973	0.1144	0.1885	0.8328	-0.5079	-0.0417	-0.0642	-0.0102	
41.8415	-59.9911	-24.9093	0.8358	-0.9796	-0.4974	0.1280	0.2227	0.8184	-0.5140	-0.0424	-0.0638	-0.0105	
41.9318	-60.0866	-24.9646	0.8360	-0.9796	-0.4976	0.1390	0.2529	0.8044	-0.5197	-0.0433	-0.0635	-0.0110	
42.0161	-60.1807	-25.0149	0.8360	-0.9794	-0.4976	0.1498	0.2845	0.7878	-0.5256	-0.0442	-0.0630	-0.0115	
